535

1  36.49  7.49
2  57.06  9.51
3  30.22  48.14
4  5.15 -3.56
5  34.59 -106.37
6  57.12 -2.12
7  16.45 -99.45
8  5.36 -0.10
9  28.56 -13.36
10  8.59  38.48
11  12.50  45.02
12 -34.48  138.38
13  30.23 -9.33
14  56.18  12.51
15  36.40 -4.30
16  40.38  8.17
17  35.11 -3.50
18  41.55  8.48
19 -37.01  174.47
20  38.17 -0.34
21  36.42  3.13
22  36.11  37.14
23  35.14 -101.42
24  31.58  35.59
25  52.18  4.46
26  61.10 -149.59
27  39.57  32.41
28  51.11  4.28
29  17.08 -61.47
30  43.37  13.22
31  29.38  35.01
32  59.39  17.55
33  15.18  38.55
34 -25.14 -57.31
35  23.58  32.47
36  37.54  23.44
37  33.46 -84.31
38  12.30 -70.01
39  24.26  54.28
40  36.55  30.48
41  26.16  50.38
42  40.29  50.01
43  39.11 -76.40
44  10.48 -74.52
45 -16.11 -52.30
46  10.25  45.01
47  41.18  2.05
48  32.22 -64.42
49  41.56 -72.41
50  40.39  17.57
51  44.49  20.19
52  9.21  34.31
53  32.06  20.16
54  52.29  13.24
55  48.27 -4.25
56 -19.48  3.45
57  33.49  35.29
58  54.39 -6.14
59  35.48 -101.22
60  4.24  18.31
61  13.04 -59.30
62  60.17  5.13
63  44.48 -68.50
64  33.14  44.14
65  45.40  9.24
66  33.34 -86.45
67  52.27 -1.45
68  42.33  9.29
69  45.48 -108.37
70  43.28 -1.32
71  13.21 -16.40
72 -3.19  29.19
73  13.55  100.36
74  12.38 -8.02
75  55.44  9.09
76  44.32  11.18
77  12.57  77.40
78 -15.41  34.58
79  27.13  56.22
80 -27.25  153.05
81  44.50 -0.43
82  4.42 -74.09
83  50.47 -1.51
84  19.05  72.52
85  67.16  14.22
86  42.22 -71.00
87  53.03  8.48
88  41.08  16.47
89  46.55  7.30
90  51.31 -2.35
91  50.54  4.29
92 -15.52 -47.55
93  47.35  7.32
94  48.10  16.13
95  47.27  19.15
96 -34.49 -58.32
97  42.55 -78.38
98  44.30  26.06
99  49.27  2.07
100 -4.15  15.15
101  39.15  9.04
102  30.08  31.24
103  23.11  113.16
104  33.33 -7.40
105 -11.54  22.45
106  4.49 -52.22
107  52.13  0.11
108 -35.19  149.12
109  10.36 -66.59
110  22.39  88.27
111  52.50 -1.19
112  49.01  2.33
113  43.33  6.57
114  45.40 -0.19
115  39.37  19.55
116  50.52  7.09
117  41.59 -87.54
118  41.48  12.36
119  9.34 -13.37
120  41.25 -81.51
121  3.26 -76.25
122  42.31  8.48
123 -28.02  145.37
124  7.11  79.53
125  40.04 -83.04
126  33.22 -7.35
127  48.07  7.22
128  44.22  28.29
129  45.40 -0.19
130  6.21  2.23
131  55.37  12.39
132 -33.58  18.36
133  37.28  15.04
134  10.27 -75.31
135 -26.25  146.14
136  39.00  17.05
137  12.12 -68.57
138  39.09 -84.20
139  39.03 -84.20
140  51.24 -3.12
141  29.11 -81.03
142  23.46  90.23
143  14.45  42.59
144  32.50 -96.51
145  33.25  36.31
146 -6.53  39.12
147  42.34  18.16
148 -29.58  30.57
149  38.51 -77.02
150  28.34  77.07
151  39.46 -104.53
152  32.46 -96.24
153  26.16  50.10
154  47.16  5.05
155  33.52  10.47
156  14.45 -17.30
157  4.01  9.43
158  19.08  30.26
159  25.16  51.34
160  49.22  0.10
161 -8.45  115.10
162  51.08  13.46
163 -12.25  130.52
164  42.14 -83.32
165  42.13 -83.21
166  53.26 -6.15
167  51.17  6.45
168  25.15  55.20
169  0.03  32.26
170  45.32  4.18
171  55.57 -3.22
172  51.27  5.23
173  31.48 -106.16
174  52.50 -1.19
175  48.19  6.04
176  40.07  33.00
177  40.09  82.40
178  40.42 -74.10
179  50.44 -3.25
180 -34.49 -58.32
181  64.49 -147.51
182  37.01 -7.58
183 -11.35  27.31
184  59.54  10.37
185  41.49  12.15
186  14.35 -61.00
187  33.56  45.80
188 -4.23  15.26
189  43.49  11.12
190  8.37 -13.12
191  41.26  15.32
192  50.02  8.34
193  44.12  12.04
194 -21.13  27.29
195  28.27 -13.52
196  53.29 -1.00
197 -19.27  29.52
198  54.23  18.28
199  60.12  11.05
200  24.57  10.10
201 -22.50 -43.15
202  55.52 -4.26
203  45.22  5.20
204  7.09  41.43
205  44.25  8.50
206  57.40  18.18
207  41.54  2.46
208  37.11 -3.47
209  47.00  15.26
210  51.09 -0.11
211  14.34 -90.32
212  46.14  6.07
213 -2.09 -79.53
214  52.28  9.42
215  53.38  10.00
216  60.19  24.58
217  35.20  25.11
218  30.20  120.51
219  22.19  114.12
220  31.40  6.09
221  35.33  139.46
222  21.20 -157.55
223  29.59 -95.28
224  38.57 -77.27
225  43.06 -78.57
226  38.52  1.22
227  47.34 -97.27
228  50.21  30.55
229 -25.44 -54.28
230  39.44 -86.17
231  40.59  28.49
232  38.17  27.10
233  21.30  39.12
234  49.13 -2.12
235  40.38 -73.46
236  11.33  43.10
237 -6.09  106.51
238 -26.08  28.15
239 -3.22  36.38
240  45.28 -73.44
241  12.03  8.31
242  34.34  69.12
243  63.59 -22.37
244 -1.58  30.08
245  22.34  120.17
246  24.54  67.09
247 -6.18  155.43
248  17.56 -76.48
249  50.05  19.47
250  15.36  32.33
251  27.42  85.22
252  3.08  101.33
253  29.13  47.58
254 -8.51  13.14
255  10.36 -66.59
256  36.04 -115.09
257  33.56 -118.24
258  53.52 -1.39
259  48.58  2.27
260  0.27  9.25
261  34.52  33.38
262  43.11  0.00
263  59.49  30.17
264  36.51 -2.22
265  51.24  12.25
266  51.25  12.14
267  6.10  1.15
268  40.46 -73.52
269  33.57 -118.24
270  50.38  5.27
271  51.09 -0.11
272  51.28 -0.27
273  50.34  3.05
274 -12.01 -77.07
275  45.27  9.16
276  38.46 -9.08
277  46.13  14.28
278  35.30  12.37
279  48.14  14.11
280  51.28 -0.27
281  6.35  3.20
282  27.56 -15.23
283 -16.30 -68.11
284  53.21 -2.53
285  6.10  1.15
286  51.53 -0.22
287 -25.55  32.34
288 -15.20  28.27
289  4.27  114.00
290  49.37  6.12
291 -17.49  25.49
292  25.41  32.43
293  45.44  4.56
294  13.00  80.11
295  40.29 -3.34
296  31.52 -4.13
297  53.21 -2.16
298 -3.04 -60.00
299  10.34 -71.44
300 -4.02  39.36
301  46.22  15.47
302  39.18 -94.44
303  28.32 -81.20
304  23.36  58.17
305  44.25  8.50
306 -37.44  144.54
307  24.31  39.42
308 -37.41  144.51
309  19.26 -99.04
310  12.07 -86.11
311  2.01  45.19
312  25.48 -80.17
313  20.56 -89.41
314  45.27  9.16
315  35.45  10.45
316  39.07 -94.36
317  35.52  14.29
318  4.11  73.32
319  47.45  7.26
320  55.33  13.22
321  54.31 -1.25
322  14.31  121.01
323  55.58  37.25
324  43.35  3.58
325 -25.55  32.34
326 -8.58  125.13
327  43.26  5.13
328 -20.26  57.41
329  51.21  1.21
330  44.53 -93.13
331  53.52  27.33
332  50.55  5.47
333  29.59 -90.16
334 -26.31  31.19
335  48.08  11.42
336 -34.50 -56.02
337  45.38  8.43
338  49.05  6.08
339 -17.45  177.27
340  40.53  14.18
341  25.02 -77.28
342 -1.19  36.56
343  43.40  7.13
344  55.02 -1.41
345  45.56  6.06
346  12.08  15.02
347  32.56  129.56
348  35.09  36.17
349  13.29  2.10
350  18.06 -15.57
351 -13.00  28.39
352  58.35  16.15
353  35.45  140.23
354  47.09 -1.36
355  49.30  11.05
356  52.41  1.17
357  40.38 -73.46
358  55.28  10.20
359  46.26  30.41
360  26.21  127.46
361  35.26 -97.46
362  40.54  9.31
363  41.07 -95.55
364  41.14 -8.41
365  41.59 -87.54
366  51.50 -8.29
367  28.26 -81.19
368  35.38 -0.37
369  48.43  2.23
370  34.47  135.27
371  60.12  11.05
372  51.12  2.52
373  44.34  26.06
374  12.21 -1.31
375  43.26 -5.50
376  18.34 -72.17
377  48.43  2.23
378  40.05  116.36
379 -31.56  115.58
380  4.52  7.02
381  37.08 -76.30
382  39.52 -75.15
383  33.26 -112.01
384  55.52 -4.26
385  46.35  0.18
386  40.30 -80.14
387 -5.15  39.49
388  39.33  2.44
389  38.10  13.06
390  11.33  104.51
391  36.49  11.58
392 -9.27  147.13
393  10.36 -61.21
394  9.05 -79.23
395  50.06  14.16
396  43.41  10.24
397  42.26  14.11
398  16.16 -61.32
399  9.03 -79.24
400  43.23 -0.25
401  45.39  12.12
402  31.37 -8.03
403  34.03 -6.45
404 -8.08 -34.55
405  38.04  15.39
406  64.08 -21.57
407  16.54  96.09
408  49.19  4.03
409  36.23  28.07
410 -29.43 -53.42
411 -22.50 -43.15
412  45.13  14.35
413  44.01  12.37
414  48.04 -1.44
415  6.14 -10.22
416  41.49  12.15
417  14.10  145.15
418 -32.55 -60.47
419  51.57  4.26
420  24.42  46.44
421  33.37  73.06
422  6.30 -58.15
423  15.29  44.13
424  13.42 -89.07
425  32.44 -117.11
426 -23.00 -47.08
427  29.32 -98.28
428 -17.56  31.06
429  48.31 -24.80
430 -33.23 -70.47
431  42.54 -8.25
432  33.14  44.14
433  18.26 -69.40
434  47.27 -122.18
435  27.00  14.27
436  37.33  126.48
437  51.34  0.42
438 -4.40  55.31
439  37.37 -122.23
440  31.12  121.20
441  25.21  55.24
442  16.45 -22.57
443  1.21  103.54
444  37.22 -121.56
445  43.49  18.20
446  9.58 -84.16
447  9.59 -84.12
448  18.26 -66.01
449  40.31  22.58
450  41.58  21.38
451  40.53 -111.57
452  36.58 -25.10
453  52.42 -8.55
454  42.42  23.24
455  43.32  16.18
456 -12.54 -38.20
457  38.45 -90.22
458  51.33  0.14
459  59.39  17.55
460  48.41  9.13
461  38.54  16.15
462  58.53  5.38
463  55.58  37.25
464  37.26 -5.54
465  48.32  7.38
466  52.22  13.30
467 -33.56  151.10
468  29.33  52.36
469  47.48  13.00
470  40.31  17.24
471  41.19  69.24
472  28.29 -16.20
473  38.31 -28.43
474  43.11  0.00
475  28.29 -16.20
476  14.02 -87.14
477  52.29  13.24
478  35.41  51.19
479  41.20  19.47
480  32.40  13.09
481  43.37  1.23
482  32.01  34.53
483  22.49  5.27
484  0.23  6.43
485  35.43 -5.55
486 -18.48  47.29
487  33.56  8.06
488 -24.42 -53.42
489  25.04  121.33
490  37.55  12.29
491  51.23 -2.43
492  45.12  7.39
493  45.50  13.28
494  45.39  12.12
495  47.26  0.43
496  36.18 -95.52
497  36.51  10.14
498  52.34  13.18
499  35.33  139.46
500  35.54 -83.53
501  40.62  13.11
502 -0.08 -78.29
503  12.41  101.01
504  13.45 -60.57
505  44.55  4.58
506  43.14  27.49
507  45.30  12.21
508 -23.00 -47.08
509  48.07  16.33
510  39.29 -0.29
511  41.42 -4.51
512  45.24  10.53
513  38.57 -77.27
514  52.10  20.58
515  36.45 -6.04
516  53.19 -113.35
517  44.53 -63.31
518  45.41 -74.02
519  45.19 -75.40
520  46.48 -71.24
521  42.16 -82.58
522  48.57 -54.34
523  45.28 -73.44
524  49.11 -123.10
525  49.55 -97.14
526  51.07 -114.01
527  47.37 -52.45
528  43.41 -79.38
529  44.06  15.21
530  45.45  16.04
531  41.40 -1.03
532 -6.13  39.13
533  47.28  8.33
534  51.33  0.14
535  24.58  91.53

1   10  497  487  101  315   16  391  155   21  362  490
2   10   75  358  184   14  131  371  199  215  320   87
3   10  253  187  468  153   41  432   64  159  478  420
4   10    8  285  267  130  415  281  374   74  349  190
5   10  173   23  151   59  383  451  256  361  427  144
6   10  171  344  384  202  321  258  297  284  196  174
7   10  309  211  424  313  476  427  223  310  333  144
8   10  285  267  130  281    4  374  380  349  484  157
9   10  195  282  475  472   13  402  126  104  403  296
10   10  204   52  236   33   46  143   11  423  250  311
11   10  236   46  423  143  204   33   10  311  233   52
12   10  308  306  123  108  135  467   80  379  163  392
13   10  402  126  104    9  195  403  296  485  282  182
14   10  131  320  358    2   75  215  498  477   54  184
15   10  208  464   17  485  515  264  403  182  295  368
16   10  362   18  101  122   68  343  113  396  305  205
17   10   15  264  208  485  515  464  403  368  296  104
18   10  122   68   16  362  343  101  396  113  305  205
19   10  339   80  467  108  306  308  135  123   12  247
20   10  510  226  264  368  388  531  208  295   47   21
21   10  226  388  368   20    1  510   47  207  264  487
22   10  348  145   57  261   24  482  176   27   40   31
23   10   59  361    5  151  144  152  173  496  427  302
24   10  482  145   57   31  348  261  102   22  292   40
25   10  419   28  172   91  332  270  372  167  273  408
26   10  181  524  434  439  444  526  516  222  269  257
27   10  176   40  231  261  409  232  348   22  506  128
28   10  419   91  172   25  270  332  273  372  408  167
29   10  398  186  504   61  448  393  433  255  109  137
30   10  413  193  397  118  412  189  529  493  416  185
31   10   24  482  102  145   57  292  261  348   35  307
32   10  459  352  206  198  320   14  371  199  131  216
33   10  143  423  236  233  250   10   11   52   46  204
34   10  229  488  410  418  180   96  336   45  508  426
35   10  292  158   31  102  307  233  250   24  482   57
36   10  217  449  232  115  450  409  454  479  231   53
37   10   66  500  141  139  138  303  367  230  125  333
38   10  137  299  255  109   44  134  433  376  448  248
39   10  168  441  159   79  304   41  153  468  420  253
40   10  409  261   27  232  176  231  217   57  348  482
41   10  153  159  468  253  420   39    3  168  441   79
42   10  478  187  432   64    3  468  253   22  153   41
43   10  149  513  224  382  381  178  268  357  235  386
44   10  134  299   38  394  399   82  137  248  121  255
45   10   92  488  508  426  229   34  411  201  410  456
46   10  236   11  204  143  423   10   33  311   52  233
47   10  207  388  481  324  226  474  262  510  400  531
48   10   86  357  235  268   49  517  178  381   63  382
49   10   86  268  357  235  178  382  523  240  518   43
50   10  470   88  136  147  479  115  461  191  445  405
51   10  445  147   95  450  479  454  455  530  449   50
52   10   10  250   33  204  236  169  143  342  158   46
53   10  217   36  317  480  133  115  136  461  405  435
54   10  477  498  466  162  265  266  395  320  131  215
55   10  234  179  414  354  140  491   83   90  160  495
56   10  254  100  188  484  132  260  105  291  194  157
57   10  145  482  348   24  261   22   31  102   40   27
58   10  166  384  202  453  171  366  284  297  140  344
59   10   23  361  151    5  144  496  152  173  427  302
60   10  346  157  100  188  260  380  484  241  244   72
61   10  504  186  393  398   29  422  255  109  448  137
62   10  462  184    2  371  199   75  358    6   87   25
63   10   86  520   49  523  240  517  518  268  357  235
64   10  432  187    3  253  478   22  145  348   24   57
65   10  314  275  337  512  305  205  492  533   76  396
66   10   37  500  333  230  139  138  457  141  303  367
67   10  174  111  196  297  258   90  491  284  286  280
68   10  122   18  396  362  305  205  189   16  343   76
69   10  451  151  526  516    5  227  256  525   59   23
70   10  400  474  262   81  531  129  114  481  385  295
71   10  156  119  350  190  442   74  415  282  475  472
72   10  244  169  239  342  183  351  300  532  146  387
73   10  503  390  407  252  443  535  142  110  103  219
74   10  119  190  415  374   71    4  350  156  349    8
75   10  358    2  215   87  214  131   14  320  184  462
76   10  189  193  512  413  396  507  494  401   65  314
77   10  294  124   84  318  110  150  246  251  142  535
78   10  428  288  197  351  183  194  291  146  532  325
79   10  441  168   39  304  468  159   41  153    3  253
80   10  467  135  123  108  308  306   12  392  247   19
81   10  129  114  400  474  262   70  385  481  354  495
82   10  121  134   44  502  299  399  394  213   38  137
83   10   90  491  234  280  272  271  210  286  179  140
84   10  246   77  294  150  124  421  318  304  251  242
85   10  371  199  459   32  184  352  206   14    2   62
86   10   49  357  235  268   63  178  523  240  520  518
87   10  214  215   75  167  358  116  192  172  332  266
88   10  470  191   50  147  136  455  340  461  397  445
89   10   93  319  533  212  492  127  345  337  465  175
90   10  491  140   83  179   67  174  111  284  297  280
91   10   28  270  419  332  172  273  408   25  372  290
92   10   45  508  426  411  201  456  488  229   34  404
93   10  319  127   89  465  533  175  212  460  338  345
94   10  509  209  301  279  530  277  395   95  469  412
95   10  249  509   51   94  530  301  445  209  455  277
96   10  180  336  418  410   34  229  488  430  508  426
97   10  225  528  386  120   43  519  513  224  521  149
98   10  373  506  128  454  231  359  449  450   51  232
99   10  112  259  377  369  273  372  408  160  329   91
100   10  188  254  260   60  484  157  105  380   72  183
101   10  362   16   18  497    1   68  122  490  391  416
102   10  482   31   24  292  261   57  145   40   35  409
103   10  219  245  489  218  440  322  390  360   73  503
104   10  126  403  402  485  515   13  182  296   17  464
105   10  183  351  291  288  254  188  100  197  428   72
106   10  422  393  298   61  504  186  398  255  109   29
107   10  286  534  458  437  280  272  271  210  356  174
108   10  467  306  308  123   80  135   12   19  392  163
109   10  255  137   38  299  393  504  186   61  398  448
110   10  142  535  251  407  294  150   77   73   84  503
111   10  174   67  196  258  297  107  286  284  280  272
112   10   99  259  377  369  273  408  372  160  329   91
113   10  343  327  492  305  205  122  345  505  203   18
114   10  129   81  385  495  354  400  474  262   70  481
115   10  479   50  470  136  450  449  147  461   88   36
116   10  167  192  290  332  338  270  172  465  127  175
117   10  365  230  457  138  139  164  165  125  521  120
118   10  416  185  501  397  340   30  189  413  193  396
119   10  190  415   71   74  156  350    4  442  374    8
120   10  521  386  165  125  164  528   97  138  225  139
121   10   82  502  213  399  394  134   44  299  447  446
122   10   18   68  343  305  205   16  362  396  113  189
123   10  135   80  467  108  308  306   12  392  163  247
124   10   77  294  318   84  110  407  142  251  535  150
125   10  138  139  120  165  164  521  386  230  500  365
126   10  104  403  402  485  515   13  296  182   17   15
127   10  465  319   93  175  533  338   89  290  460  212
128   10  506   98  373  359  231  454  232   27  176  228
129   10  114   81  385  495  354  400  474  262   70  481
130   10  281  285  267    8  380    4  374  349  484  157
131   10   14  320  358  215  498  477   54  466   75    2
132   10  238  148  334  194  325  287  291  197  428   56
133   10  405  461  317  389  136  490  278  340  391  470
134   10   44  299  394  399   38   82  137  121  248  376
135   10  123   80  467  108  308  306   12  392  163  247
136   10  461  470   50  405   88  115  133  191  340  479
137   10   38  255  109  299   44  433  448  134  376  393
138   10  139  125  230  164  165  120  521  500  365  117
139   10  138  125  230  164  165  120  521  500  365  117
140   10  491   90  179   83   67  284  297  174  111  234
141   10  303  367  312   37  341   66  500  333  381  513
142   10  535  110  251  407  150   73  294  503   77   84
143   10  423   11  236   33   46   10  204  233   52  250
144   10  152  361  223  427  496   59   23  316  333  302
145   10   57   24  348  482   22  261   31  102   40   27
146   10  532  387  300  239  342  169   78  244   72  311
147   10  445  479   50   88  455  470   51  191  115  450
148   10  334  238  325  287  194  197  428  132  291  288
149   10  513  224   43  381  382  178  386  268  357  235
150   10  421  251  242   84  246  110  177  142  535  471
151   10   59    5   23  451   69  173  361  363  496  383
152   10  144  223  361  427  496   59   23  333  316  302
153   10   41  159  468  253  420    3   39  168  441   79
154   10  175  212  293  345  203  170  338  319  408   93
155   10  315  487  278  480  497  391    1  317  490  220
156   10   71  350  442  119  190   74  415  282  475  472
157   10  380  260  484  281  130  241  285  267   60    8
158   10  250   35  292  233   33  307   52  102   31  143
159   10   41  153   39  168  441  468  420   79  253    3
160   10  271  210  414   99  495   83  280  272  534  458
161   10  237  326  289  443  163  252  390  379  322  503
162   10  466  265  477   54  395  498  266  355  279  335
163   10  326  161  392  135  123  289   12  379  237  247
164   10  165  521  120  125  138  139  386  230  528  365
165   10  164  521  120  125  138  139  386  230  528  365
166   10   58  453  366  384  202  284  140  171  297  179
167   10  116  332  172  270  290  338   28  192  419   25
168   10  441   39   79  304  159   41  468  153  253    3
169   10  244   72  342  239  300  387  532   52  146   10
170   10  293  505  203  345  154  324  212  327  113  492
171   10  384  202  344    6  321  284  297  258   58  196
172   10  332  270   28  419   91   25  167  116  290  273
173   10    5   23  383   59  151  427  361  144  152  256
174   10  111   67  196  258  297  107  286  284  280  272
175   10  338  290  127  465  319  154   93  212   89  408
176   10   27   40  231  261   22  348  232  409  128  506
177   10  421  150  251  471  242  535  142  110  246   84
178   10  268  357  235  382   49   43  149   86  513  224
179   10  140  491   90  234   83   55   67  284  174  111
180   10   96  336  418  410   34  229  488  430  508  426
181   10   26  524  434  516  526  439  444  269  257  256
182   10  515  464  276  485  403   15  104  126  208  364
183   10  351  288  105  291  428  197   78   72  194  244
184   10  371  199    2   14  358   75  131  320  462   62
185   10  416  118  501  397   30  340  189  413  193  396
186   10  504  398   61   29  393  448  255  109  137  422
187   10  432   64    3  253  478  468   42  153   41   22
188   10  100  254  260   60  484  157  105  380   72  183
189   10   76  396  193  413  512   30  507  494  401   68
190   10  119  415   71   74  156  350    4  374  442    8
191   10   88  340  397  470  455  501   50  529  461  136
192   10  116  460  465  167  127  290  338  214  533  319
193   10  413   76  189  507  494  401   30  493  512  396
194   10  197  291  238  428  288  334  325  287  351  148
195   10    9  282  475  472   13  402  126  104  403  296
196   10  258  174  111  321   67  297  284  107  344  286
197   10  428  194  288  291   78  351  325  287  238  334
198   10  514  206  249  352  320  459   32  466  477   54
199   10  371  184    2   14  358  131   75  320  352  462
200   10  435  483  220  480  155  487  315  278  317  497
201   10  411  508  426   92  488  456   45  229  410   34
202   10  384  171   58    6  284  344  166  297  321  258
203   10  293  505  345  170  212  154  327  492  113  324
204   10   10  236   46  311   11   52  143   33  423  342
205   10  305  337  314  275   65  492  343  396  122   68
206   10  459   32  352  198  320   14  514  131  216  477
207   10   47  324  481  388  474  262  327  400  226  531
208   10   15  264   17  464  515  485  295   20  368  510
209   10  301  277   94  509  279  530  412  469  493  529
210   10  271  280  272  534  458  286  437  107  329   83
211   10  424  476  310  313  446  447    7  309  399  394
212   10  345  203   89  154  293  492   93  319  175  170
213   10  502  121   82  274  399  394  447  446  134   44
214   10   87  215  192  266  116  265  358  167   75  355
215   10  214   87  358   75  266  265  131  498  477   54
216   10  263  206  459   32  331  352  198  514  249  228
217   10   36  409  232   40  449   53  231  115  450  454
218   10  440  489  245  360  436  347  103  219  378  370
219   10  103  245  489  218  322  440  360  390   73  503
220   10  487  155    1   21  315  497  480  278  391  368
221   10  499  353  370  347  436  360  440  218  489  417
222   10  439  444   26  257  269  425  434  524  181  256
223   10  427  152  144  333  361  496   23   59  316   66
224   10  513  149   43  381  382  386  178   97  268  357
225   10   97  528  386  120  519  521   43  513  224  165
226   10  388   20  510   47   21  207  368  531  264  474
227   10  525  330  363  302  316  151   69  496  365  117
228   10  359  331  128  373   98  506  463  323  263  231
229   10  488   34  410  508  426  336  418   45  180   96
230   10  138  139  365  117  125  164  165  457  521  500
231   10  506  232  128   27  409   98  373   40  176  454
232   10  409  231  217   36   40  506  449   27  454  128
233   10  307   33   35  143  423  292  420  250   31  158
234   10  414   83  179  491  354   90  160   55  140  271
235   10  357  268  178   49  382   86   43  149  513  224
236   10   46   11  143  423  204   10   33   52  311  233
237   10  443  161  252  289  390  326  503   73  163  407
238   10  334  325  287  148  194  197  291  428  288  132
239   10  342  300  387  532  146  169  244   72  311  204
240   10  523  518  519  520   49   86  268  357  235  178
241   10  349  346  380  281  157  130  285  267  374    8
242   10  421  471  150  246  177   79  304   84  441  168
243   10  406  429  453  366   58  166  384  202  171    6
244   10   72  169  342  239  300  387  532  183  146  351
245   10  489  219  103  218  322  360  440  347  436  378
246   10   84  304  242  421  150   79  441  168   39  468
247   10  392   80  135  417  123  339  163  467  108  326
248   10  376  433   44  134  341   38  312  299  394  399
249   10  514   95  509   94  198  209  395  301   51  279
250   10  158   33   52   35  233   10  292  143  307  236
251   10  110  142  535  150  177  421   84  294  407   77
252   10  443  390  503   73  237  289  407  161  124  322
253   10    3  153   41  187  468  420  432   64  159  478
254   10  188  100  260  105  484  157   60  380  183   56
255   10  109  137   38  299  393  504  186   61  398  448
256   10  269  257  425  383  451  444  439    5  173  151
257   10  269  425  256  444  439  383  451    5  173  434
258   10  196  321  297  174  111  284   67  344  107  286
259   10  377  369  112   99  408  273  160  495  372   91
260   10  484  157  380  100  188  281  130  254   60  285
261   10   57  482  348  145   40   24   22  102   27   31
262   10  474  400  481   70   81  531  129  114   47  207
263   10  216  331  463  323  228  514  206  459   32  198
264   10  208   17   15  368   20  510  464  485  515  295
265   10  266  162  466  498  477   54  395  355  214  215
266   10  265  162  498  466  477   54  355  395  214  215
267   10  285  130    8  281    4  380  374  349  484  157
268   10  357  235  178   49  382   86   43  149  513  224
269   10  257  425  256  444  439  383  451    5  173  434
270   10  332  172   91   28  290  167  338  419  408  116
271   10  210  280  272  534  458  286  437  107  329   83
272   10  280  271  210  286  534  458  437  107   83  329
273   10  372   91   99   28  408  112  419  259  329  377
274   10  283  213  502  121   82  298  399  394  430  134
275   10  314   65  337  305  205  512  492  396  533   76
276   10  182  364  515  464  431  485  403   15  104  511
277   10  412  493  301  209  469  530  279  507  529  494
278   10  391  315  317  490  497  155  389  480  133  405
279   10  469  209  395  277   94  509  301  335  493  162
280   10  272  271  210  286  534  458  437  107   83  329
281   10  130  285  267    8  380  157    4  484  349  374
282   10  475  472  195    9   13  402  350  126  104  403
283   10  274   34  298   45  229  488  430  418  213  502
284   10  297  258   67  174  111  196  321   90  491  140
285   10  267  130    8  281    4  380  374  349  484  157
286   10  280  272  534  458  271  210  437  107  174  111
287   10  325  334  238  148  194  197  428   78  291  288
288   10  351  291  428  183  197  194   78  105  238  325
289   10  443  390  322  252  161  237  503   73  326  219
290   10  338  175  270  332  116  465  127  167  408  172
291   10  288  194  197  351  428  183  105  238   78  334
292   10   35   31  102  158  482   24  307  233   57  145
293   10  170  203  505  345  212  154  327  324  492  113
294   10   77  124   84  318  110  142  251  150  535  407
295   10  511  531  208  510   70  375   20  464  264   15
296   10  403  126   17  104  402  485   15  515  264   13
297   10  284  258  196   67  174  111  321   90  344  491
298   10  422  106  393  255  109   45  283   82   61  504
299   10   38   44  137  134  255  109   82  394  399  376
300   10  387  532  146  239  342  169  311  244   72  204
301   10  209  530  277  412   94  509  529  493  279  469
302   10  316  363  496  457  361  330  152  144  365  117
303   10  367  141  312  341   37   66  500  333  381  513
304   10  441  168   39   79  159   41  468  153  246  420
305   10  205  337  314  275   65  492  343  396  122   68
306   10  308  108   12  467  123  135   80  392  163  379
307   10  233   31   35  420  292   24  482   33  145  253
308   10  306  108   12  467  123  135   80  392  163  379
309   10    7  313  211  427  223  424  476  144  152  333
310   10  476  446  447  424  211  399  394  313  134  248
311   10  204   46  300  387  342   10  236  532  239  146
312   10  341  367  303  141  248   37   66  313  500  376
313   10  211  476  424  333  310  309  312  223    7  367
314   10  275   65  337  305  205  512  492  396  533   76
315   10  497  391  278  155  490  487    1  389  317  101
316   10  302  363  496  457  361  330  152  144  365  117
317   10  133  278  405  490  389  391  480  461  315  497
318   10  124   77  294   84  438  246  110  304  150  142
319   10   93  127  465   89  533  175  212  338  460  154
320   10  131   14  498  358  477   54  466  215    2   75
321   10  344  258  196  297  284  174  111   67  171  107
322   10  245  219  489  103  289  360  218  390  440  503
323   10  463  263  228  331  359  216  128  506  373   98
324   10  327  505  170  207  293  481  203   47  113  345
325   10  287  334  238  148  194  197  428   78  291  288
326   10  163  161  289  237  392  322  443  379  252  135
327   10  505  113  324  203  343  293  170  345  492  212
328   10  486  438  146  532   78  387  300  311  325  287
329   10  437  534  458  356  372  271  210  107  286  280
330   10  363  227  302  316  365  117  525  457  230  496
331   10  228  263  514  216  359  249  198  373   98  128
332   10  270  172  167   91   28  290  419  338  116   25
333   10  223   66  152  144   37  427  496  457  500  303
334   10  325  287  238  148  194  197  428  291   78  288
335   10  355  469  460  279  494  401  507  512  493  533
336   10  180   96  418  410  229   34  488  430  508  426
337   10  314  275   65  492  305  205   89  533  512   93
338   10  290  175  465  127  270  332  116  319  408   93
339   10   19  247   80  467  392  135  108  123  306  308
340   10  501  191  397  118  416  185   88  389  405  461
341   10  312  367  303  141  248  376  433   37  381  500
342   10  239  300  169  387  532  146  244   72  311  204
343   10  113  305  205  122  492  327   18  337   68  345
344   10  321  258  196  171  297  284    6  174  111   67
345   10  212  203  492  293   89  505  154  170   93  319
346   10  241   60  157  380  349  281  260  200  130  483
347   10  436  370  360  440  218  499  221  353  489  245
348   10   22   57  145  261  482   24   31   27   40  176
349   10  374  241  281  130  285  267    8  483    4  380
350   10  156   71  442  119   74  282  190  475  472  195
351   10  183  288  428  291  105  197   78  194   72  244
352   10  459   32  206  320   14  198  131  371  199  184
353   10  499  221  370  347  436  360  440  218  489  417
354   10  414  385  495  129  114  234  160   81   55   83
355   10  335  460  266  265  469  192  162  395  279  533
356   10  107  329  437  534  458  286  280  272  271  210
357   10  235  268  178   49  382   86   43  149  513  224
358   10   75    2  215  131   14   87  320  214  498  184
359   10  128  228  506  373   98  231  176   27  331  454
360   10  489  347  440  218  245  436  370  322  219  103
361   10  496  144  152   59   23  316  302  427  223  363
362   10   16   18  101   68  122  416  185  396  118  189
363   10  302  316  330  496  457  361  227   59  365  117
364   10  431  276  375  511  182  464  295  515   15  208
365   10  117  230  457  138  139  164  165  125  521  120
366   10  453  166   58  179   55  140  384  202  491   90
367   10  303  141  312  341   37   66  500  333  381  513
368   10  264   20   17  226  208   21  510   15  388  485
369   10  377  259  112   99  408  273  495  160  372  385
370   10  499  221  353  347  436  360  440  218  489  245
371   10  199  184    2   14  358  131   75  320  352  462
372   10  273  329   28  419   91  356   99  437  112   25
373   10   98  506  128  454  231  359  449  450   51  232
374   10  349  285  267   74    8  130  281    4  241  415
375   10  511  431  364  295   70  531   55   81  400  474
376   10  433  248  448   38  137  299   44  341  134  255
377   10  369  259  112   99  408  273  495  160  372  385
378   10  440  436  218  347  489  103  360  219  245  370
379   10   12  161  163  326  237  308  306  123  135  108
380   10  157  281  484  260  130  285  267    8  241  349
381   10  149  513  224   43  382  178  357  235  268  386
382   10   43  178  268  357  235  149  513  224  381   49
383   10  256  425    5  173  257  269  451  151  444   23
384   10  202  171   58    6  284  344  166  297  321  258
385   10  495  129  114  354   81  414  160  377  369  259
386   10  120   97  125  521  225  528  513  224  165  149
387   10  532  300  146  239  342  169  311  244   72   78
388   10  226   47  207  510   21   20  531  324  481  474
389   10  490  133  391  405  501  340  317  278  461  497
390   10  503   73  252  407  443  289  219  103  322  237
391   10  490  278  497  315  389  317  155  133  101    1
392   10  247  163  135  123   80  326  417  467  108   12
393   10  504   61  186  422  255  109  398   29  137   38
394   10  399  134  447   44  446  121   82  310  299  248
395   10  162  279  265  466  266  477   54  498   94  469
396   10  189   76   68  512  305  205  193  122  314  275
397   10   30  191  340  118  501  416  185  529  455  413
398   10   29  186  504   61  448  393  255  109  137  433
399   10  394  134  447   44  446  121   82  310  299  248
400   10  474  262   70   81  481  531  129  114   47  385
401   10  494  507  493  193  413   76  512  189  412  469
402   10   13  126  104  403  296  485  515  182   17    9
403   10  104  126  485  515  402   17  182   15  464  296
404   10  456   92  411  201   45  508  426  106  488  298
405   10  133  461  136  389  317  340  470  490   50  191
406   10  243  429  453   58  366  166  384  202  171    6
407   10   73  503  142  535  110  390  252  251  294  443
408   10   91  273  112  270  259   28  377  369   99  332
409   10  232   40  217  231   36   27  261  176  449  102
410   10  229  488  336   34  180   96  418  508  426  411
411   10  201  508  426   92  488  456   45  229  410   34
412   10  277  493  529  301  530  209   30  507  494  401
413   10  193   30   76  507  189  494  401  493  396  512
414   10  354  234  160  495  385   83   55  129  114  179
415   10  190  119   74    4   71    8  374  156  285  267
416   10  185  118  501  397   30  340  189  413  193  396
417   10  360  353  499  221  370  247  392  322  347  489
418   10  180   96  336  410   34  229  430  488  508  426
419   10   28   25  172   91  270  332  273  372  167  408
420   10  153   41  253  159    3  307  468   39  233  168
421   10  242  150  471  246  177  251   84  304   79  110
422   10  393  106   61  504  186  255  109  298  398   29
423   10  143   11  236   46   33  233  204   10  420  307
424   10  211  476  310  446  447  313  399  394    7  309
425   10  257  269  256  383  444  439  451    5  173  151
426   10  508  411  201  488   92  229   45  410   34  456
427   10  223  144  152  361   23   59  496  333  173    5
428   10  197  288   78  194  351  291  183  325  287  334
429   10  473  452  243  406  453  366  431  364  276  166
430   10  418  180   96  336   34  283  410  229  488  274
431   10  364  375  511  276  295  182  464  515   70   55
432   10   64  187    3  253  478   22  145  348   24   57
433   10  376  448   38  137  248   29  299  398  255  109
434   10  524  526  439  444  516  451  256   69  269  257
435   10  200  480  155   53  278  317  487  315  220  391
436   10  347  440  370  218  378  360  499  221  489  353
437   10  534  458  271  210  286  280  272  329  107  356
438   10  311  387  300  328  486  532  146   46  204  239
439   10  444  269  257  425  256  434  383  451  524  526
440   10  218  489  360  436  347  245  378  103  219  370
441   10  168   39   79  304  159   41  468  153  253    3
442   10  156   71  350  119  190  282  475  472  195   74
443   10  252  237  390  289  503   73  161  407  322  219
444   10  439  269  257  425  256  434  383  451  524    5
445   10  147  455   51  479  530   88  529   50  470  191
446   10  447  310  399  394  476  424  211  134   44  121
447   10  446  310  399  394  476  424  211  134   44  121
448   10  433   29  398  376  186  137   38  504  255  109
449   10  450  454   36  115  479   51  147  232   50   98
450   10  449  479  454  115   51  147  445   50  470   36
451   10  256   69  151  383    5  269  257  425  444  173
452   10  473  429  475  472  282    9  195  276   13  364
453   10  366  166   58  384  202  140  179   55  284  171
454   10  450  449   98  373   51  479  506  115   36  147
455   10  529  445  530  147  191   88  397  412   30  301
456   10  404   92  411  201  508  426   45  488  229  106
457   10  365  117  230  316  302  496  363  139  138   66
458   10  534  437  271  210  286  280  272  107  329  356
459   10   32  352  206  198  320   14  371  199  131  216
460   10  533  465  192  127   93  319  355  335   89  116
461   10  405  136  133  470   50   88  340  191  389  115
462   10   62    2   75  184  358  371  199   87   25  215
463   10  323  263  228  331  359  216  128  506  373   98
464   10  515   15  485  182  208   17  403  264  276  295
465   10  127  319   93  175  533  338  290  460   89  192
466   10  477   54  498  162  265  266  395  320  131  215
467   10  108   80  306  308  123  135   12   19  392  247
468   10   41  153  159    3   79  253  441  168   39  478
469   10  279  335  277  493  494  401  209  507  355  412
470   10   50   88  136  461  191  147  479  115  405  340
471   10  242  421  177  150  246  478   79   42  468  304
472   10  475  282  195    9   13  402  126  104  350  403
473   10  452  429  475  472  282    9  195  276  364  431
474   10  262  400  481   70   81  531  129  114   47  207
475   10  472  282  195    9   13  402  126  104  350  403
476   10  424  310  211  446  447  313  394  399  248  134
477   10   54  498  466  162  265  266  395  320  131  215
478   10   42  187    3  468  253  432   64   41  153   79
479   10  147  115  450   50  470  445   88  449  136   51
480   10  155  278  317  315  391  497  487  490  133  435
481   10  474  262  400   81  207   47  324  129  114   70
482   10   24   57  145   31  261  348  102   22   40  292
483   10  200  220  349  435  241  487  155  374  480  296
484   10  260  380  157  281  130  285  267    8  100  188
485   10  515   15  403  464   17  182  208  104  126  264
486   10  328   78  146  532  387  438  428  300  325  287
487   10  155  220    1  315  497  391  278  480  101   21
488   10  229   34  410  508  426   45  336  411  201   92
489   10  245  218  440  360  219  103  322  347  436  378
490   10  389  391  278  497  133  315  317  405  501  340
491   10   90  140  179   83   67  174  111  284  297  234
492   10  337  345  305  205   89  212  343  314  275   65
493   10  507  412  494  401  277  413  193  469   30  301
494   10  401  507  493  193  413   76  512  189  412  469
495   10  385  354  129  114  160  414  377  369  259  112
496   10  361  316  302  152  144  363   59  457   23  223
497   10  315  391  490  278    1  101  155  389  487  362
498   10  477   54  466  162  265  266  395  320  131  215
499   10  221  353  370  347  436  360  440  218  489  417
500   10   37  139  138   66  125  230  386  120  165  164
501   10  340  118  416  185  397  191  389   30  490   88
502   10  213  121   82  399  394  134   44  447  446  274
503   10   73  390  407  252  443  289  535  142  110  103
504   10  186   61  398  393   29  255  109  448  422  137
505   10  170  293  203  327  324  345  212  113  154  343
506   10  128   98  373  231  359  454  232  449   27  450
507   10  494  401  493  193  413   76  512  189  412   30
508   10  426  411  201  488   92  229   45  410   34  456
509   10   94  209  301  279  530  277   95  395  469  412
510   10   20  226  531  388   47  295  264  207  474  262
511   10  295  375  531   70  431  364  464  208  400  510
512   10   76   65  314  275  494  401  507  189  396  193
513   10  224  149   43  381  382  386  178   97  268  357
514   10  249  198   95  206  509   94  395  331  162  466
515   10  464  485  182   15  403  208   17  104  126  276
516   10  526   69  524  434  451  151  525  227  256  444
517   10   63   86  520   49  522  523  240  518  357  235
518   10  523  240  519  520   49   86  268  178  357  235
519   10  518  523  240  225   97  520  528   49  178  268
520   10  523  240  518   63   86  519   49  268  357  235
521   10  165  164  120  125  386  528  138  139  225   97
522   10  527  517   63  520   86   48  523  240   49  518
523   10  240  518  519  520   49   86  268  357  235  178
524   10  434  526  516  439  444  451   69  256  269  257
525   10  227  330  363  302  316   69  365  117  151  457
526   10  516   69  434  524  451  151  256  444  439  525
527   10  522  517   63  520   86   48   49  523  240  518
528   10  225   97  120  386  521  165  164  519  125   43
529   10  455  412  530   30  397  301  277  493  191  413
530   10  301  529  412  209  277  455  509   94  493  445
531   10   70  400  474  262  510  295  481   47   81   20
532   10  146  387  300  239  342  169  244  311   78   72
533   10   93  319   89  127  460  465  337   65  314  275
534   10  458  437  271  210  286  280  272  107  329  356
535   10  142  110  251  407   73  150  503  294  177   77
      1    2    1    3    1    2    1    2    1    2    2    1    3    1    3    3    3    3    3    1    2    1    2    2    1    2    2    1    2    1    1    3    2    1    1    2    2    3    1    3    3    2    3    2    3    2    1    1    3    2    1    1    2    1    2    2    1    3    2    3    1    2    2    2    3    2    2    2    2    3    1    2    3    3    1    2    2    2    2    1    1    2    2    2    1    3    2    1    3    3    3    1    2    1    3    2    2    1    1    2    2    2    1    2    1    2    1    2    3    2    2    1    3    2    3    2    3    3    1    3    1    3    2    1    3    1    1    2    2    2    1    1    2    3    2    2    2    1    2    2    2    2    1    2    1    1    3    2    1    3    1    2    3    3    3    2    3    1    2    3    1    2    2    3    1    1    1    3    1    3    2    1    1    2    2    2    2    2    3    3    1    1    2    1    2    3    3    3    2    2    3    2    2    1    2    2    3    1    1    1    2    3    1    1    2    3    3    3    2    1    1    3    1    3    2    1    1    2    1    1    1    1    1    2    2    2    1    2    2    2    1    3    3    1    3    3    2    2    2    1    3    3    2    1    1    1    1    2    2    1    2    2    3    1    1    2    2    1    2    3    1    2    1    1    3    2    3    1    2    3    1    1    3    1    1    1    2    2    1    3    2    3    1    3    2    3    2    1    1    1    1    1    1    3    3    2    2    1    3    2    3    3    2    3    1    1    2    2    2    1    2    2    2    1    3    2    3    1    2    1    3    1    1    3    2    2    1    2    2    2    2    3    1    3    3    2    2    1    2    2    2    1    3    1    2    2    3    2    2    1    3    1    3    1    1    2    1    1    3    3    2    3    2    1    1    2    2    3    3    3    1    3    3    3    2    1    3    2    3    1    3    3    3    2    2    3    1    1    2    2    3    1    1    1    2    1    2    2    1    3    1    2    2    1    1    1    1    3    2    3    1    2    3    1    2    3    3    2    1    1    1    2    3    2    3    2    2    2    1    1    3    2    1    1    2    2    3    3    2    2    2    1    3    2    3    1    3    1    3    2    3    1    1    3    2    2    3    3    1    3    3    2    1    1    1    3    3    3    2    2    2    1    1    1    1    1    1    3    1    2    2    2    3    1    1    2    2    1    2    3    2    3    3    3    1    3    2    2    2    3    1    2    2    1    1    2    1    3    1    2    1    3    3    3    2    2    2    2    2    2    2    2    1    1    2    2    1    2    3    2    1    2    1    2    3