532

1 7810 6053
2 7798 5709
3 7264 5575
4 7324 5560
5 7547 5503
6 7744 5476
7 7821 5457
8 7883 5408
9 7874 5405
10 7927 5365
11 7848 5358
12 7802 5317
13 7962 5287
14 7913 5280
15 7724 5210
16 7503 5191
17 7759 5143
18 7890 5130
19 7254 5129
20 7790 5038
21 7142 5032
22 7606 5009
23 7772 4989
24 7744 4933
25 7846 4923
26 7622 4917
27 6937 4917
28 7576 4915
29 7783 4912
30 7716 4909
31 7295 4887
32 7777 4869
33 7700 4854
34 7726 4833
35 7702 4815
36 7583 4813
37 7654 4795
38 7417 4788
39 7267 4779
40 6806 4755
41 5259 4751
42 7698 4745
43 7570 4741
44 7617 4724
45 7752 4721
46 7673 4718
47 7692 4666
48 7547 4664
49 7259 4630
50 5387 4623
51 7679 4581
52 7674 4579
53 7631 4573
54 7520 4572
55 7848 4546
56 5685 4546
57 7832 4542
58 6735 4509
59 7647 4504
60 7338 4481
61 4602 4478
62 4606 4468
63 7399 4467
64 7037 4446
65 7458 4428
66 7364 4427
67 6058 4426
68 6868 4418
69 3832 4410
70 6670 4401
71 7443 4375
72 7160 4370
73 6139 4369
74 7333 4335
75 6237 4332
76 5385 4318
77 6911 4296
78 6304 4294
79 7111 4288
80 6740 4282
81 7698 4279
82 7613 4275
83 7360 4275
84 6779 4273
85 7207 4270
86 6241 4268
87 7432 4265
88 4354 4262
89 6589 4256
90 7817 4252
91 6051 4246
92 5356 4241
93 7554 4236
94 7534 4227
95 4217 4224
96 7349 4219
97 7128 4215
98 3950 4215
99 6947 4209
100 7549 4208
101 5168 4208
102 6524 4207
103 5871 4202
104 7542 4198
105 6660 4193
106 7216 4180
107 6607 4173
108 7601 4171
109 6123 4167
110 6450 4160
111 6713 4154
112 7355 4151
113 7604 4146
114 7541 4141
115 7506 4138
116 4871 4132
117 2906 4131
118 6488 4128
119 6312 4126
120 6008 4117
121 4427 4109
122 4679 4084
123 5955 4081
124 6891 4075
125 7705 4065
126 7562 4058
127 4634 4054
128 4607 4049
129 6557 4047
130 7344 4046
131 5543 4042
132 7124 4039
133 7466 4037
134 6259 4030
135 6366 4002
136 5597 3993
137 4655 3992
138 7805 3991
139 3396 3990
140 6603 3982
141 6537 3982
142 4342 3966
143 7037 3965
144 7345 3951
145 7271 3948
146 5336 3943
147 5964 3935
148 7660 3924
149 7872 3922
150 6567 3922
151 6602 3920
152 4806 3914
153 7909 3912
154 5926 3912
155 7449 3911
156 6333 3909
157 3108 3908
158 7844 3902
159 5427 3894
160 6862 3892
161 6621 3891
162 6150 3888
163 7388 3879
164 7351 3877
165 4694 3877
166 6340 3870
167 6425 3867
168 6577 3858
169 6864 3854
170 5706 3844
171 4496 3844
172 4574 3843
173 3824 3838
174 5803 3824
175 5720 3823
176 6454 3821
177 6120 3821
178 7988 3820
179 6376 3819
180 7841 3818
181 5778 3813
182 5457 3808
183 5671 3807
184 4293 3788
185 7423 3776
186 7342 3775
187 5541 3769
188 5621 3768
189 7750 3760
190 6327 3745
191 7879 3743
192 199 3743
193 6652 3742
194 5678 3742
195 5207 3742
196 7429 3737
197 7262 3725
198 6427 3717
199 1851 3710
200 6207 3700
201 6069 3695
202 4780 3694
203 7603 3690
204 5751 3681
205 6365 3679
206 6958 3678
207 6317 3673
208 5417 3673
209 6426 3656
210 7922 3655
211 7331 3634
212 5965 3624
213 4965 3622
214 6833 3618
215 6798 3610
216 7667 3608
217 1047 3602
218 7803 3598
219 7370 3588
220 952 3583
221 7906 3580
222 250 3578
223 5111 3569
224 6453 3567
225 7492 3560
226 6140 3558
227 5315 3557
228 5316 3554
229 4232 3551
230 7408 3534
231 8013 3523
232 5160 3517
233 7141 3514
234 5887 3508
235 4694 3502
236 7633 3499
237 7919 3496
238 1784 3494
239 1482 3494
240 236 3494
241 6713 3488
242 7696 3486
243 536 3481
244 317 3476
245 5649 3472
246 6235 3471
247 7199 3469
248 5540 3468
249 5400 3461
250 5796 3459
251 2342 3439
252 7494 3430
253 7321 3429
254 6265 3426
255 8001 3418
256 226 3415
257 6148 3413
258 5987 3402
259 7582 3396
260 7422 3390
261 6623 3389
262 7475 3388
263 7654 3377
264 7838 3375
265 6570 3371
266 4364 3362
267 7316 3360
268 4857 3359
269 7533 3358
270 5719 3352
271 7452 3339
272 7747 3329
273 5841 3328
274 3229 3312
275 7076 3302
276 7657 3301
277 6360 3301
278 525 3297
279 5619 3291
280 7989 3271
281 5697 3269
282 6050 3242
283 7082 3235
284 5539 3235
285 741 3235
286 6731 3234
287 7453 3229
288 7695 3220
289 7299 3219
290 863 3219
291 7861 3216
292 5960 3207
293 4252 3206
294 6402 3190
295 5342 3188
296 6656 3181
297 7532 3175
298 7434 3173
299 5679 3171
300 6518 3165
301 4537 3143
302 806 3123
303 6113 3101
304 7440 3100
305 6204 3099
306 7715 3086
307 7503 3086
308 5821 3086
309 7131 3081
310 7909 3080
311 920 3065
312 6468 3050
313 5677 3049
314 218 3031
315 6881 3029
316 5650 3023
317 197 3021
318 5531 3011
319 6387 3008
320 4458 3007
321 6190 2985
322 7055 2981
323 7238 2957
324 5930 2948
325 7543 2929
326 5291 2929
327 4196 2929
328 6617 2928
329 4831 2917
330 2835 2912
331 174 2901
332 5350 2867
333 7346 2858
334 6044 2848
335 4898 2840
336 3307 2833
337 1918 2832
338 7125 2823
339 6422 2820
340 5881 2817
341 141 2814
342 7851 2809
343 4929 2803
344 5963 2789
345 5470 2774
346 7458 2741
347 1263 2734
348 6766 2732
349 4763 2720
350 3461 2718
351 7309 2717
352 6848 2712
353 178 2702
354 1882 2684
355 4584 2643
356 3174 2627
357 7049 2570
358 7753 2564
359 6597 2563
360 4476 2555
361 1575 2555
362 7304 2550
363 10 2537
364 6800 2532
365 5296 2520
366 7104 2510
367 6547 2506
368 7267 2466
369 3189 2411
370 5117 2409
371 4973 2406
372 4488 2378
373 7351 2376
374 6007 2359
375 4612 2341
376 7015 2333
377 3233 2329
378 240 2327
379 6686 2312
380 6307 2295
381 7448 2291
382 7087 2274
383 2067 2254
384 5260 2230
385 4174 2190
386 36 2185
387 7856 2181
388 7315 2181
389 3319 2151
390 2126 2150
391 7418 2139
392 6885 2138
393 4959 2123
394 4996 2115
395 5681 2109
396 5277 2078
397 7643 2048
398 3390 2043
399 8080 2039
400 6139 2032
401 2694 2026
402 7152 2000
403 7822 1992
404 7416 1953
405 7352 1952
406 354 1950
407 6493 1931
408 7905 1921
409 8229 1905
410 6803 1886
411 4012 1886
412 4759 1883
413 8101 1876
414 7989 1876
415 8063 1860
416 8080 1835
417 7004 1805
418 6252 1795
419 6826 1774
420 7218 1773
421 464 1773
422 809 1766
423 7240 1762
424 7046 1757
425 8098 1746
426 7314 1739
427 7035 1733
428 5506 1719
429 8184 1685
430 6932 1683
431 5914 1682
432 2908 1681
433 6496 1678
434 8525 1664
435 6765 1663
436 7985 1657
437 6854 1640
438 7926 1627
439 7973 1606
440 5060 1577
441 4056 1564
442 5637 1558
443 2011 1558
444 8038 1535
445 6651 1534
446 552 1526
447 6621 1513
448 8594 1510
449 4719 1504
450 5472 1482
451 8605 1479
452 345 1476
453 8228 1471
454 5005 1458
455 5114 1430
456 5964 1421
457 602 1395
458 5098 1394
459 5068 1390
460 8292 1383
461 6258 1354
462 5010 1351
463 6494 1347
464 437 1344
465 413 1338
466 659 1331
467 5840 1325
468 6378 1314
469 6379 1302
470 6359 1298
471 3245 1281
472 450 1274
473 478 1256
474 5571 1255
475 489 1254
476 513 1247
477 6136 1243
478 4170 1232
479 1721 1165
480 893 1161
481 5930 1151
482 4619 1132
483 4125 1125
484 5139 1124
485 572 1108
486 4500 1093
487 2372 1084
488 993 1084
489 527 1077
490 5788 1053
491 3719 1043
492 4805 1033
493 5140 1018
494 5344 1003
495 5532 998
496 5069 998
497 1595 942
498 5666 914
499 2260 913
500 4244 896
501 5596 892
502 4569 886
503 1072 883
504 3499 863
505 5136 825
506 783 825
507 834 757
508 1406 750
509 3390 698
510 2384 695
511 982 659
512 1422 658
513 1361 637
514 1926 636
515 1213 633
516 1415 628
517 1082 625
518 1254 617
519 5070 605
520 1212 603
521 1249 600
522 3477 599
523 1322 580
524 1253 580
525 1276 559
526 2647 485
527 1443 459
528 1961 445
529 1790 429
530 1503 362
531 5393 355
532 5469 10



1   10    2    6    7    5    8    9    4   11   10    3
2   10    6    7    8    9    5    1   11   10   12   14
3   10    4    5   19   16    6    2   21    7   15   12
4   10    3    5   16    6   19    2    7   15   12   21
5   10    6    4    7    3   16   12    2   11    9   15
6   10    7    9    8   11   12    5   10    2   14   15
7   10    9    8    6   11   10   12   14   13    2   15
8   10    9   11   10    7   12   14   13    6   15   18
9   10    8   11   10    7   12   14   13    6   15   18
10   10    8    9   11   13   14   12    7    6   18   15
11   10    9    8   12   10   14    7   13    6   15   18
12   10   11    9   14    8   15   10    7   13    6   17
13   10   14   10   11    8    9   12   18    7   17   15
14   10   13   10   11   12    9    8   18    7   15   17
15   10   17   12   20   18   11   14   16   23   22    9
16   10   22   15   19   17   28   26    5   12   20   23
17   10   15   20   18   23   12   22   14   24   29   11
18   10   17   20   14   13   23   15   12   25   11   10
19   10   21   31   16   39   22   38   27   28   26    4
20   10   23   17   24   29   25   18   30   32   15   22
21   10   19   31   27   39   38   16   49   40   28   22
22   10   26   28   30   24   23   33   20   36   29   17
23   10   20   24   29   30   25   32   33   17   34   26
24   10   30   29   23   32   33   34   25   20   26   35
25   10   29   32   23   24   20   30   34   33   35   18
26   10   28   22   30   33   36   24   37   35   34   29
27   10   40   21   39   31   19   49   58   64   38   68
28   10   26   22   36   33   30   37   35   24   34   43
29   10   32   24   25   30   23   34   33   20   35   26
30   10   24   33   29   32   34   26   35   23   37   25
31   10   39   38   21   19   49   28   36   43   26   22
32   10   29   34   24   30   33   25   35   23   37   42
33   10   34   35   30   37   32   24   26   29   42   36
34   10   35   33   32   30   37   42   29   24   45   46
35   10   34   33   37   42   32   30   46   45   36   44
36   10   43   37   44   28   26   35   33   46   42   34
37   10   35   42   36   33   46   44   34   43   45   26
38   10   39   31   43   36   48   28   44   49   37   54
39   10   31   49   38   21   48   43   60   36   54   28
40   10   27   58   68   70   64   21   39   49   77   80
41   10   50   76   56   92  101   61   62  116  131  146
42   10   46   45   37   35   47   44   34   33   43   36
43   10   44   36   48   37   46   42   47   35   38   33
44   10   43   46   37   42   48   47   36   35   45   53
45   10   42   46   47   35   34   37   44   33   32   51
46   10   42   47   44   45   37   35   43   34   36   48
47   10   46   42   45   51   52   44   53   37   43   48
48   10   43   44   54   53   46   47   52   36   51   37
49   10   39   60   63   38   66   31   54   72   65   64
50   10   41   76   56   92  101  131  103  136  146   67
51   10   52   53   59   47   46   44   48   45   57   54
52   10   51   53   59   47   46   48   54   44   45   57
53   10   52   51   59   54   47   48   46   44   43   42
54   10   48   53   59   52   65   51   63   43   44   47
55   10   57   51   52   47   45   59   53   46   42   44
56   10   50   76  103   67   92   41   91   73  131  120
57   10   55   51   52   47   59   45   53   46   42   44
58   10   70   68   80   84   40   77   89   64  105  111
59   10   53   52   51   54   47   48   57   65   55   46
60   10   66   63   65   74   71   49   54   83   72   87
61   10   62   88  122  121  127  128  116   95  137  142
62   10   61   88  122  121  127  128  116   95  137  142
63   10   66   60   65   71   74   54   83   87   49   48
64   10   72   68   79   77   85   97   99   49   60   58
65   10   71   63   66   60   74   54   87   83   59   93
66   10   63   60   65   71   74   83   87   96   72   54
67   10   73   91   75   86  109   78  103  120  123   56
68   10   77   58   84   64   80   70   99   79   72  111
69   10   98   95   88  173  139  121  142   61  184   62
70   10   58   80   89   84   68  105  107  102  111   77
71   10   65   66   63   87   74   83   60   94   93   96
72   10   79   85   64   97   74  106   60   66   83   96
73   10   67   75   86   91   78  109  120  119  103  123
74   10   83   66   71   96   87   85   60   63   65   72
75   10   86   78   73  109   67   91  119  110  134  102
76   10   92  101   50  131   56  146  136  159   41  103
77   10   99   68   84   80   64   79  124   97  111   72
78   10   86   75  119   73  110  109  102  118   91  134
79   10   97   72   85  106   64   99   77   74   96  132
80   10   84  105  111   70   89   77  107   68   99   58
81   10   82   90  108   93  113  100   94  104  114  125
82   10   93   81   94  100  108  104  113  114  115   87
83   10   96   74   87  112   71   66   85  106   94   65
84   10   80   77  111  105   70   68   99   89  107  124
85   10  106   97   79   72   74   96   83  112   66   87
86   10   75   78   73  109  119   91  110  134   67  120
87   10   83   96   94   71   74   93  104  100  112  115
88   10   95  121  142   62   61  128  127  122  137   98
89   10  102  107  105   80  111  118   70  110   84  129
90   10   81   82  125  108  113  138   93  100  104   94
91   10  109  120   73   67  103  123   86   75   78  119
92   10   76  101  131  146  136  159   50  182   56  116
93   10   94  100  104   82  108  114  113  115   87   81
94   10   93  100  104  114  108   82  115  113   87  126
95   10   88  121   98  142  128   69  184  127   62   61
96   10   83  112   87   74  106   85  130  115   71   94
97   10   79  106   85   72  132   99   96   77  112   74
98   10   69   95  173   88  142  121  184  139  171  128
99   10   77  124   84   97   79   80   68  111  132   64
100   10  104   94   93  108  114  115  113   82   87  126
101   10   92   76  116  146  159  131  152  195   50  136
102   10   89  118  110  107  105  129  111  141  119   80
103   10  123  120   91  109  147   67  154   73  136  131
104   10  100   94   93  114  108  115  113   82   87  126
105   10  107  111   89   80  102   84  129  118   70  110
106   10   85   97   96  112   79  132   83  130   74   72
107   10  105   89  102  111  118  129  110   80  140   84
108   10  113  100  104  114   93   94  115   82  126   81
109   10   91  120   86  123  134  119   75   73   78  103
110   10  118  102  119  129  107   89  135  141   78  105
111   10  105  107   80   84   89  129  124  102  140  118
112   10   96  130   83   87  106  115  133   74  114   85
113   10  108  114  104  100  126  115   93   94   82  125
114   10  115  104  113  108  100  126   94   93  133   82
115   10  114  104  100   94  126  113  108  133   93   87
116   10  122  152  127  137  128  101  165  172   62   61
117   10  157  139  274  251  173   69   98  199  330  238
118   10  110  102  129  107  141   89  135  119  105  140
119   10  134  135  110   86   78  118  109  156   75  102
120   10  123  109   91  103  147  154  134  162   86   73
121   10  142   88  128  127   95  122  137  171  172  184
122   10  127  128  137  116  165  152  121  172  171  142
123   10  120  147  103  154  109   91  162  174  177  134
124   10   99  143  160  111   77  169   84  132   80  105
125   10  138  113  126  148  108  114  104  100  115   81
126   10  114  113  115  133  108  104  125  100  148   94
127   10  128  122  137  165  121  172  152  116  171  142
128   10  127  137  122  121  165  172  171  152  116  142
129   10  141  140  118  150  151  107  110  102  161  105
130   10  144  112  145  133  164  155  163   96  106  115
131   10  136  159  146  182  170  183  187   92  175  188
132   10  143  106  145   97  130  124  144   99   85   79
133   10  126  115  130  155  114  144  112  113  163  104
134   10  119  135  156  162  166  109  110  167   86  179
135   10  156  134  166  119  167  141  118  110  179  129
136   10  131  170  159  183  175  188  187  182  181  194
137   10  127  128  122  165  172  152  171  121  116  142
138   10  149  158  125  153  148  180  189  178  126  113
139   10  157  173  117   98   69  274   95  184  229  142
140   10  151  141  150  129  161  168  118  107  111  167
141   10  140  150  129  151  161  168  118  167  135  176
142   10  121  184  171  172  128   95   88  127  137  122
143   10  132  124  160  169  145   99   97  106  206  144
144   10  145  164  163  130  155  133  186  185  112  196
145   10  144  164  130  163  132  155  186  133  112  197
146   10  159  182  131  195  136  187  208   92  101  188
147   10  154  123  120  162  177  174  181  201  175  170
148   10  125  138  126  158  189  180  155  149  133  113
149   10  158  153  138  180  178  191  189  148  125  210
150   10  151  161  168  141  140  129  176  167  193  135
151   10  161  150  140  168  141  129  176  167  193  118
152   10  165  137  122  202  127  116  128  172  171  213
153   10  149  158  180  178  138  191  189  148  125  210
154   10  147  174  123  181  177  120  175  162  170  201
155   10  163  164  144  133  185  130  186  196  145  126
156   10  166  135  179  167  134  176  190  162  198  141
157   10  139  117  274  173   69   98  251  330  336   95
158   10  149  153  180  138  191  178  189  148  125  210
159   10  182  146  187  131  136  208  188  183  195  170
160   10  169  124  143  206  161  193  151  140  214  168
161   10  151  168  150  140  141  193  129  176  167  160
162   10  177  134  156  166  147  200  201  154  190  179
163   10  164  155  144  185  186  145  196  130  133  197
164   10  163  144  186  155  145  185  196  130  197  133
165   10  152  137  172  127  128  171  202  122  116  121
166   10  156  179  167  176  190  135  198  134  162  205
167   10  176  179  166  156  135  198  168  150  190  141
168   10  161  150  151  140  176  141  193  167  129  179
169   10  160  206  143  124  214  193  161  215  151  168
170   10  175  183  181  174  194  188  204  187  136  154
171   10  172  142  165  184  137  128  127  121  122  152
172   10  171  165  137  128  127  152  202  142  122  184
173   10   98  139  184  229  142   95   69  121  171   88
174   10  181  175  170  183  194  154  204  188  147  212
175   10  170  183  181  174  194  188  204  187  136  154
176   10  167  179  198  166  168  190  156  150  209  205
177   10  162  201  200  147  154  190  166  156  207  212
178   10  153  191  180  149  158  210  189  138  221  218
179   10  166  167  176  190  156  198  205  207  209  135
180   10  158  191  189  149  153  178  138  210  148  218
181   10  174  175  170  183  194  204  188  154  147  187
182   10  159  187  208  188  146  183  194  136  131  170
183   10  170  175  188  194  181  174  187  204  136  182
184   10  142  171  229  172  121  128  165  137  266  127
185   10  196  186  163  164  155  197  211  144  219  203
186   10  185  197  196  164  163  211  155  144  145  219
187   10  188  182  183  194  208  159  170  175  204  136
188   10  194  183  187  175  170  204  181  182  174  208
189   10  180  191  203  158  218  216  148  210  149  153
190   10  207  205  179  198  166  200  209  176  167  156
191   10  180  210  189  178  158  218  221  153  149  237
192   10  222  240  244  256  243  278  314  317  285  220
193   10  168  161  151  215  150  176  214  198  169  209
194   10  188  183  175  204  170  181  187  174  182  136
195   10  223  227  228  208  232  146  182  159  213  187
196   10  185  186  211  163  219  164  197  155  203  225
197   10  186  211  196  185  219  164  163  145  230  144
198   10  209  205  190  176  179  207  167  224  166  168
199   10  238  239  251  217  337  220  354  290  311  117
200   10  207  190  201  177  226  205  162  179  166  198
201   10  212  177  200  226  162  207  154  234  147  190
202   10  213  165  235  152  172  171  137  268  223  127
203   10  216  189  225  196  236  185  218  242  148  230
204   10  194  181  175  183  174  188  170  234  212  250
205   10  207  209  198  190  179  224  200  176  166  167
206   10  214  215  169  160  233  143  197  241  193  247
207   10  205  190  209  200  198  179  224  166  176  226
208   10  182  227  228  187  249  195  159  188  248  194
209   10  198  205  224  207  190  176  179  167  200  166
210   10  221  191  218  237  231  178  180  189  255  153
211   10  219  197  230  186  196  185  225  253  247  233
212   10  201  234  226  204  258  250  177  200  174  181
213   10  223  202  232  195  268  235  152  227  228  165
214   10  215  206  241  193  169  160  261  233  161  168
215   10  214  241  206  193  169  261  160  265  161  168
216   10  203  236  242  218  189  225  259  263  221  252
217   10  220  290  239  285  243  302  311  278  244  238
218   10  221  210  216  237  242  191  189  236  203  231
219   10  211  230  225  196  253  197  186  185  252  260
220   10  217  290  285  243  302  278  311  239  244  222
221   10  210  237  218  231  191  255  264  242  189  216
222   10  240  244  256  192  243  278  314  317  285  331
223   10  232  213  195  227  228  249  208  268  202  182
224   10  209  205  198  207  190  265  254  246  261  176
225   10  230  219  252  236  203  262  211  216  260  259
226   10  246  257  201  200  254  212  207  258  205  234
227   10  228  249  208  232  223  195  248  182  187  245
228   10  227  249  208  232  223  195  248  182  187  245
229   10  266  184  293  171  142  172  235  173  301  165
230   10  219  225  211  252  253  260  262  267  271  196
231   10  237  255  221  210  218  264  280  191  178  242
232   10  223  227  228  213  195  249  208  268  295  248
233   10  247  253  275  211  267  219  197  206  230  283
234   10  250  212  258  273  204  270  245  226  201  257
235   10  202  268  213  266  172  165  301  171  223  152
236   10  242  216  259  263  225  252  269  262  203  218
237   10  221  231  255  264  218  210  242  280  272  191
238   10  199  239  251  337  217  354  220  347  290  361
239   10  238  199  217  220  290  311  302  285  347  337
240   10  256  244  222  192  243  278  314  317  285  331
241   10  261  215  214  265  286  193  224  206  296  209
242   10  236  263  216  259  218  272  264  276  269  252
243   10  278  244  240  222  256  285  290  192  220  302
244   10  240  256  222  243  278  192  314  317  285  331
245   10  248  270  250  279  281  204  273  234  249  284
246   10  254  257  226  277  207  200  224  205  258  209
247   10  233  253  267  275  219  211  230  260  283  197
248   10  245  249  279  270  284  208  228  227  281  250
249   10  228  227  248  208  232  245  284  279  295  223
250   10  234  270  273  245  258  281  204  212  279  248
251   10  238  199  330  337  239  354  117  274  157  336
252   10  262  269  260  259  271  225  230  236  263  253
253   10  267  260  247  230  271  262  219  252  233  211
254   10  246  257  277  226  224  207  205  294  258  200
255   10  231  237  280  264  221  291  210  218  272  242
256   10  240  244  222  243  278  192  314  317  331  285
257   10  246  254  226  258  282  277  234  292  212  201
258   10  234  257  273  282  292  250  226  212  246  270
259   10  269  263  252  262  236  276  271  242  260  272
260   10  262  271  252  253  267  269  230  259  287  225
261   10  265  241  286  296  224  300  277  215  294  214
262   10  252  260  271  269  259  253  287  230  267  225
263   10  259  276  272  242  269  236  288  252  262  264
264   10  272  237  291  255  242  280  263  276  288  221
265   10  261  241  296  286  300  277  224  294  254  209
266   10  293  229  301  235  320  184  327  268  171  172
267   10  253  260  271  289  247  262  287  252  230  269
268   10  235  213  223  232  202  301  329  266  228  227
269   10  259  262  252  271  260  263  276  287  236  297
270   10  281  279  273  250  245  299  248  284  234  258
271   10  262  260  269  252  287  267  259  253  298  297
272   10  276  264  263  288  291  242  259  236  269  237
273   10  270  250  281  258  292  234  279  299  282  245
274   10  336  330  157  350  356  139  173  117  251  369
275   10  283  247  233  309  289  267  253  322  315  286
276   10  263  288  272  259  269  297  242  264  236  262
277   10  294  254  300  246  265  257  305  312  261  224
278   10  243  285  244  256  302  290  240  222  314  317
279   10  281  284  270  299  245  248  273  250  313  316
280   10  291  255  264  310  237  272  231  288  221  306
281   10  279  270  299  273  284  245  250  313  308  316
282   10  292  303  258  257  305  273  308  254  321  246
283   10  275  309  289  322  247  267  233  315  253  323
284   10  279  299  281  295  270  318  313  248  316  245
285   10  290  302  278  311  243  220  217  244  256  314
286   10  296  261  265  300  315  241  312  328  294  283
287   10  298  297  271  304  307  269  289  262  260  267
288   10  276  272  306  263  291  297  259  264  269  307
289   10  267  298  287  304  271  260  253  309  283  297
290   10  302  285  311  278  220  243  217  244  347  256
291   10  280  310  272  264  288  306  276  255  263  237
292   10  282  273  308  303  258  324  305  281  257  270
293   10  266  327  320  301  229  235  184  268  329  355
294   10  300  277  312  319  305  265  296  254  321  261
295   10  284  318  326  249  279  332  299  248  316  313
296   10  286  300  265  261  312  294  328  315  241  277
297   10  307  287  298  304  288  276  271  269  306  262
298   10  287  304  297  307  289  271  269  260  262  267
299   10  281  313  279  316  284  308  270  318  273  292
300   10  294  312  296  319  277  265  286  261  328  305
301   10  320  266  293  329  268  235  327  335  349  355
302   10  290  311  285  278  243  220  217  314  347  244
303   10  305  321  282  292  324  334  319  308  294  257
304   10  307  298  297  287  289  325  271  323  333  269
305   10  303  321  319  282  294  277  292  312  334  324
306   10  288  310  291  297  307  276  325  272  304  298
307   10  304  297  298  287  325  306  288  289  271  276
308   10  313  299  324  316  292  281  273  340  282  270
309   10  322  283  323  289  275  315  338  304  333  298
310   10  291  306  280  288  342  272  264  276  255  297
311   10  302  290  285  278  347  220  217  243  314  239
312   10  319  300  294  328  296  339  305  277  321  286
313   10  316  299  308  318  281  284  279  324  270  340
314   10  317  331  341  353  256  278  244  240  363  222
315   10  322  286  309  296  328  283  348  352  338  275
316   10  313  318  299  308  284  281  279  324  345  340
317   10  314  331  341  353  256  278  244  240  363  222
318   10  316  313  299  284  332  345  326  295  279  308
319   10  312  294  339  321  305  300  328  303  277  296
320   10  301  327  293  266  329  355  349  360  335  343
321   10  305  303  319  334  324  339  312  282  294  344
322   10  309  338  315  323  283  333  275  352  289  351
323   10  333  309  338  322  304  351  289  298  307  325
324   10  340  334  344  308  303  292  321  313  316  305
325   10  307  304  346  333  306  297  298  323  287  351
326   10  332  345  318  295  316  343  284  335  313  365
327   10  320  293  301  266  360  355  349  229  372  329
328   10  312  339  319  348  296  300  315  352  286  294
329   10  335  343  349  355  301  320  268  326  360  332
330   10  356  336  274  369  350  377  251  401  389  337
331   10  341  317  314  353  363  256  278  378  244  240
332   10  326  345  318  295  316  365  313  284  343  299
333   10  351  323  346  325  338  304  307  309  362  322
334   10  344  324  340  321  303  305  308  292  319  339
335   10  343  329  349  355  326  371  332  320  301  370
336   10  350  356  369  330  274  377  389  398  327  401
337   10  354  361  383  347  238  390  251  239  199  330
338   10  322  323  351  333  309  357  352  366  315  362
339   10  319  328  312  321  359  367  305  348  300  294
340   10  344  324  334  308  313  316  321  303  292  318
341   10  331  353  317  314  363  378  256  278  386  244
342   10  358  310  306  325  346  291  288  307  280  297
343   10  335  329  349  355  326  371  332  370  365  320
344   10  340  334  324  321  308  303  313  316  305  292
345   10  332  326  318  316  365  313  340  295  299  284
346   10  351  333  325  362  323  368  338  358  307  304
347   10  361  311  302  354  290  337  285  239  217  220
348   10  352  364  359  328  367  315  357  339  338  322
349   10  335  343  355  329  360  371  375  320  372  370
350   10  336  356  369  377  389  274  330  398  327  385
351   10  333  346  362  338  323  368  366  357  325  373
352   10  348  364  357  359  338  328  315  366  322  367
353   10  341  331  363  317  314  378  386  278  256  302
354   10  337  361  383  390  347  238  251  239  330  199
355   10  360  349  372  375  329  335  343  320  371  327
356   10  369  336  350  377  330  389  398  274  401  432
357   10  366  376  368  352  364  362  338  382  351  348
358   10  342  346  387  381  325  373  362  351  368  333
359   10  367  364  348  379  352  339  328  380  357  376
360   10  355  372  375  349  320  327  385  329  335  343
361   10  354  347  337  383  390  311  239  302  238  290
362   10  368  351  373  366  346  357  381  333  338  382
363   10  353  341  378  386  331  317  314  406  421  256
364   10  352  348  359  379  357  367  376  366  382  392
365   10  370  384  345  371  332  326  396  343  394  335
366   10  357  368  376  362  382  373  351  364  338  352
367   10  359  379  364  348  380  339  352  328  376  392
368   10  362  373  366  357  381  351  382  376  388  346
369   10  377  356  389  350  398  336  330  401  432  274
370   10  371  365  384  394  393  396  343  349  335  345
371   10  370  393  394  384  365  375  349  343  335  396
372   10  375  360  355  385  349  371  393  412  394  343
373   10  368  381  362  388  391  366  382  376  351  357
374   10  380  400  395  344  340  334  367  324  418  339
375   10  372  360  355  371  349  393  394  385  412  370
376   10  382  366  392  357  368  364  379  388  373  402
377   10  369  389  356  398  350  336  401  330  432  411
378   10  386  363  353  406  341  331  421  317  314  422
379   10  367  364  392  359  376  380  382  407  348  352
380   10  374  400  367  379  359  407  418  339  364  392
381   10  373  391  388  368  362  397  404  405  382  366
382   10  376  366  392  388  368  402  373  357  362  391
383   10  390  354  361  337  401  443  347  330  432  369
384   10  396  370  394  365  393  371  395  428  345  412
385   10  411  372  375  360  355  441  412  327  393  349
386   10  378  363  406  353  421  341  331  452  446  317
387   10  403  397  408  399  414  415  413  358  416  381
388   10  391  381  373  405  402  382  404  368  376  397
389   10  398  377  369  356  350  432  401  336  411  385
390   10  383  401  354  443  361  337  432  330  347  479
391   10  388  381  404  405  397  373  402  382  368  426
392   10  376  382  379  410  402  417  419  364  424  366
393   10  394  371  412  384  396  370  375  365  372  440
394   10  393  396  384  371  370  412  375  365  440  372
395   10  396  374  428  384  400  431  442  365  370  418
396   10  384  394  393  370  395  428  365  371  440  412
397   10  403  391  404  387  408  405  381  388  414  399
398   10  389  377  369  432  356  411  350  401  471  336
399   10  413  415  414  409  416  408  403  387  425  429
400   10  418  380  374  407  431  395  433  379  367  456
401   10  432  390  377  369  389  383  398  356  443  330
402   10  405  420  388  417  423  424  404  382  427  391
403   10  408  397  387  414  399  415  416  413  425  436
404   10  405  391  426  397  388  423  420  402  381  403
405   10  404  391  402  426  423  420  388  397  381  424
406   10  421  378  386  446  452  422  457  464  465  363
407   10  433  418  410  400  419  435  380  379  445  447
408   10  414  403  415  416  413  399  425  387  436  397
409   10  413  416  415  399  425  429  414  408  436  434
410   10  419  417  435  430  437  392  424  427  407  402
411   10  441  385  398  478  372  389  412  375  483  449
412   10  393  394  449  440  375  454  396  372  371  455
413   10  415  416  414  425  409  399  408  429  436  439
414   10  415  408  416  413  425  399  403  436  409  438
415   10  416  413  414  425  408  409  399  429  436  439
416   10  415  413  425  414  409  429  408  436  399  439
417   10  424  427  430  419  420  410  437  423  402  435
418   10  400  433  407  431  461  447  456  445  468  380
419   10  410  435  437  430  417  427  424  445  447  433
420   10  423  426  424  427  417  405  402  404  430  437
421   10  406  446  452  422  457  464  465  466  472  473
422   10  421  446  457  466  406  452  464  465  476  475
423   10  420  426  424  427  405  417  402  404  430  437
424   10  427  417  430  420  423  419  437  402  426  410
425   10  416  429  415  413  436  414  439  409  438  444
426   10  423  420  405  404  424  427  402  417  430  391
427   10  424  417  430  420  437  423  419  410  435  426
428   10  442  450  431  396  395  440  474  455  467  458
429   10  425  416  436  413  444  415  453  409  439  438
430   10  437  427  424  419  417  435  410  420  423  445
431   10  456  442  418  467  428  400  461  450  395  477
432   10  401  471  398  389  377  369  487  443  390  356
433   10  447  445  407  435  418  463  419  437  410  468
434   10  448  451  429  453  460  409  425  413  416  415
435   10  437  419  430  445  447  410  433  417  427  424
436   10  439  438  444  425  429  416  415  414  413  408
437   10  430  435  419  427  417  424  445  410  447  433
438   10  439  436  444  425  414  416  429  415  408  413
439   10  438  436  444  425  429  416  415  414  453  413
440   10  454  455  458  459  462  449  450  412  484  428
441   10  411  478  483  491  385  486  449  500  482  412
442   10  450  428  431  467  474  456  481  490  455  395
443   10  479  487  390  499  383  497  401  432  514  510
444   10  439  436  438  453  429  425  460  416  415  414
445   10  447  435  433  437  463  419  430  468  469  470
446   10  457  452  464  466  465  421  472  475  473  476
447   10  445  433  435  463  437  468  469  419  470  430
448   10  451  434  460  453  429  409  425  444  416  413
449   10  454  462  440  459  412  482  458  455  486  492
450   10  442  428  474  455  458  467  459  440  454  462
451   10  448  434  460  453  429  409  444  425  416  413
452   10  465  464  446  472  473  475  457  476  421  466
453   10  460  444  429  439  425  436  438  434  448  451
454   10  459  462  455  458  440  449  484  493  496  450
455   10  458  459  454  462  440  484  450  449  493  496
456   10  467  477  431  481  461  442  490  470  474  468
457   10  466  446  476  464  475  473  472  465  452  485
458   10  459  455  462  454  440  484  493  450  449  496
459   10  458  455  462  454  440  484  449  493  496  450
460   10  453  444  429  451  448  434  439  436  425  438
461   10  470  468  469  477  463  456  481  447  433  467
462   10  459  458  454  455  440  484  449  493  496  492
463   10  468  469  470  447  461  445  433  477  435  437
464   10  465  472  473  475  476  452  457  446  466  485
465   10  464  472  473  475  476  452  457  446  466  485
466   10  457  476  475  473  472  464  446  485  465  489
467   10  456  481  490  474  477  442  431  450  461  498
468   10  469  470  463  461  477  447  445  433  456  481
469   10  468  470  463  461  477  447  445  433  456  481
470   10  469  468  461  463  477  447  445  433  456  481
471   10  504  432  491  509  522  398  441  389  483  487
472   10  473  475  476  464  465  457  485  489  466  452
473   10  475  472  476  464  465  485  489  457  466  452
474   10  450  495  467  490  442  494  498  501  481  456
475   10  473  476  472  464  465  485  457  489  466  452
476   10  475  473  472  464  465  485  466  489  457  446
477   10  461  481  470  456  469  468  467  463  490  431
478   10  483  500  441  486  482  491  502  449  492  411
479   10  497  443  508  514  512  499  516  513  487  503
480   10  488  466  485  503  506  457  489  476  507  475
481   10  490  467  477  456  498  474  461  501  495  470
482   10  486  492  502  449  500  462  478  496  483  454
483   10  478  500  486  491  441  482  502  504  492  449
484   10  493  496  494  462  458  459  505  455  492  454
485   10  489  476  475  473  472  466  464  465  457  480
486   10  482  502  492  500  478  483  449  462  496  454
487   10  499  510  443  514  479  526  528  497  432  529
488   10  480  503  506  507  466  485  511  489  517  457
489   10  485  476  475  473  472  464  465  466  457  506
490   10  481  498  501  495  467  474  477  456  494  442
491   10  504  483  509  478  522  471  500  441  486  502
492   10  482  496  502  486  493  484  462  505  459  458
493   10  496  484  505  494  492  462  458  459  495  455
494   10  495  493  484  505  496  501  498  474  490  458
495   10  501  498  494  474  490  493  484  481  505  467
496   10  493  484  505  492  494  462  459  519  458  455
497   10  479  508  512  516  513  514  523  518  521  515
498   10  501  495  490  494  474  481  467  493  505  484
499   10  487  510  514  528  526  479  497  529  443  508
500   10  483  486  502  478  482  491  492  441  504  449
501   10  498  495  490  494  474  481  505  493  467  484
502   10  486  482  492  500  483  496  478  505  519  493
503   10  488  511  517  507  515  506  520  518  480  521
504   10  509  522  491  471  483  500  478  441  526  432
505   10  496  493  519  494  484  492  495  501  531  498
506   10  507  511  503  488  485  480  489  517  515  520
507   10  506  511  503  517  488  515  520  480  485  518
508   10  512  513  516  523  518  521  515  524  525  520
509   10  522  504  491  471  526  483  500  478  510  487
510   10  499  526  487  514  528  529  479  497  443  530
511   10  517  507  515  520  503  506  521  518  524  525
512   10  516  513  508  523  518  525  521  524  527  515
513   10  516  512  523  518  525  521  508  524  515  520
514   10  528  529  499  497  510  530  512  516  527  508
515   10  520  518  521  524  525  523  517  513  516  512
516   10  512  513  523  508  525  518  521  524  527  515
517   10  511  515  520  521  518  524  525  523  503  513
518   10  521  524  515  520  525  523  513  516  517  512
519   10  505  496  531  493  494  492  484  502  501  495
520   10  515  521  518  524  525  523  517  513  516  512
521   10  518  524  520  515  525  523  513  516  517  512
522   10  509  504  491  471  500  483  526  478  510  441
523   10  525  524  513  521  518  516  520  515  512  527
524   10  521  525  518  520  515  523  513  516  517  512
525   10  524  521  523  518  520  515  513  516  512  527
526   10  510  499  487  528  514  509  522  529  504  471
527   10  530  523  516  525  513  512  524  521  518  520
528   10  529  514  530  510  527  499  516  512  497  513
529   10  528  514  530  527  516  512  513  523  508  525
530   10  527  516  523  529  525  512  513  524  521  518
531   10  532  519  505  501  498  494  495  493  496  490
532   10  531  519  505  501  498  495  494  493  496  490
   1    3    1    1    1    3    2    3    1    3    2    1    1    1    1    1    3    3    1    3    2    3    1    2    3    1    1    3    1    2    3    1    1    2    3    3    3    1    3    2    1    2    1    1    3    1    2    1    3    2    3    1    2    3    1    2    2    3    1    3    2    1    3    3    2    3    1    3    1    3    1    2    2    2    3    2    1    3    3    2    1    3    3    1    2    1    1    1    3    2    1    1    3    3    1    1    3    1    2    2    1    3    3    3    1    1    1    3    2    3    3    2    1    2    2    1    1    2    2    3    1    1    1    3    2    2    3    2    2    1    2    1    3    1    2    1    2    2    2    2    3    2    3    3    2    1    1    2    2    1    2    2    3    3    2    1    1    2    3    2    1    3    2    3    3    3    3    2    2    2    2    1    3    1    1    3    1    3    2    2    3    1    2    2    2    2    2    2    3    2    3    1    1    2    2    2    2    3    3    2    2    3    1    2    3    2    3    1    3    1    1    2    2    1    2    1    1    1    1    1    1    1    3    2    3    1    2    2    2    2    2    1    3    3    3    2    1    3    3    3    3    1    2    1    3    3    2    2    1    1    3    3    3    1    3    2    2    3    1    1    2    1    2    3    1    2    1    1    2    1    1    1    2    2    3    1    2    2    2    3    2    2    1    3    2    2    3    1    2    2    1    1    3    1    3    3    3    1    1    2    1    1    1    3    3    1    3    2    1    1    2    1    2    3    3    3    1    1    2    1    2    1    3    3    3    1    1    1    3    1    2    3    1    1    1    3    2    1    1    3    1    2    1    2    1    2    3    1    3    1    2    2    1    3    3    3    1    2    2    3    1    3    1    2    2    1    3    2    3    1    2    2    1    2    3    2    1    1    1    2    2    2    3    2    1    2    3    2    1    3    2    2    1    3    2    3    2    1    3    3    2    2    2    1    3    2    1    1    2    2    2    2    2    3    1    3    2    1    1    1    2    2    2    3    2    2    3    2    3    3    2    3    1    2    1    2    3    2    2    1    3    2    3    2    3    3    1    1    3    1    2    2    1    2    1    3    2    1    3    1    1    1    3    1    1    3    2    3    3    1    1    1    1    2    2    1    3    2    3    3    1    3    2    3    3    3    3    1    2    2    2    1    1    2    2    1    3    3    1    1    1    2    2    2    3    1    3    2    2    1    1    1    1    2    3    1    2    2    3    3    3    2    1    3    3    1    2    1    1    1    2    1