657

1 0.00000e+00 0.00000e+00
2 8.75100e+02 9.83700e+02
3 8.87800e+02 1.04090e+03
4 8.75100e+02 1.13610e+03
5 8.87800e+02 1.27580e+03
6 8.87800e+02 1.49810e+03
7 9.64000e+02 1.50440e+03
8 1.11640e+03 1.21230e+03
9 1.01480e+03 1.14880e+03
10 1.05290e+03 1.13610e+03
11 1.01480e+03 1.05990e+03
12 1.11640e+03 1.05990e+03
13 1.16720e+03 1.01550e+03
14 1.49740e+03 1.04090e+03
15 1.34500e+03 1.03450e+03
16 1.37040e+03 1.05360e+03
17 1.43390e+03 1.05990e+03
18 1.46560e+03 1.05990e+03
19 1.54820e+03 1.05990e+03
20 1.58630e+03 1.05990e+03
21 1.43390e+03 1.09800e+03
22 1.30690e+03 1.11070e+03
23 1.62440e+03 1.11070e+03
24 1.71330e+03 1.11070e+03
25 1.24970e+03 1.11710e+03
26 1.75140e+03 1.13610e+03
27 1.72600e+03 1.16150e+03
28 1.70060e+03 1.17420e+03
29 1.42750e+03 1.17420e+03
30 1.62440e+03 1.18690e+03
31 1.70690e+03 1.21230e+03
32 1.79580e+03 1.22500e+03
33 1.22430e+03 1.22500e+03
34 1.21160e+03 1.23770e+03
35 1.87840e+03 1.23770e+03
36 1.22430e+03 1.25040e+03
37 1.21160e+03 1.26310e+03
38 1.85300e+03 1.26310e+03
39 1.89110e+03 1.27580e+03
40 1.22430e+03 1.27580e+03
41 1.50370e+03 1.28850e+03
42 1.21800e+03 1.29490e+03
43 1.87840e+03 1.30120e+03
44 1.95460e+03 1.30120e+03
45 1.32590e+03 1.30760e+03
46 1.30690e+03 1.32030e+03
47 1.86570e+03 1.32030e+03
48 2.03080e+03 1.33300e+03
49 1.61170e+03 1.33300e+03
50 1.38310e+03 1.33300e+03
51 1.43390e+03 1.33930e+03
52 2.09430e+03 1.33930e+03
53 1.59900e+03 1.35200e+03
54 1.11000e+03 1.36470e+03
55 1.40210e+03 1.36470e+03
56 1.67520e+03 1.36470e+03
57 2.18950e+03 1.36470e+03
58 1.58630e+03 1.37110e+03
59 1.89110e+03 1.37740e+03
60 1.61800e+03 1.38380e+03
61 1.10370e+03 1.39010e+03
62 1.99270e+03 1.39010e+03
63 2.13240e+03 1.39010e+03
64 1.26880e+03 1.40280e+03
65 1.09100e+03 1.41550e+03
66 1.51010e+03 1.41550e+03
67 1.97360e+03 1.41550e+03
68 2.23400e+03 1.42820e+03
69 1.24340e+03 1.42820e+03
70 1.61800e+03 1.44090e+03
71 1.87840e+03 1.46630e+03
72 1.98000e+03 1.47270e+03
73 1.53550e+03 1.47900e+03
74 1.24970e+03 1.47900e+03
75 1.29420e+03 1.49170e+03
76 2.06890e+03 1.49170e+03
77 2.23400e+03 1.50440e+03
78 1.25610e+03 1.50440e+03
79 1.01480e+03 1.51710e+03
80 1.11640e+03 1.51710e+03
81 1.98000e+03 1.51710e+03
82 2.06890e+03 1.51710e+03
83 2.18320e+03 1.51710e+03
84 2.24670e+03 1.51710e+03
85 1.26880e+03 1.52350e+03
86 1.51640e+03 1.54250e+03
87 1.73870e+03 1.54250e+03
88 2.32920e+03 1.54250e+03
89 2.31650e+03 1.55520e+03
90 2.24670e+03 1.55520e+03
91 1.85930e+03 1.55520e+03
92 1.36400e+03 1.55520e+03
93 1.71330e+03 1.56160e+03
94 1.31320e+03 1.56790e+03
95 2.23400e+03 1.56790e+03
96 2.33560e+03 1.56790e+03
97 2.16410e+03 1.58060e+03
98 1.35130e+03 1.58060e+03
99 1.33860e+03 1.59330e+03
100 1.70690e+03 1.59330e+03
101 2.12600e+03 1.59970e+03
102 1.20530e+03 1.61240e+03
103 1.40850e+03 1.61870e+03
104 1.57360e+03 1.61870e+03
105 1.84660e+03 1.61870e+03
106 1.92920e+03 1.61870e+03
107 2.04980e+03 1.61870e+03
108 2.10700e+03 1.61870e+03
109 2.28480e+03 1.61870e+03
110 2.36730e+03 1.64410e+03
111 2.18320e+03 1.64410e+03
112 2.11330e+03 1.64410e+03
113 2.01810e+03 1.64410e+03
114 1.64980e+03 1.64410e+03
115 1.47200e+03 1.64410e+03
116 1.31320e+03 1.64410e+03
117 1.15450e+03 1.66320e+03
118 9.51300e+02 1.66950e+03
119 1.50370e+03 1.66950e+03
120 1.59900e+03 1.66950e+03
121 1.73870e+03 1.66950e+03
122 1.92920e+03 1.66950e+03
123 2.03710e+03 1.66950e+03
124 2.23400e+03 1.66950e+03
125 2.46260e+03 1.66950e+03
126 2.56420e+03 1.66950e+03
127 2.64040e+03 1.66950e+03
128 2.43080e+03 1.67590e+03
129 1.12910e+03 1.67590e+03
130 1.09100e+03 1.68220e+03
131 1.14180e+03 1.68860e+03
132 1.00210e+03 1.69490e+03
133 1.26240e+03 1.69490e+03
134 2.74200e+03 1.69490e+03
135 2.29750e+03 1.70130e+03
136 2.57050e+03 1.70760e+03
137 2.71660e+03 1.72030e+03
138 1.16720e+03 1.72030e+03
139 1.01480e+03 1.72670e+03
140 1.69420e+03 1.73300e+03
141 1.26240e+03 1.73940e+03
142 8.75100e+02 1.73940e+03
143 1.11640e+03 1.74570e+03
144 2.07520e+03 1.74570e+03
145 2.40540e+03 1.74570e+03
146 2.43720e+03 1.74570e+03
147 2.25300e+03 1.75840e+03
148 1.75770e+03 1.77110e+03
149 1.68790e+03 1.77110e+03
150 1.82760e+03 1.78380e+03
151 2.03080e+03 1.78380e+03
152 2.15780e+03 1.79650e+03
153 2.58320e+03 1.79650e+03
154 2.08160e+03 1.80290e+03
155 1.81490e+03 1.80920e+03
156 1.21160e+03 1.81560e+03
157 1.01480e+03 1.82190e+03
158 1.50370e+03 1.82190e+03
159 2.03080e+03 1.82190e+03
160 2.81820e+03 1.82190e+03
161 2.69120e+03 1.83460e+03
162 1.69420e+03 1.83460e+03
163 1.12270e+03 1.83460e+03
164 9.89400e+02 1.84100e+03
165 1.10370e+03 1.84730e+03
166 1.42120e+03 1.84730e+03
167 2.03080e+03 1.84730e+03
168 2.13240e+03 1.84730e+03
169 1.24970e+03 1.85370e+03
170 1.62440e+03 1.86000e+03
171 1.68150e+03 1.86000e+03
172 1.62440e+03 1.87910e+03
173 1.23070e+03 1.89180e+03
174 2.91980e+03 1.89180e+03
175 2.71660e+03 1.89810e+03
176 2.47530e+03 1.89810e+03
177 2.26570e+03 1.89810e+03
178 1.86570e+03 1.89810e+03
179 1.24970e+03 1.89810e+03
180 1.90380e+03 1.90450e+03
181 1.30690e+03 1.91080e+03
182 1.32590e+03 1.91080e+03
183 2.84360e+03 1.91080e+03
184 2.93880e+03 1.91080e+03
185 1.89110e+03 1.91720e+03
186 1.24340e+03 1.92350e+03
187 1.29420e+03 1.92350e+03
188 1.37670e+03 1.92350e+03
189 2.34830e+03 1.92350e+03
190 2.78640e+03 1.92350e+03
191 1.14180e+03 1.93620e+03
192 1.28780e+03 1.94260e+03
193 2.31650e+03 1.94260e+03
194 2.67850e+03 1.94260e+03
195 2.97690e+03 1.94890e+03
196 1.27510e+03 1.95530e+03
197 1.14180e+03 1.96800e+03
198 1.27510e+03 1.97430e+03
199 1.29420e+03 1.98070e+03
200 1.30050e+03 1.99970e+03
201 2.99600e+03 1.99970e+03
202 3.09760e+03 1.99970e+03
203 3.11660e+03 2.01880e+03
204 2.76100e+03 2.02510e+03
205 1.51640e+03 2.02510e+03
206 2.80550e+03 2.03780e+03
207 1.20530e+03 2.06960e+03
208 2.00540e+03 2.07590e+03
209 1.92920e+03 2.08860e+03
210 1.28150e+03 2.09500e+03
211 1.00210e+03 2.09500e+03
212 2.57690e+03 2.10130e+03
213 2.84990e+03 2.10130e+03
214 2.95150e+03 2.10130e+03
215 1.94820e+03 2.10770e+03
216 1.66250e+03 2.11400e+03
217 2.82450e+03 2.11400e+03
218 1.31320e+03 2.12670e+03
219 1.24340e+03 2.13940e+03
220 1.97360e+03 2.13940e+03
221 1.15450e+03 2.15210e+03
222 1.78950e+03 2.15210e+03
223 2.80550e+03 2.15210e+03
224 2.22760e+03 2.16480e+03
225 2.10060e+03 2.16480e+03
226 1.57990e+03 2.16480e+03
227 2.08160e+03 2.17750e+03
228 1.92920e+03 2.19020e+03
229 2.15140e+03 2.19020e+03
230 3.09760e+03 2.19020e+03
231 1.14810e+03 2.19660e+03
232 9.89400e+02 2.20290e+03
233 1.73870e+03 2.20290e+03
234 2.46260e+03 2.20290e+03
235 1.25610e+03 2.20930e+03
236 1.01480e+03 2.20930e+03
237 1.57360e+03 2.22200e+03
238 9.13200e+02 2.22830e+03
239 1.11000e+03 2.22830e+03
240 1.16720e+03 2.22830e+03
241 1.35130e+03 2.22830e+03
242 1.74500e+03 2.22830e+03
243 2.07520e+03 2.22830e+03
244 2.17050e+03 2.22830e+03
245 2.50070e+03 2.22830e+03
246 2.82450e+03 2.22830e+03
247 3.14840e+03 2.22830e+03
248 1.84030e+03 2.24100e+03
249 1.58630e+03 2.24740e+03
250 2.36100e+03 2.24740e+03
251 2.09430e+03 2.25370e+03
252 1.84660e+03 2.26010e+03
253 1.94820e+03 2.26640e+03
254 1.20530e+03 2.27280e+03
255 1.64340e+03 2.27910e+03
256 2.17050e+03 2.27910e+03
257 2.56420e+03 2.27910e+03
258 3.14840e+03 2.27910e+03
259 3.00230e+03 2.30450e+03
260 2.17050e+03 2.30450e+03
261 1.80850e+03 2.30450e+03
262 1.23070e+03 2.31090e+03
263 1.11640e+03 2.31090e+03
264 1.28150e+03 2.31720e+03
265 1.30690e+03 2.32360e+03
266 2.88170e+03 2.32360e+03
267 3.05310e+03 2.32360e+03
268 2.60860e+03 2.32990e+03
269 1.91010e+03 2.32990e+03
270 9.00500e+02 2.32990e+03
271 2.00540e+03 2.33630e+03
272 1.23070e+03 2.34260e+03
273 2.40540e+03 2.34260e+03
274 2.97060e+03 2.34260e+03
275 2.48800e+03 2.35530e+03
276 1.59900e+03 2.35530e+03
277 1.98000e+03 2.36170e+03
278 2.36100e+03 2.36170e+03
279 2.78640e+03 2.36170e+03
280 3.14840e+03 2.38070e+03
281 3.00230e+03 2.38070e+03
282 2.81180e+03 2.38070e+03
283 2.64040e+03 2.38070e+03
284 2.50070e+03 2.38070e+03
285 2.17050e+03 2.38070e+03
286 2.72930e+03 2.39340e+03
287 2.51970e+03 2.39340e+03
288 1.58630e+03 2.39340e+03
289 1.44660e+03 2.39340e+03
290 1.07830e+03 2.39340e+03
291 1.16720e+03 2.40610e+03
292 2.34830e+03 2.40610e+03
293 1.59900e+03 2.43150e+03
294 1.42750e+03 2.43150e+03
295 1.69420e+03 2.44420e+03
296 2.84990e+03 2.44420e+03
297 2.93880e+03 2.44420e+03
298 3.00230e+03 2.45060e+03
299 1.15450e+03 2.45060e+03
300 1.42750e+03 2.45690e+03
301 1.98000e+03 2.45690e+03
302 2.81180e+03 2.45690e+03
303 2.87530e+03 2.46960e+03
304 1.41480e+03 2.46960e+03
305 2.15140e+03 2.49500e+03
306 2.17680e+03 2.50770e+03
307 3.05310e+03 2.50770e+03
308 1.22430e+03 2.51410e+03
309 1.54820e+03 2.53310e+03
310 1.59260e+03 2.53310e+03
311 1.98000e+03 2.53310e+03
312 2.10700e+03 2.53310e+03
313 2.18320e+03 2.53310e+03
314 2.46260e+03 2.53310e+03
315 2.54510e+03 2.53310e+03
316 2.56420e+03 2.53310e+03
317 2.67210e+03 2.53310e+03
318 1.24340e+03 2.54580e+03
319 2.18950e+03 2.55850e+03
320 2.83090e+03 2.55850e+03
321 1.92280e+03 2.56490e+03
322 1.62440e+03 2.56490e+03
323 1.19890e+03 2.56490e+03
324 1.33230e+03 2.57760e+03
325 1.39580e+03 2.58390e+03
326 1.67520e+03 2.58390e+03
327 1.90380e+03 2.58390e+03
328 2.13240e+03 2.58390e+03
329 2.43720e+03 2.58390e+03
330 2.60860e+03 2.58390e+03
331 2.86260e+03 2.59030e+03
332 2.97060e+03 2.59030e+03
333 2.53880e+03 2.60930e+03
334 2.20860e+03 2.60930e+03
335 1.44660e+03 2.60930e+03
336 1.22430e+03 2.62200e+03
337 2.76100e+03 2.62840e+03
338 3.12300e+03 2.63470e+03
339 2.58960e+03 2.63470e+03
340 2.38000e+03 2.63470e+03
341 1.30690e+03 2.63470e+03
342 1.16720e+03 2.64110e+03
343 1.59260e+03 2.64740e+03
344 2.81180e+03 2.64740e+03
345 2.60860e+03 2.66010e+03
346 1.19260e+03 2.66010e+03
347 1.37040e+03 2.67280e+03
348 1.14180e+03 2.68550e+03
349 1.63070e+03 2.68550e+03
350 1.70060e+03 2.68550e+03
351 1.92280e+03 2.68550e+03
352 2.17680e+03 2.68550e+03
353 2.48160e+03 2.68550e+03
354 2.62770e+03 2.68550e+03
355 2.83090e+03 2.68550e+03
356 2.93880e+03 2.68550e+03
357 3.09760e+03 2.68550e+03
358 2.20220e+03 2.69820e+03
359 2.10700e+03 2.69820e+03
360 2.43720e+03 2.70460e+03
361 2.90070e+03 2.70460e+03
362 1.21160e+03 2.71090e+03
363 2.57690e+03 2.71730e+03
364 2.46260e+03 2.73630e+03
365 1.63070e+03 2.73630e+03
366 1.98000e+03 2.74900e+03
367 2.38000e+03 2.74900e+03
368 2.60860e+03 2.76170e+03
369 2.32290e+03 2.76170e+03
370 1.92280e+03 2.76170e+03
371 1.58630e+03 2.76170e+03
372 1.02750e+03 2.76810e+03
373 1.26880e+03 2.77440e+03
374 2.10700e+03 2.78710e+03
375 2.33560e+03 2.78710e+03
376 2.76100e+03 2.78710e+03
377 2.32290e+03 2.79980e+03
378 1.96090e+03 2.79980e+03
379 2.17680e+03 2.81250e+03
380 2.34830e+03 2.81250e+03
381 2.77370e+03 2.81250e+03
382 2.84990e+03 2.81890e+03
383 2.58960e+03 2.82520e+03
384 2.81180e+03 2.83790e+03
385 2.38000e+03 2.83790e+03
386 2.23400e+03 2.83790e+03
387 1.97360e+03 2.83790e+03
388 1.82760e+03 2.83790e+03
389 1.61170e+03 2.83790e+03
390 1.44660e+03 2.83790e+03
391 1.11000e+03 2.83790e+03
392 1.28150e+03 2.85060e+03
393 2.50700e+03 2.85700e+03
394 2.91980e+03 2.86330e+03
395 2.31020e+03 2.86330e+03
396 2.22130e+03 2.86330e+03
397 2.19590e+03 2.86330e+03
398 1.57990e+03 2.86330e+03
399 1.35770e+03 2.87600e+03
400 9.83000e+02 2.87600e+03
401 1.44020e+03 2.88870e+03
402 2.06250e+03 2.88870e+03
403 2.23400e+03 2.88870e+03
404 2.32290e+03 2.88870e+03
405 1.44660e+03 2.91410e+03
406 2.08160e+03 2.91410e+03
407 2.24670e+03 2.91410e+03
408 2.33560e+03 2.91410e+03
409 3.23090e+03 2.91410e+03
410 1.17350e+03 2.92050e+03
411 2.17680e+03 2.92680e+03
412 2.58960e+03 2.92680e+03
413 2.34830e+03 2.93950e+03
414 2.25940e+03 2.93950e+03
415 2.10700e+03 2.93950e+03
416 1.44660e+03 2.93950e+03
417 1.11000e+03 2.93950e+03
418 2.57050e+03 2.95220e+03
419 2.78640e+03 2.95860e+03
420 2.19590e+03 2.96490e+03
421 1.17990e+03 2.99030e+03
422 1.44660e+03 2.99030e+03
423 1.57990e+03 2.99030e+03
424 2.08160e+03 2.99030e+03
425 2.17680e+03 2.99030e+03
426 2.24670e+03 2.99030e+03
427 3.17380e+03 2.99030e+03
428 3.27540e+03 2.99030e+03
429 2.66580e+03 3.00300e+03
430 2.48800e+03 3.00300e+03
431 1.74500e+03 3.00300e+03
432 2.11970e+03 3.00940e+03
433 2.01810e+03 3.01570e+03
434 2.36100e+03 3.02210e+03
435 2.46260e+03 3.02210e+03
436 1.76410e+03 3.02840e+03
437 1.61800e+03 3.03480e+03
438 1.21800e+03 3.04110e+03
439 1.11640e+03 3.05380e+03
440 1.39580e+03 3.09190e+03
441 1.73870e+03 1.08530e+03
442 1.77680e+03 1.05360e+03
443 1.87840e+03 1.04090e+03
444 1.76410e+03 1.02820e+03
445 1.63070e+03 1.02180e+03
446 1.66880e+03 1.01550e+03
447 1.78950e+03 9.96400e+02
448 1.75140e+03 9.71000e+02
449 2.00540e+03 9.71000e+02
450 1.95460e+03 1.00280e+03
451 2.02440e+03 1.00280e+03
452 2.10060e+03 1.00280e+03
453 2.05620e+03 1.00910e+03
454 2.00540e+03 1.02180e+03
455 2.09430e+03 1.04090e+03
456 2.20220e+03 1.04090e+03
457 2.29750e+03 1.04090e+03
458 2.31020e+03 1.06630e+03
459 2.00540e+03 1.07900e+03
460 2.25940e+03 1.08530e+03
461 2.20860e+03 1.10440e+03
462 2.13240e+03 1.11070e+03
463 1.92920e+03 1.11070e+03
464 1.91010e+03 1.12340e+03
465 1.98000e+03 1.12340e+03
466 2.13240e+03 1.14880e+03
467 1.96730e+03 1.15520e+03
468 2.20220e+03 1.17420e+03
469 1.98000e+03 1.18060e+03
470 1.87840e+03 1.20600e+03
471 2.14510e+03 1.26310e+03
472 2.31020e+03 1.32030e+03
473 2.40540e+03 1.33930e+03
474 2.27840e+03 1.00910e+03
475 2.57690e+03 1.02820e+03
476 2.43720e+03 1.05990e+03
477 2.50070e+03 1.15520e+03
478 2.55780e+03 1.15520e+03
479 2.55780e+03 1.21230e+03
480 2.49430e+03 1.23770e+03
481 2.53880e+03 1.36470e+03
482 2.57050e+03 1.36470e+03
483 2.41180e+03 1.37110e+03
484 2.33560e+03 1.39010e+03
485 2.61500e+03 1.39010e+03
486 2.51970e+03 1.39650e+03
487 2.48800e+03 1.41550e+03
488 2.56420e+03 1.41550e+03
489 2.58320e+03 1.42820e+03
490 2.64040e+03 1.43460e+03
491 2.51340e+03 1.44090e+03
492 2.41180e+03 1.45360e+03
493 2.65310e+03 1.47900e+03
494 2.58320e+03 1.49170e+03
495 2.42450e+03 1.49170e+03
496 2.69120e+03 1.50440e+03
497 2.49430e+03 1.51710e+03
498 2.42450e+03 1.51710e+03
499 2.51340e+03 1.54250e+03
500 2.64040e+03 1.55520e+03
501 2.72930e+03 1.56790e+03
502 2.70390e+03 1.58060e+03
503 2.65940e+03 1.58060e+03
504 2.69120e+03 1.59970e+03
505 2.61500e+03 1.61870e+03
506 2.47530e+03 1.61870e+03
507 2.53880e+03 1.64410e+03
508 2.71660e+03 1.64410e+03
509 2.81820e+03 1.66950e+03
510 2.86900e+03 1.66950e+03
511 2.86900e+03 1.76480e+03
512 2.97060e+03 1.76480e+03
513 2.84360e+03 1.40920e+03
514 2.83720e+03 1.39010e+03
515 2.67210e+03 1.31390e+03
516 2.67210e+03 1.27580e+03
517 2.81820e+03 1.27580e+03
518 2.79910e+03 1.25040e+03
519 2.78640e+03 1.23770e+03
520 2.67210e+03 1.11070e+03
521 2.65940e+03 1.05990e+03
522 2.72290e+03 1.04090e+03
523 2.90070e+03 1.04090e+03
524 2.99600e+03 1.04090e+03
525 2.91340e+03 1.00910e+03
526 2.84360e+03 1.00910e+03
527 2.79280e+03 1.00910e+03
528 2.74200e+03 9.71000e+02
529 2.90070e+03 1.54250e+03
530 3.04680e+03 1.00910e+03
531 2.97060e+03 1.00280e+03
532 3.09760e+03 1.00280e+03
533 3.14840e+03 1.00280e+03
534 2.99600e+03 9.71000e+02
535 3.25000e+03 9.71000e+02
536 3.21190e+03 9.96400e+02
537 3.31980e+03 1.00280e+03
538 3.28810e+03 1.04090e+03
539 3.23730e+03 1.09800e+03
540 3.23090e+03 1.12340e+03
541 3.24360e+03 1.13610e+03
542 3.26270e+03 1.14880e+03
543 3.25630e+03 1.30120e+03
544 3.25630e+03 1.45360e+03
545 3.41510e+03 1.39010e+03
546 3.45320e+03 1.42190e+03
547 3.44050e+03 1.44090e+03
548 3.38330e+03 1.46630e+03
549 3.37060e+03 1.47900e+03
550 3.26900e+03 1.48540e+03
551 3.26900e+03 1.50440e+03
552 3.19920e+03 1.51080e+03
553 3.52300e+03 1.51080e+03
554 3.35160e+03 1.54250e+03
555 3.30080e+03 1.54890e+03
556 3.27540e+03 1.56790e+03
557 3.12300e+03 1.58700e+03
558 3.24360e+03 1.59330e+03
559 3.35160e+03 1.59330e+03
560 3.02140e+03 1.61870e+03
561 3.44680e+03 1.65680e+03
562 3.58650e+03 1.65680e+03
563 3.61190e+03 1.65680e+03
564 3.39600e+03 1.66320e+03
565 3.49130e+03 1.69490e+03
566 3.39600e+03 1.69490e+03
567 3.26900e+03 1.69490e+03
568 3.12300e+03 1.79650e+03
569 3.63100e+03 1.79650e+03
570 3.63100e+03 1.84730e+03
571 3.22460e+03 1.85370e+03
572 3.61190e+03 1.89810e+03
573 3.70720e+03 1.92350e+03
574 3.54840e+03 2.03780e+03
575 3.39600e+03 2.05050e+03
576 3.80880e+03 2.10130e+03
577 3.63730e+03 2.12670e+03
578 3.58020e+03 2.12670e+03
579 3.41510e+03 2.15210e+03
580 3.80880e+03 2.15210e+03
581 3.02770e+03 2.15850e+03
582 3.28170e+03 2.20290e+03
583 3.41510e+03 2.22830e+03
584 3.58020e+03 2.22830e+03
585 3.63100e+03 2.22830e+03
586 3.70720e+03 2.22830e+03
587 3.26900e+03 2.24100e+03
588 3.77700e+03 2.27910e+03
589 3.71990e+03 2.31090e+03
590 3.26900e+03 2.36170e+03
591 3.82780e+03 2.38070e+03
592 3.49130e+03 2.40610e+03
593 3.09760e+03 2.42520e+03
594 3.91670e+03 2.43790e+03
595 3.63100e+03 2.45060e+03
596 3.37700e+03 2.45060e+03
597 3.49130e+03 2.45690e+03
598 3.55480e+03 2.46960e+03
599 3.23090e+03 2.47600e+03
600 3.80880e+03 2.48230e+03
601 3.24360e+03 2.48870e+03
602 3.32620e+03 2.50770e+03
603 3.58020e+03 2.53310e+03
604 3.80880e+03 2.53310e+03
605 3.80880e+03 2.55850e+03
606 3.30710e+03 2.55850e+03
607 3.29440e+03 2.57120e+03
608 3.25630e+03 2.58390e+03
609 3.41510e+03 2.58390e+03
610 3.80880e+03 2.58390e+03
611 3.28170e+03 2.59660e+03
612 3.63100e+03 2.64740e+03
613 3.55480e+03 2.73630e+03
614 3.37700e+03 2.78080e+03
615 3.77700e+03 2.78080e+03
616 3.30710e+03 2.82520e+03
617 3.29440e+03 2.85060e+03
618 3.28170e+03 2.86330e+03
619 3.26900e+03 2.87600e+03
620 3.50400e+03 2.87600e+03
621 3.25630e+03 2.88870e+03
622 3.77700e+03 2.89510e+03
623 3.24360e+03 2.90140e+03
624 3.73260e+03 2.97130e+03
625 3.40240e+03 2.99030e+03
626 3.45320e+03 3.04110e+03
627 3.77700e+03 1.87270e+03
628 3.80240e+03 1.68220e+03
629 3.59290e+03 1.49810e+03
630 3.64370e+03 1.33300e+03
631 3.65640e+03 1.32030e+03
632 3.56750e+03 1.25680e+03
633 3.54840e+03 1.24410e+03
634 3.52940e+03 1.21870e+03
635 3.55480e+03 1.18060e+03
636 3.52940e+03 1.16790e+03
637 3.63100e+03 1.14880e+03
638 3.61830e+03 1.13610e+03
639 3.59920e+03 1.12340e+03
640 3.58650e+03 1.11070e+03
641 3.61830e+03 1.09170e+03
642 3.63100e+03 1.07900e+03
643 3.65640e+03 1.01550e+03
644 3.83420e+03 9.83700e+02
645 3.85960e+03 9.83700e+02
646 3.94850e+03 9.96400e+02
647 3.96750e+03 9.71000e+02
648 3.92940e+03 1.30120e+03
649 4.00560e+03 1.39010e+03
650 3.85960e+03 1.42820e+03
651 3.81510e+03 1.46000e+03
652 3.78340e+03 1.48540e+03
653 3.96750e+03 1.54250e+03
654 3.96750e+03 1.71400e+03
655 3.88500e+03 1.79650e+03
656 3.88500e+03 1.84730e+03
657 3.94210e+03 2.03780e+03



1   10    2    3    4   11    9   12   13   10    5    8
2   10    3    4   11    9   10   12    5   13    8   25
3   10    2    4   11    9   10   12    5   13    8   25
4   10    3    9    5    2   11   10   12    8   13   54
5   10    4    9   10    6    3    8   54    7   61   65
6   10    7   79  118   65    5  132   80   61  142   54
7   10   79    6   80   65  118   61  132   54  130  139
8   10   34   10   37   33   36    9   40   42   12   54
9   10   10   11    8   12    4    3    5   13   34    2
10   10    9   11   12    8   13    4   34    3   33   25
11   10   10    9   12    3   13    4    2    8   25    5
12   10   13   10   11    9   25    8   22   33   34   36
13   10   12   25   11   10   22   15    9    8   16   33
14   10   18   19   17   21   20   16  445   23   29   15
15   10   16   22   17   21   18   25   14   29   13   19
16   10   15   17   21   22   18   14   29   25   19   13
17   10   18   21   16   14   15   19   29   22   20   25
18   10   17   14   21   19   16   29   20   15   22   23
19   10   20   14   18  445   23   17   21  446   30   29
20   10   19  445   23   14  446   18   30   24   17  441
21   10   17   18   29   16   14   15   19   22   20   25
22   10   25   15   16   21   29   17   33   34   36   18
23   10   20   30   24  445   19   28  446   27  441   26
24   10  441   26   27   28  442   23  444   31  446   30
25   10   22   33   15   34   13   36   16   12   37   40
26   10   27   24  441   28  442   31   32  444   23   30
27   10   28   26   24   31  441   32   30   23  442  444
28   10   27   31   26   24   30  441   23   32  442  444
29   10   21   17   18   16   22   41   14   15   50   51
30   10   23   28   31   27   24   20   26   49   19  441
31   10   28   27   30   26   32   24   23  441   49   38
32   10   38   35  470   31   27   26   28   39   43   47
33   10   34   36   37   40   42    8   25   46   45   22
34   10   33   36   37   40   42    8   46   25   45   22
35   10  470   38   39   43   32   47   44  469  464  467
36   10   37   34   40   33   42   46    8   45   25   64
37   10   36   40   34   42   33    8   46   45   54   25
38   10   35   39   43   47  470   32   44   59  464  469
39   10   43   38   35   47   44  470   59   32  469  467
40   10   37   42   36   34   33   46   45    8   64   54
41   10   51   53   49   58   55   66   50   29   60   30
42   10   40   37   36   34   33   46   45   64   54    8
43   10   47   39   38   35   44   59  470   32   62   67
44   10   39   43   48   47   62   35   59   38   67  470
45   10   46   50   55   40   42   64   51   36   37   33
46   10   45   50   64   42   40   55   36   37   69   33
47   10   43   39   38   59   35   44  470   32   67   62
48   10   52   62   44   67   63  471   59   72   39   43
49   10   53   58   60   56   70   41   66   30   31   73
50   10   55   51   45   46   41   64   66   29   40   69
51   10   55   50   41   66   45   46   58   29   53   73
52   10   63   48  471   57   62   67   44   76   68   72
53   10   49   58   60   56   70   66   41   73   51   30
54   10   61   65   42   37   40   69    8   80   36   34
55   10   50   51   45   46   66   41   64   75   69   73
56   10   60   49   53   58   70   31   66   73   32   30
57   10   63   68   52  471  472   77  484   83   48   84
58   10   53   60   49   70   66   56   41   73   51   55
59   10   47   43   71   67   44   39   62   38   72   35
60   10   58   53   49   70   56   66   73   41   86   51
61   10   54   65   80   69   42   79   64   40   37   74
62   10   67   48   72   44   59   52   76   81   71   63
63   10   57   52   68   48   76  471   83   62   82   77
64   10   69   74   46   75   78   45   42   85   50   40
65   10   61   54   80   79   69    7   74   42   64   78
66   10   73   58   51   53   70   60   55   86   41   49
67   10   62   72   59   48   81   71   44   76   82   52
68   10   77   57   84   83  484   63   90  472   95   88
69   10   64   74   78   75   85   46   42   61   45   54
70   10   60   58   73   53   56   49   66   86   93   87
71   10   59   91   72   67   81   62   47  105   87  106
72   10   81   67   62   76   82   71   59   91   48  106
73   10   86   66   70   58   60   53  104   49   51   55
74   10   78   75   85   69   64   94   92   80  102   98
75   10   78   85   74   94   69   64   92   98   99  102
76   10   82   72   81   83   63   67  101   62  107   97
77   10   84   90   83   95   68   89   88   97   96  109
78   10   85   74   75   69   94   64   92  102   99   98
79   10    7   80   65    6   61  118  132   54  130  129
80   10   79   65   61  102   74   78  117   85   54    7
81   10   72   82   76   67   71  106  107   91   62  113
82   10   76   81   72  101  107  108   83   97  112  113
83   10   77   84   97   95   90  101   68   82   76  108
84   10   77   90   95   83   89   88   68   96   97  109
85   10   78   75   74   94   69   99   98   92  102   64
86   10   73  104  115   66  119  103   70  120   92  114
87   10   93  100   91  121  105  114   70   71  104  120
88   10   89   96   90   84  109   95  498   77  495  110
89   10   88   96   90  109   84   95   77  110  498  495
90   10   95   84   77   89   83  109   88   97   96  111
91   10  105   71  106   87   81  122   93   72  100  121
92   10   98   99   94  103   75   85  116   78   74  115
93   10   87  100  114  121  105   91  104   70  120  140
94   10   99   98   92   85  116   75   78  103   74  102
95   10   90   84   77   97  109   83   89  111   88  124
96   10   89   88  109  110   90   95  498   84  495   77
97   10  101  111   83  108   95  112   90   77   84  124
98   10   99   92   94  103  116   85   75   78  115   74
99   10   98   94   92  116  103   85   75   78  133  102
100   10   93   87  114  121  120  104  140  105   91   70
101   10  108   97  112  111  107   82   83   95  123  113
102   10  117  131  129  133   85  116  138   94   78   80
103   10  115   98   99   92  116  119   94   86  133  104
104   10  120  114  119   86  115  100   73   93  103  140
105   10   91  106  122  121   87  100   93   71  150   81
106   10  122  105  113   91   81  123  107   72   71   82
107   10  113  123  108  112  101   82   97  106   81   76
108   10  112  101  107   97  111  123  113   82   83  144
109   10   89   96   95  124   90  135  110   88  111   84
110   10  128   96  109  135  125   89  145   88  506  146
111   10  124   97  112  101  108   95  109   90   83  135
112   10  108  101  107  111  123   97  113  144  124   82
113   10  123  107  122  108  106  112  144  101   81   82
114   10  120  100  104  121  140   93  149   87  119  148
115   10  119  103  104   86  120   98   92   99  116   94
116   10   99  133   98   94  103   92  141  102   85   78
117   10  131  129  138  130  102  143  133  141   80  139
118   10  132  139  142  130  157   79    7  164  129  143
119   10  115  104  120  103   86  114  158   98   92   99
120   10  114  104  119  140  115  100  149  121   86   93
121   10  140  100  114  148   93  149  105   87  120  150
122   10  106  113  105  123  107   91  150  151   81  144
123   10  113  107  112  144  108  122  101  151  106  154
124   10  111  135  109  147   95   97   90  112  101  110
125   10  128  506  507  146  145  110  126  136  499  497
126   10  507  136  505  127  125  506  153  503  128  499
127   10  505  126  136  508  504  503  137  507  134  502
128   10  125  146  110  506  145  507  126  135  136   96
129   10  131  117  130  138  143  102  139  132  133  141
130   10  129  131  117  143  138  139  132  102  118  163
131   10  129  117  138  130  143  102  133  141  139  132
132   10  139  118  130  143  157  129  142  131  164  117
133   10  141  116  138  102  117  131   99  156  129   94
134   10  137  508  509  127  504  502  501  510  503  511
135   10  124  147  109  110  145  111  128   96  146   89
136   10  126  507  127  153  505  125  506  146  128  137
137   10  134  508  127  509  161  504  502  160  505  136
138   10  131  143  117  129  130  141  133  156  102  163
139   10  132  118  130  157  143  164  129  131  142  165
140   10  149  148  121  114  162  120  171  100  155  150
141   10  133  156  138  116  169  131  117  102  143  129
142   10  118  132  139  164  157  130  143    6    7  165
143   10  138  131  130  129  163  117  165  139  156  132
144   10  154  151  123  159  152  112  167  113  168  107
145   10  146  128  125  110  135  506  147  176  507  136
146   10  145  128  125  110  506  136  507  135  126  153
147   10  135  124  152  111  177  109  168  145  110  154
148   10  155  149  150  140  162  121  171  170  114  178
149   10  140  162  148  171  170  121  172  155  114  120
150   10  155  148  178  149  180  162  140  121  185  122
151   10  159  154  144  167  123  168  152  113  122  112
152   10  168  154  144  147  151  159  167  124  177  111
153   10  136  161  126  127  176  137  146  507  175  194
154   10  159  151  144  168  167  152  123  112  113  147
155   10  150  148  178  162  180  185  149  140  171  121
156   10  169  173  179  163  141  138  165  186  143  133
157   10  164  165  139  163  143  132  130  142  118  191
158   10  166  170  172  119  188  120  115  171  162  149
159   10  167  151  154  144  168  152  180  123  185  113
160   10  511  183  190  174  175  161  137  134  184  509
161   10  175  194  153  137  160  190  134  183  127  136
162   10  171  149  170  172  148  140  155  150  121  178
163   10  165  143  156  191  157  173  138  169  164  197
164   10  157  165  139  163  132  142  143  118  191  130
165   10  163  157  191  143  156  164  197  173  138  169
166   10  158  188  182  181  187  192  169  179  196  199
167   10  159  151  154  168  144  152  180  185  178  123
168   10  152  154  167  159  144  151  177  147  123  112
169   10  173  179  156  186  181  187  182  192  196  141
170   10  172  171  162  149  158  140  148  120  155  205
171   10  162  170  172  149  148  140  155  150  158  178
172   10  170  171  162  149  158  140  148  205  155  166
173   10  179  186  169  187  192  196  181  156  198  182
174   10  184  183  195  160  201  512  511  190  206  175
175   10  194  161  190  160  183  204  206  153  137  511
176   10  189  153  146  193  145  194  177  136  161  128
177   10  193  189  147  168  152  135  145  154  176  146
178   10  185  180  155  150  148  167  159  162  171  151
179   10  173  186  169  187  192  181  196  182  198  156
180   10  185  178  155  167  150  159  151  209  148  208
181   10  187  182  192  196  179  186  188  198  199  173
182   10  181  187  192  188  196  199  179  198  186  200
183   10  190  174  160  184  175  206  195  204  511  194
184   10  174  195  183  201  512  160  190  511  202  206
185   10  180  178  155  150  167  159  209  151  208  148
186   10  179  173  196  192  187  198  181  169  199  182
187   10  181  192  182  196  186  179  198  199  173  200
188   10  182  181  187  166  192  199  196  200  198  179
189   10  193  177  176  145  147  146  135  152  168  128
190   10  183  175  204  160  194  206  161  174  184  511
191   10  197  165  173  186  163  179  196  169  198  156
192   10  196  187  198  181  199  186  182  200  179  173
193   10  189  177  176  147  168  152  145  146  224  135
194   10  175  161  190  204  206  183  153  160  212  176
195   10  184  201  174  202  183  214  203  512  190  206
196   10  192  198  199  187  186  200  181  179  182  173
197   10  191  186  173  207  165  179  198  196  163  192
198   10  196  199  192  200  187  186  181  179  182  173
199   10  200  198  196  192  187  181  186  182  179  188
200   10  199  198  196  192  187  181  182  186  210  188
201   10  195  202  184  214  203  174  581  183  213  206
202   10  203  201  195  581  214  184  230  571  568  174
203   10  202  201  195  581  230  214  571  184  247  568
204   10  206  190  217  194  213  175  223  183  212  161
205   10  226  216  188  172  170  166  158  237  200  182
206   10  204  213  217  223  190  183  194  214  175  184
207   10  219  210  221  200  198  197  218  199  196  231
208   10  215  220  209  227  225  228  243  229  185  251
209   10  215  220  208  228  222  185  248  227  253  180
210   10  218  219  207  200  199  235  198  221  196  241
211   10  232  236  238  221  239  231  197  207  191  240
212   10  245  234  257  194  204  176  268  223  206  175
213   10  217  223  206  214  204  246  201  581  190  183
214   10  581  213  201  217  195  223  206  230  202  246
215   10  209  220  208  228  227  253  225  222  248  243
216   10  226  233  222  237  242  249  255  205  248  252
217   10  213  223  206  204  246  214  190  183  201  581
218   10  210  219  235  241  207  200  199  198  221  196
219   10  210  218  235  207  221  231  240  254  241  200
220   10  215  209  228  208  227  253  225  243  251  248
221   10  231  240  239  219  207  235  254  210  236  218
222   10  233  242  248  252  216  228  209  261  215  220
223   10  217  213  246  206  204  214  266  279  581  282
224   10  229  244  225  256  227  260  250  251  243  285
225   10  227  229  243  251  244  224  220  208  256  260
226   10  237  249  216  255  205  233  242  276  222  288
227   10  225  243  229  251  244  220  208  256  224  215
228   10  220  253  215  209  248  252  208  269  222  243
229   10  244  225  227  224  243  251  256  260  220  208
230   10  247  581  258  267  259  214  203  587  582  202
231   10  240  221  239  254  235  219  263  236  207  262
232   10  236  238  211  239  270  231  263  221  240  290
233   10  242  222  248  216  255  252  261  249  226  237
234   10  245  250  257  273  212  275  284  278  268  287
235   10  219  254  240  241  218  262  231  264  221  210
236   10  232  239  238  211  231  263  221  240  270  290
237   10  249  226  255  276  216  233  242  288  205  293
238   10  232  270  236  211  239  263  290  231  221  240
239   10  231  240  263  221  236  254  232  262  235  219
240   10  231  239  254  221  235  263  262  219  272  264
241   10  235  265  218  264  219  262  210  254  272  240
242   10  233  222  248  261  252  255  216  249  237  226
243   10  251  227  225  229  244  256  260  271  253  220
244   10  229  256  260  251  224  225  243  227  285  250
245   10  234  257  275  250  212  268  273  284  287  278
246   10  223  266  217  213  279  282  214  274  286  206
247   10  258  230  587  267  582  581  280  259  590  593
248   10  252  261  242  228  222  233  253  269  220  215
249   10  237  255  226  276  288  216  233  242  293  289
250   10  273  234  278  245  224  292  275  244  284  256
251   10  243  227  244  256  229  225  260  271  253  285
252   10  248  261  269  253  242  228  233  222  277  220
253   10  269  228  271  277  252  248  220  243  261  251
254   10  262  240  272  235  264  231  263  239  265  221
255   10  249  276  237  242  233  288  226  293  216  261
256   10  260  244  251  229  285  243  224  225  227  271
257   10  268  245  275  284  287  283  234  273  212  286
258   10  247  280  230  267  587  590  259  582  593  581
259   10  274  267  281  266  298  581  258  230  297  593
260   10  256  285  244  251  229  243  224  227  225  271
261   10  252  248  242  269  233  253  222  228  255  295
262   10  272  254  264  265  240  235  263  291  231  241
263   10  239  290  254  240  291  262  231  272  236  299
264   10  265  262  272  254  235  241  240  291  263  231
265   10  264  262  272  241  254  235  289  294  291  240
266   10  282  274  279  246  259  296  297  281  303  302
267   10  259  281  274  258  593  280  247  298  230  297
268   10  283  257  287  284  275  286  245  279  234  273
269   10  253  277  252  271  261  248  228  301  243  242
270   10  238  232  236  290  263  239  211  291  231  299
271   10  277  253  269  251  301  243  228  260  285  256
272   10  262  264  254  265  291  263  240  299  235  290
273   10  278  275  292  284  250  287  245  234  257  314
274   10  281  259  267  266  297  298  593  296  303  282
275   10  284  287  273  257  268  278  245  292  283  234
276   10  288  293  255  249  295  237  289  310  309  294
277   10  271  269  301  253  251  243  252  311  228  261
278   10  292  273  250  275  284  287  234  285  245  260
279   10  282  286  302  266  296  246  303  283  297  268
280   10  593  258  267  590  599  601  281  247  307  298
281   10  274  298  259  267  297  593  266  307  280  303
282   10  279  296  302  286  266  303  297  246  274  283
283   10  268  286  287  257  284  279  275  317  316  282
284   10  287  275  273  268  257  283  278  245  292  314
285   10  260  256  305  306  251  244  313  312  271  319
286   10  279  282  283  302  296  268  317  303  266  246
287   10  284  275  268  283  257  273  315  316  314  278
288   10  276  293  295  255  289  310  309  249  294  300
289   10  294  300  304  288  265  276  293  309  264  241
290   10  291  263  299  272  239  262  254  240  270  308
291   10  299  290  272  263  262  308  254  264  318  323
292   10  278  273  275  284  250  314  287  285  329  306
293   10  288  276  295  310  309  322  289  255  326  294
294   10  300  304  289  325  309  265  288  293  324  335
295   10  293  288  276  310  322  326  309  255  261  242
296   10  303  302  282  297  279  320  266  286  331  298
297   10  298  303  296  281  274  302  307  266  282  332
298   10  297  281  307  593  274  303  267  332  259  296
299   10  291  308  290  323  318  272  263  262  264  254
300   10  304  294  289  325  309  335  324  288  293  265
301   10  311  277  321  271  269  327  312  305  253  328
302   10  296  303  282  279  320  286  297  331  266  317
303   10  296  302  297  320  282  331  298  279  266  332
304   10  300  294  289  325  324  335  309  265  318  288
305   10  306  313  312  319  328  285  334  311  301  260
306   10  313  305  319  312  328  334  285  352  358  311
307   10  298  593  332  297  281  338  280  599  303  357
308   10  318  323  299  336  291  324  342  341  346  272
309   10  310  322  293  343  335  326  300  288  304  294
310   10  309  322  326  293  343  295  288  349  335  276
311   10  321  301  327  312  328  351  277  305  271  306
312   10  328  305  306  313  319  311  334  301  359  285
313   10  319  306  305  328  312  334  352  285  358  359
314   10  329  315  316  333  340  287  353  330  284  339
315   10  316  333  330  314  339  329  317  345  287  284
316   10  315  330  333  314  339  317  345  329  287  354
317   10  330  316  315  337  339  345  286  333  283  354
318   10  308  323  336  324  341  342  346  299  325  291
319   10  313  306  334  328  305  312  352  358  359  285
320   10  331  344  337  303  302  296  355  332  297  317
321   10  327  311  351  301  312  366  370  328  277  359
322   10  310  326  309  343  349  293  295  350  365  288
323   10  318  308  336  342  346  299  341  348  324  362
324   10  341  325  318  347  336  335  308  323  304  300
325   10  335  324  347  341  304  300  294  318  309  336
326   10  322  310  343  350  349  309  295  365  293  371
327   10  321  311  351  301  370  366  312  378  350  328
328   10  312  319  313  334  306  305  352  359  358  311
329   10  314  340  333  353  315  360  316  364  339  330
330   10  339  316  333  345  317  315  354  363  314  337
331   10  320  344  355  332  337  361  303  356  302  296
332   10  356  331  307  361  298  320  297  303  357  338
333   10  339  330  315  316  345  353  329  314  363  354
334   10  319  313  328  352  358  306  312  305  359  340
335   10  325  347  324  309  341  304  343  300  310  294
336   10  346  342  323  318  341  362  348  308  324  347
337   10  344  355  320  331  317  354  345  376  330  361
338   10  357  608  307  332  611  607  601  356  599  606
339   10  345  330  333  354  363  316  315  353  368  317
340   10  329  360  353  367  314  364  369  375  333  334
341   10  324  347  336  325  318  346  362  323  342  335
342   10  346  348  336  323  362  318  308  341  373  324
343   10  349  322  365  326  310  371  350  309  335  389
344   10  355  337  331  320  361  356  376  332  381  382
345   10  339  354  363  330  333  368  353  316  317  315
346   10  342  336  362  348  323  341  318  373  308  324
347   10  341  325  335  324  373  336  362  346  318  390
348   10  342  346  362  336  323  372  373  391  318  341
349   10  365  343  350  371  326  322  389  310  309  398
350   10  349  365  326  343  371  322  389  310  388  398
351   10  370  366  327  378  321  387  311  388  359  374
352   10  358  359  334  328  374  379  319  313  386  369
353   10  360  364  333  363  329  340  339  367  345  354
354   10  345  363  339  368  330  333  383  337  353  317
355   10  344  361  337  331  356  376  320  382  381  384
356   10  361  332  355  331  344  357  382  320  394  337
357   10  338  332  356  307  608  361  611  607  606  601
358   10  352  334  359  379  374  328  369  319  386  377
359   10  352  374  358  328  379  334  366  319  312  378
360   10  364  353  367  340  329  369  375  333  380  363
361   10  356  355  344  331  382  332  337  394  384  320
362   10  346  348  342  373  336  341  323  392  391  347
363   10  368  354  345  339  353  383  333  364  330  360
364   10  360  353  367  363  393  385  340  375  380  369
365   10  349  371  350  343  389  398  326  322  310  390
366   10  378  370  351  387  374  359  402  388  327  321
367   10  369  375  380  360  377  364  385  340  353  395
368   10  363  383  354  345  339  393  353  364  376  412
369   10  375  377  380  367  385  395  386  404  360  358
370   10  378  366  351  387  388  327  374  402  359  321
371   10  365  389  349  398  343  350  390  401  326  322
372   10  391  400  348  342  417  362  346  410  373  336
373   10  392  362  399  346  347  341  348  336  342  391
374   10  379  359  402  397  352  406  358  366  386  396
375   10  377  380  369  367  385  395  404  386  408  360
376   10  381  384  382  355  344  368  337  361  354  419
377   10  375  380  369  395  385  367  404  386  408  396
378   10  387  370  366  351  402  388  374  406  359  415
379   10  397  386  396  374  403  411  358  407  352  359
380   10  375  377  385  369  395  367  404  408  386  413
381   10  376  384  382  355  419  394  361  344  368  383
382   10  384  381  394  376  361  355  419  356  344  337
383   10  368  393  412  363  418  354  364  345  376  353
384   10  382  381  376  394  419  355  361  344  356  337
385   10  380  375  377  395  404  408  367  369  413  393
386   10  396  397  403  379  407  395  377  404  414  411
387   10  378  366  370  402  406  374  388  351  415  433
388   10  370  378  387  366  351  431  350  436  389  365
389   10  398  371  365  349  423  390  350  401  405  343
390   10  401  405  399  416  398  422  371  389  392  347
391   10  417  410  372  400  348  362  421  373  392  346
392   10  373  399  410  362  401  390  391  421  405  416
393   10  383  412  418  385  364  368  430  363  380  367
394   10  382  384  381  361  419  376  356  355  344  357
395   10  404  408  380  377  385  403  386  375  407  413
396   10  397  403  386  407  379  411  414  395  404  420
397   10  396  403  386  379  411  407  414  420  395  415
398   10  389  371  423  390  365  401  405  416  437  422
399   10  392  401  405  390  416  373  422  410  347  421
400   10  372  391  417  410  439  421  348  362  438  342
401   10  405  416  390  399  422  398  392  423  389  371
402   10  406  415  387  424  374  411  432  433  378  397
403   10  396  407  397  386  414  411  395  420  404  379
404   10  395  408  413  385  407  380  414  403  377  375
405   10  416  401  422  390  399  398  423  392  389  440
406   10  402  415  424  411  432  433  425  420  397  374
407   10  414  403  396  411  420  397  426  386  404  395
408   10  413  404  395  414  385  407  380  403  434  377
409   10  623  621  619  618  428  617  427  616  625  614
410   10  417  421  391  438  392  439  373  399  400  372
411   10  420  425  397  403  415  407  396  414  426  406
412   10  418  383  429  393  430  435  368  419  363  381
413   10  408  404  434  395  414  407  385  426  403  380
414   10  407  426  403  420  408  404  411  396  413  395
415   10  406  424  402  411  432  425  420  397  433  403
416   10  405  422  401  390  399  423  398  440  392  389
417   10  410  421  391  439  400  438  372  392  373  362
418   10  412  430  429  393  383  435  368  419  434  385
419   10  384  429  381  382  394  376  412  418  383  368
420   10  425  411  426  414  407  403  432  415  397  396
421   10  438  410  417  439  391  392  399  400  373  440
422   10  416  405  401  440  423  399  390  437  398  392
423   10  437  398  422  416  405  389  431  401  436  390
424   10  432  415  433  406  425  402  411  420  426  397
425   10  420  432  411  426  415  424  414  407  403  406
426   10  414  420  425  407  411  403  413  408  434  404
427   10  409  428  623  621  619  618  617  616  625  626
428   10  409  623  427  621  619  625  618  617  616  626
429   10  412  418  419  430  383  435  393  381  384  376
430   10  435  418  412  434  393  413  408  429  385  404
431   10  436  437  423  388  389  398  433  387  371  365
432   10  424  425  415  420  411  433  406  426  402  414
433   10  424  432  415  406  402  425  411  387  420  378
434   10  413  435  408  426  430  414  404  407  395  420
435   10  430  434  418  413  412  408  393  404  385  429
436   10  431  437  423  388  389  398  433  387  378  370
437   10  423  431  436  398  422  416  389  405  440  401
438   10  421  439  410  417  440  392  399  391  422  416
439   10  421  438  417  410  391  400  392  440  372  399
440   10  422  416  405  438  401  423  399  437  421  390
441   10   24  442   26  444   27   28  446  447  448   23
442   10  444  441  447   24   26  448  443  446   27   28
443   10  450  463  464  447  442  444  454  465  459  467
444   10  442  447  448  441  446   24   26  443  445   27
445   10  446   20   23   19   24  441  448  444   14  442
446   10  445   20  448  444  441   23   24  442  447   19
447   10  444  448  442  443  441  446   24   26  445  450
448   10  447  444  442  446  441  445   24  443   26   20
449   10  451  454  450  453  452  459  455  443  465  463
450   10  454  449  451  443  459  453  463  465  464  455
451   10  454  453  449  450  452  459  455  465  463  443
452   10  455  453  451  454  449  456  462  459  450  461
453   10  451  452  455  454  449  459  450  462  465  456
454   10  451  449  453  450  459  455  452  465  463  443
455   10  452  453  462  451  454  459  456  449  466  461
456   10  461  460  474  457  462  455  452  458  466  468
457   10  458  474  460  456  461  476  468  462  466  452
458   10  457  460  474  461  456  476  468  462  466  477
459   10  465  454  451  463  467  453  450  455  469  464
460   10  458  461  457  456  474  468  462  466  455  452
461   10  460  456  468  462  466  458  457  474  455  452
462   10  466  461  455  468  456  452  453  460  459  451
463   10  464  465  467  459  443  469  470  450  454   35
464   10  463  467  465  443  470  469  459   35  450  454
465   10  467  459  463  469  464  454  450  451  443  470
466   10  462  468  461  455  471  456  460  459  452  465
467   10  469  465  463  464  459  470   35  454   39  443
468   10  461  466  462  471  460  456  458  457  455  472
469   10  467  465  463  464  470  459   35   44   39   38
470   10   35   38   39   32  464   43  467  469  463   47
471   10   52  468   57  466   63   48  462  461  472  469
472   10  484  473  483   57   68  492  471  468   63   77
473   10  483  484  472  487  492  486  480  481  491  495
474   10  457  458  460  456  461  476  462  452  468  455
475   10  521  520  478  476  522  477  528  479  527  480
476   10  477  458  457  475  478  474  460  480  479  521
477   10  478  479  480  476  475  520  521  473  516  458
478   10  479  477  480  520  475  521  476  516  515  522
479   10  478  480  477  516  482  515  520  481  521  475
480   10  479  477  478  481  473  482  483  486  487  516
481   10  482  486  488  487  489  485  491  490  483  494
482   10  481  488  485  486  489  491  487  490  515  494
483   10  473  484  492  487  486  472  495  491  481  498
484   10  472  483  473  492   68  495   57   88   77  487
485   10  489  490  482  488  481  515  486  493  494  491
486   10  487  481  491  488  482  489  485  483  494  492
487   10  491  486  481  488  492  483  489  482  495  497
488   10  489  486  482  481  491  485  487  494  490  493
489   10  488  485  490  494  482  491  486  481  493  487
490   10  493  485  489  488  494  496  482  500  481  515
491   10  487  486  488  489  497  481  494  482  499  492
492   10  495  498  483  487  484  491  497  473   88  486
493   10  496  490  494  500  489  485  503  488  502  501
494   10  489  493  488  490  500  491  499  497  485  496
495   10  498  492  497  487  491  499   88   96  483   89
496   10  493  500  501  502  503  490  504  494  489  505
497   10  499  498  495  491  494  487  506  492  486  488
498   10  495  492  497  499   88   96  506   89  491  487
499   10  497  506  494  498  491  495  507  505  500  487
500   10  503  504  505  502  496  493  494  501  127  508
501   10  502  504  503  496  508  500  493  505  134  509
502   10  504  501  503  508  500  496  505  127  493  134
503   10  500  504  502  505  501  496  508  127  493  494
504   10  502  503  501  508  500  505  127  496  134  137
505   10  127  503  500  126  504  507  502  136  508  501
506   10  125  507  128  499  126  497  110  498  136  146
507   10  126  506  136  505  125  127  499  128  497  500
508   10  504  134  502  137  501  127  503  509  505  500
509   10  510  134  508  511  137  501  502  504  529  160
510   10  509  511  134  529  512  508  560  137  160  501
511   10  160  510  512  509  174  134  183  137  184  190
512   10  511  174  510  184  560  568  160  509  195  183
513   10  514  517  529  518  496  519  501  515  493  490
514   10  513  517  518  519  529  515  496  516  490  493
515   10  516  485  482  490  519  518  481  489  488  517
516   10  515  519  485  518  479  482  517  481  490  520
517   10  518  519  514  513  516  515  520  485  490  523
518   10  519  517  516  515  514  513  520  522  485  523
519   10  518  517  516  515  514  520  513  522  521  523
520   10  521  522  478  475  479  528  527  516  519  477
521   10  520  522  475  528  478  527  479  477  526  516
522   10  521  528  527  520  526  475  523  525  478  519
523   10  525  526  531  524  527  534  530  528  522  532
524   10  531  530  534  525  523  532  526  533  527  536
525   10  523  531  526  524  534  527  530  528  532  522
526   10  527  523  525  528  522  531  524  534  521  520
527   10  526  528  522  523  525  521  520  531  524  534
528   10  527  522  526  521  520  523  475  525  531  534
529   10  510  560  513  509  514  501  502  508  496  504
530   10  532  524  534  531  533  525  523  536  526  535
531   10  534  524  525  530  523  532  526  533  527  528
532   10  533  530  534  524  536  531  535  539  540  525
533   10  532  536  530  535  539  538  540  534  524  541
534   10  531  530  524  525  532  523  533  526  527  536
535   10  536  537  538  533  539  540  532  541  542  530
536   10  535  533  538  539  537  532  540  541  542  530
537   10  538  535  536  539  540  541  542  533  532  636
538   10  537  539  535  536  540  541  542  533  532  530
539   10  540  541  542  538  536  537  535  533  532  543
540   10  541  539  542  538  536  533  537  535  543  532
541   10  540  542  539  538  536  537  533  535  543  532
542   10  541  540  539  538  543  537  536  535  533  532
543   10  544  542  541  540  545  550  551  539  548  549
544   10  550  551  552  555  556  549  548  554  558  543
545   10  546  547  548  549  553  554  544  550  543  551
546   10  547  545  548  549  553  554  629  550  555  559
547   10  546  545  548  549  553  554  629  559  555  550
548   10  549  547  554  545  546  550  555  551  544  559
549   10  548  554  547  555  545  546  550  551  559  544
550   10  551  544  555  552  556  554  549  558  548  559
551   10  550  544  555  556  552  554  558  549  548  559
552   10  551  550  544  558  556  557  555  554  559  549
553   10  629  547  546  548  549  562  545  561  563  554
554   10  559  555  549  556  548  551  550  558  564  544
555   10  556  554  551  559  550  558  549  544  552  548
556   10  555  558  551  559  554  550  552  544  567  549
557   10  560  552  558  556  551  550  567  555  544  568
558   10  556  555  551  552  567  559  550  554  557  544
559   10  554  555  556  564  558  566  561  549  551  548
560   10  557  529  512  510  568  552  509  511  558  556
561   10  564  565  566  559  562  554  553  563  555  567
562   10  563  565  561  569  629  553  564  566  570  628
563   10  562  565  569  629  561  553  570  628  564  566
564   10  566  561  559  565  554  567  555  556  558  549
565   10  561  566  564  562  563  569  559  553  570  554
566   10  564  561  565  559  567  554  555  556  558  562
567   10  558  566  556  564  559  555  571  554  568  557
568   10  571  512  567  202  560  557  195  184  203  174
569   10  570  572  563  562  573  627  565  628  561  655
570   10  569  572  573  627  563  562  565  574  628  656
571   10  568  567  202  203  566  564  575  558  195  512
572   10  570  573  569  574  627  577  578  565  563  562
573   10  627  572  570  569  656  574  576  577  655  578
574   10  578  577  575  572  579  584  573  585  570  583
575   10  579  574  583  582  578  587  577  584  571  572
576   10  580  657  586  577  588  573  585  589  578  627
577   10  578  585  584  586  574  576  580  589  588  573
578   10  577  574  584  585  586  579  583  575  576  580
579   10  583  575  582  578  587  574  584  577  585  590
580   10  576  586  588  577  657  589  585  591  578  584
581   10  230  214  247  259  201  203  267  258  202  213
582   10  587  247  583  579  258  590  230  575  280  203
583   10  579  582  587  584  575  592  578  590  585  596
584   10  585  578  577  586  589  583  579  574  592  588
585   10  584  586  577  578  589  588  580  574  583  576
586   10  585  589  588  577  584  580  578  576  591  595
587   10  582  590  247  258  583  579  230  280  575  267
588   10  589  586  591  580  585  576  584  600  577  594
589   10  588  586  585  591  584  595  580  600  577  576
590   10  599  587  280  601  596  258  602  582  247  593
591   10  600  594  588  589  604  605  586  610  595  580
592   10  597  598  596  595  603  609  583  602  584  585
593   10  280  307  298  281  267  599  274  259  258  601
594   10  591  600  604  605  610  588  589  595  586  580
595   10  598  603  597  592  589  600  604  612  605  591
596   10  602  597  592  606  609  601  590  607  599  611
597   10  592  598  596  603  595  609  602  606  607  612
598   10  597  603  595  592  596  609  612  589  602  584
599   10  601  602  608  606  607  590  280  611  593  596
600   10  604  605  610  591  594  595  589  588  603  612
601   10  599  602  606  608  607  611  590  596  280  593
602   10  606  607  596  601  611  599  608  609  590  597
603   10  598  595  597  612  592  609  613  596  604  605
604   10  605  610  600  594  591  595  612  603  589  615
605   10  610  604  600  594  591  612  595  615  603  589
606   10  607  611  602  608  601  609  599  596  338  590
607   10  606  611  608  602  601  599  609  596  338  590
608   10  611  607  606  601  602  599  338  609  596  357
609   10  606  602  607  611  596  597  608  603  598  592
610   10  605  604  600  594  612  615  591  595  603  598
611   10  608  607  606  602  601  599  609  338  596  357
612   10  613  603  610  598  595  615  605  604  609  597
613   10  612  620  614  603  609  615  616  598  622  617
614   10  616  617  618  619  620  621  623  613  409  609
615   10  622  624  612  610  605  613  604  620  600  603
616   10  617  618  619  621  614  623  409  428  625  620
617   10  618  616  619  621  623  409  614  428  625  427
618   10  619  617  621  616  623  409  614  428  427  625
619   10  621  618  623  617  409  616  428  614  427  625
620   10  613  625  614  626  616  617  618  619  624  621
621   10  623  619  618  409  617  616  428  427  614  625
622   10  624  615  613  620  612  610  605  626  604  625
623   10  621  409  619  618  617  428  616  427  614  625
624   10  622  615  620  626  613  625  612  610  614  605
625   10  626  428  620  618  619  617  621  623  409  616
626   10  625  620  428  618  619  617  621  623  409  616
627   10  573  656  655  570  569  572  628  576  657  654
628   10  655  654  656  627  563  652  569  653  562  651
629   10  553  562  546  563  547  630  631  652  545  548
630   10  631  632  633  634  629  635  637  638  636  652
631   10  630  632  633  634  635  637  638  629  636  639
632   10  633  634  635  636  630  631  637  638  639  640
633   10  632  634  635  636  637  638  630  639  631  640
634   10  633  635  636  632  639  638  640  637  641  630
635   10  636  634  633  639  640  632  638  637  641  642
636   10  635  634  633  640  639  638  632  637  641  642
637   10  638  639  641  640  642  635  636  634  632  633
638   10  637  639  640  641  642  635  636  634  643  633
639   10  640  638  641  637  642  635  636  634  643  633
640   10  639  641  638  642  637  635  636  643  634  633
641   10  642  639  640  638  637  643  635  636  634  633
642   10  641  639  640  638  643  637  635  636  634  633
643   10  642  641  640  639  638  637  644  635  636  645
644   10  645  646  647  643  642  641  637  638  639  640
645   10  644  646  647  643  642  641  637  638  639  640
646   10  647  645  644  643  648  642  641  637  638  639
647   10  646  645  644  643  648  642  641  637  638  639
648   10  649  650  651  652  653  631  630  646  645  644
649   10  648  650  653  651  652  654  628  631  630  646
650   10  651  652  648  649  653  631  630  628  629  654
651   10  652  650  653  648  649  631  630  628  629  563
652   10  651  650  629  653  628  630  631  648  649  563
653   10  649  650  654  651  652  628  648  655  656  563
654   10  655  656  628  653  627  652  651  650  657  649
655   10  656  654  627  628  573  657  569  570  653  572
656   10  655  627  654  628  573  657  570  569  576  572
657   10  576  580  656  627  655  573  588  586  577  654
   1    3    2    3    2    2    3    2    1    2    3    2    2    2    3    3    1    1    2    2    1    2    1    2    2    3    3    3    1    1    2    3    2    2    3    2    1    3    1    2    3    2    1    2    3    1    2    2    3    3    1    2    3    1    1    2    2    3    1    2    2    1    3    3    3    2    2    1    1    2    2    1    3    1    3    1    1    2    2    1    3    3    3    1    3    3    1    1    2    1    3    2    1    1    3    2    1    1    2    2    1    1    3    2    1    1    1    2    2    3    3    2    1    1    3    1    1    1    3    2    3    3    3    2    1    2    3    1    3    3    2    3    2    1    3    1    3    3    2    2    2    3    1    3    1    2    3    1    1    2    1    2    3    3    2    2    2    2    1    3    2    2    2    3    3    1    1    3    2    1    3    1    2    3    1    2    1    1    2    2    1    1    1    1    2    2    2    3    1    1    3    2    1    1    3    1    3    3    2    3    3    3    1    1    2    2    1    2    1    2    1    3    1    1    3    3    2    1    1    3    1    1    3    2    2    2    1    1    3    3    2    3    1    1    1    1    1    3    3    1    1    2    1    1    2    2    3    3    1    3    2    1    3    1    2    1    3    3    1    3    1    2    1    1    2    3    2    2    2    1    3    2    2    3    1    2    1    3    2    1    3    3    1    1    2    3    1    2    1    1    2    1    3    3    1    1    3    1    2    1    1    3    1    2    3    2    2    3    3    2    1    1    2    3    2    3    3    2    2    3    3    2    1    1    3    2    2    1    1    1    2    1    1    2    3    3    2    1    1    3    3    1    3    1    3    1    1    3    3    3    1    1    2    3    2    2    2    3    3    1    3    2    3    1    2    3    3    1    2    1    2    2    2    2    1    1    3    1    2    2    2    1    1    3    1    3    1    1    1    1    1    1    1    2    2    1    2    3    1    2    1    3    1    2    3    2    1    2    3    1    3    1    1    3    2    2    3    3    1    3    2    1    2    1    3    1    1    3    1    3    1    1    1    3    2    2    1    3    2    1    2    2    2    2    1    1    3    1    2    3    3    1    3    1    2    3    3    2    3    3    2    2    2    1    1    3    1    1    1    3    2    3    3    3    2    2    2    3    2    2    3    1    1    3    2    2    2    1    3    2    3    1    3    1    3    2    2    3    2    1    2    3    3    1    3    1    1    2    2    3    2    2    1    3    2    1    2    3    1    2    3    1    1    1    2    3    3    3    2    3    3    1    1    2    3    1    2    3    2    3    1    3    3    2    2    1    2    2    3    3    3    3    3    2    1    2    3    1    2    1    1    3    1    1    2    3    3    1    3    2    3    2    1    1    2    1    2    3    3    3    3    1    2    1    1    3    3    3    2    1    2    2    2    2    2    3    2    2    3    2    3    3    1    3    1    1    2    2    3    3    3    2    2    1    2    3    2    3    1    3    3    2    3    2    2    2    2    2    3    2    3    2    1    3    3    1    2    2    1    1    2    3    3    3    2    3    1    1    2    2    2    1    1    3    2    3    3