76


1 22 22
2 36 26
3 21 45
4 45 35
5 55 20
6 33 34
7 50 50
8 55 45
9 26 59
10 40 66
11 55 65
12 35 51
13 62 35
14 62 57
15 62 24
16 21 36
17 33 44
18 9 56
19 62 48
20 66 14
21 44 13
22 26 13
23 11 28
24 7 43
25 17 64
26 41 46
27 55 34
28 35 16
29 52 26
30 43 26
31 31 76
32 22 53
33 26 29
34 50 40
35 55 50
36 54 10
37 60 15
38 47 66
39 30 60
40 30 50
41 12 17
42 15 14
43 16 19
44 21 48
45 50 30
46 51 42
47 50 15
48 48 21
49 12 38
50 15 56
51 29 39
52 54 38
53 55 57
54 67 41
55 10 70
56 6 25
57 65 27
58 40 60
59 70 64
60 64 4
61 36 6
62 30 20
63 20 30
64 15 5
65 50 70
66 57 72
67 45 42
68 38 33
69 50 4
70 66 8
71 59 5
72 35 60
73 27 24
74 40 20
75 40 37
76 40 40



1   10   73   43   33   63   62   22   42   41   23   16   28    2   56    6   74   64   51   49   68   61   30    3   75   21   17   76   24   48   44    4   47   45   40   29   67   26   32   12    5   69   34   36   50   27   46   52   18    9   37   39
2   10   30   74   68   62    6   73   28   33   75    4   48   76   45    1   51   21   29   22   63   47   16   17   67   34    5   61   27   26   43   52   46   36   42    3   40   12   23   41   69   15   37   44   49    8   13    7   57   64   56   32
3   10   44   32   16   51   40   49   17   50   24    9   63   12   18    6   33   39   25   76   23   26   72   75   68   73    1   67   58    2   56    4   43   62   55   10   30   41   34    7   46   74   42   28   22   31   45   38   52    8   35   27
4   10   75   67   76   45   34   68   46   30   52   27   29   26    6    2    8   48   17   74    7   51   13   35    5   12   33   15   47   73   62   40   19   28   57   21   54   16   53   37   63   58    3    1   36   72   44   14   22   39   32   20
5   10   29   48   47   37   15   36   45   57   20   21   30   27   74   71   70   13   69   52    4   60    2   28   34   68   46   75   61   67   54   76   62    8    6   73   19   26   22   35   33    7   51   17    1   63   12   53   16   14   43   40
6   10   68   51   75    2   33   76   17   73    4   16   30   63   62   67   26   74   40    3    1   12   45   34   28   44   46   48   29   52   49   32   27   22   43   23    7   21    8   47    9   72    5   39   42   58   41   35   24   61   50   56
7   10   35    8   46   53   67   26   34   19   52   14   76   58   12   11    4   38   75   27   72   17   10   13   54   65   45   40   68   39   66    6   51   29   59   30    9   57    2   32   15   48   44    3    5   74   33   31   16   73   47   50
8   10   46   35   52   34    7   19   67   27   53   13   54   14   26    4   76   45   75   29   11   57   68   12   58   17   15   38   30   59    6   72   48    5   65   40   10   51    2   66   74   39   47   37    9   20   33   21   32    3   44   73
9   10   39   32   72   40   25   50   12   44   58    3   10   17   18   31   55   26   51   38   16   76   24   49   67    7    6   75   65   68   53   63   11   33   46   35   34    4    8   66   23    2   52   73   14   30    1   45   19   27   62   56
10   10   58   38   72   65   39   31   11    9   12   53   66   40    7   26   35   32   25   17   14   67    8   76   44   46   50   34    3   19   75   51   59   55   52    4   18    6   68   27   16   54   45   13   33   49   30    2   24   63   29   73
11   10   65   66   53   38   14   35   59   10   58    7   19    8   72   46   26   12   67   39   34   31   54   52   76   40    9   17   13   27    4   75   32   45   68   51   44   25    6   29   57    3   30   50   15    2   48   16    5   55   33   18
12   10   40   17   26   72   58   39    9   76   32   51   67   44   75    7    3   10    6   68   46   34    4   38   35   16   50   53    8   25   52   33   65   11    2   31   63   45   30   27   49   18   19   14   73   24   29   66   13   74   62   55
13   10   27   54   57   52   15    8   45   34   19   46   29   35    5    4   67    7   48   37   30   20   14   75   76   53   47   26   68   36   74   70    2   21    6   59   71   17   11   60   12   28   69   51   58   38   62   40   33   73   72   65
14   10   53   19   35   59   11    8    7   66   54   38   65   46   52   34   13   58   67   26   10   27   72   12   76    4   45   75   57   17   39   29   40   15   68    9   31   30    6   51    5   48   32    2   44   37    3   74   20   47   25   33
15   10   57    5   37   29   20   13   27   45   48   47   52   36   70   54   30   71   34   60    4   46   21    8   74   69   19   67   75   68    2   35   76   28    7   26    6   61   62   14   53   73   17   51   33   22   12    1   59   40   11   58
16   10   63   51   33    3   49   44    6   23   73    1   17   24   40   32   68   43    2   62   56   75   76   12   50   41   26   42   18   22    9    4   30   28   67   74   39   72   25   34   45   46   58   48   64    7   21   29   52   61   27    8
17   10   51   40   12   76   26   75    6    3   68   67   44   32   16    4   72   39   33    9   58   34    7   46    2   63   30   73   50   52   49   45    8   35   10   27   62    1   74   53   25   24   38   29   18   23   48   28   19   43   13   11
18   10   50   25   24   32   55   44    3    9   49   39   40   16   51   72   12   17   23   63   31   56   58   33    6   10   26   76   75    1   73   68   43   67   41   38    2    7   62    4   42   65   34   46   30   53   22   35   11    8   74   28
19   10   35    8   54   14   53    7   46   52   13   34   27   59   67   11   26   57    4   45   76   38   15   29   66   75   65   58   12   68   10    5   30   17   72   48   40    6   37    2   39   51   20   47   74    9   36   21   70   32   33   44
20   10   70   37   60   15   71    5   36   57   47   29   69   48   13   21   45   27   30   74   52   54    4   34   61   28   46    2    8   68   19   75   67   62   76   35    6    7   22   73   26   33   14   53   17   51    1   12   63   16   59   43
21   10   47   74   48   28   36   61   69   30    5   29    2   62   37   71   22   45   73   68   15   60   20    4   70   27    6    1   33   75   57   52   76   34   13   43   67   42   63   46   51   64   41   16   17   26    8   54   23    7   35   12
22   10   62   28    1   73   42   43   61   64   41   74   33    2   21   63   23   30    6   68   56   48   16   47   69   51   75   36   49   29    4   45    5   76   17    3   71   37   67   44   24   27   34   26   40   52   15   46   60   12   20   32
23   10   56   63   49   43   41    1   16   42   33   24   73    3   62   51   22   44    6   64    2   28   17   32   68   18   50   40   74   75   76   30   12   61    9    4   26   21   25   67   39   48   45   72   34   29   47   55   46   58   52   27
24   10   49   18    3   44   50   23   16   56   32   63   51   25   33   40    9   43    1   17   41   55    6   73   39   12   42   62   68   72   76   75    2   26   22   58   67   64    4   28   30   74   10   31   34    7   46   45   38   48   61   52
25   10   50   55    9   18   32   39   44   72   31   40    3   12   10   24   58   17   49   51   16   26   38   76   65    6   63   75   67    7   33   23   68   11   53    4   46   35   56   66   34   73    1    8    2   43   52   14   62   30   41   45
26   10   67   76   12   17   75    7   46   34   40    4   68   51   58    8    6   35   72   52   53   39   45   27    9   10    3   44   30   32    2   38   19   16   33   29   11   14   13   65   48   74   73   63   54   50   62    5   25   49   15   66
27   10   52   45   13   34   29   46    4    8   57   15   67   54    5   30   48   75   19   35   76    7   68   26   47   37   74    2    6   20   53   21   36   14   17   12   51   28   70   62   71   33   40   73   58   69   11   60   72   38   59   61
28   10   74   62   22   21   61    2   73   30   48    1   47   33   68    6   69   43   29   36   42    5   63   45    4   75   64   41   51   16   76   37   71   23   27   67   17   15   34   52   56   46   26   20   60   49   57   70    3   13   40   44
29   10   45   48    5   27   30   15   47    4   52   57   74   13   37   34   21   68    2   46   36   75   67   76   20    8   28    6   54   69   71   70   62   26    7   19   35   60   73   61   33   17   51   22   12    1   53   63   40   16   14   58
30   10   74    2   48   45   68   29    4   75   28    6   47   21    5   76   62   27   34   73   67   52   33   46   51   15   36   26   37   17   13   61    1   22   57    8   69   63   16    7   20   12   71   35   40   43   54   19    3   70   60   42
31   10   10   39   72    9   58   25   38   65   55   32   12   50   40   66   11   44   18   53   26   17    7    3   35   14   67   51   76    8   46   75   34   59   24   16   19    6   49    4   68   52   33   63   27   45   54    2   13   30   23   73
32   10   44    9   50    3   40   39   25   12   18   17   72   51   16   49   24   58   26   55    6   76   10   63   75   33   31   67   68   23    7   38    4   73    2   34    1   46   56   65   35   53   62    8   30   43   11   52   45   41   74   27
33   10   73   63    1   16    6   62   51    2   68   43   23   28   22   75   17   74   49    3   30   76   41   42   44    4   56   40   26   67   48   24   12   45   21   32   61   29   64   34   47   46   50   52   27    9    5   39    7   18   72    8
34   10   46   52   67    8    4   27   76   45    7   75   26   35   13   68   29   19   30   54   17   53    6   12   48    2   57   15    5   14   51   74   58   40   72   47   11   38   33   37   21   10   73   62   39   28   16    3   65   44   36   20
35   10    8    7   53   19   46   14   34   52   67   26   54   11   27   13   38   76   58    4   75   12   59   65   45   10   66   72   17   68   29   40   57   30   39   15    6   51   48    5    9    2   32   74   44    3   47   37   31   33   16   20
36   10   47   71   69   37    5   21   60   70   48   20   29   15   74   61   30   28   57   45   27    2   62   13    4   52   68   22   34   75   73    6   46   76   67   54   33    1    8   26   51   19   43   42   64   63   17   35    7   16   41   12
37   10   20    5   36   70   15   47   71   60   57   48   29   69   21   45   27   13   30   74   52    4   28   61    2   54   34   68   46   75   62    8   67   76    6   19   22   73   35   26    7   33    1   51   17   14   53   63   12   43   16   42
38   10   65   10   11   58   66   53   72    7   14   35   39   31   12   26    9    8   59   40   19   67   46   17   34   76   32   52   75   25    4   44   54   51   27    3   50   68   13    6   45   55   18   16   30   29    2   33   57   15   49   63
39   10    9   72   58   40   12   32   10   25   44   50   31   17    3   26   38   51   18   76   65   55    7   67   75   53   11   16    6   35   46   68   34   49   24    8    4   66   33   63   14   52   19    2   45   27   73   30   23    1   62   59
40   10   12   17   32   44    9   39    3   51   72   26   76   58   50    6   75   16   67   68   10   25    7    4   33   49   18   63   34   46   38   24    2   35    8   53   31   73   52   30   65   55   45   23    1   11   27   62   74   19   29   14
41   10   42   43   56   23    1   64   22   63   73   62   33   49   16   28    2   61   24    6   51   74    3   68   21   44   30   17   75   48   76   32   40    4   47   50   18   69   45   29   26   12   67   36    5    9   34   27   46   39   52   25
42   10   41   43   64    1   22   56   23   73   62   63   33   28   61   16   49    2   74    6   51   21   68   24   30    3   48   75   44   17   47   76   69    4   45   29   40   36   32    5   67   26   50   12   18   34   27   71   37   46   52    9
43   10   41   42    1   23   56   22   63   73   64   62   33   16   28   49    2    6   61   51   74   24   68    3   30   21   44   75   17   76   48    4   40   47   32   45   29   26   67   50   69   12   18    5   36   34    9   27   46   52   39   37
44   10    3   32   40   50   16   51    9   17   49   12   18   24   39   25   63   72    6   33   26   76   75   23   58   68   55   73   67    1   10    2    4   56    7   62   43   31   34   46   30   38   41   74   35   45    8   52   42   28   53   22
45   10   29   27    4   30   52   48   34    5   46   75   68   67   13   15   76   74    2   47   57    8    6   37   21   26    7   54   36   28   35   19   17   62   20   51   73   33   12   69   71   70   53   61   40    1   22   60   14   16   63   58
46   10   34   52    8   67    7   35   27    4   26   76   45   75   19   13   53   68   54   29   30   17   12   14    6   57   58   15   48    2   51    5   40   11   72   38   74   10   47   39   65   33   37   59   21   73    3    9   62   28   66   44
47   10   48   21   36    5   37   69   74   29   30   71   45   15   28   20   61   70   60    2   57   27   62    4   68   13   52   22   75   73   34    6   76   46   67   33    1    8   54   51   26   63   17   43    7   42   19   35   16   64   41   12
48   10   47   29   30    5   74   21   45   36    2   37   28   15    4   27   68   69   75   62   57   52   34   61   20   71   13    6   76   73   67   46   70   60   33   22    8   26    1   51   17   54    7   63   35   19   16   43   12   42   40    3
49   10   24   16   23   63    3   44   56   33   51   32   50   18    1   43   73   41    6   40   17   42    9   62   12   68   25    2   75   76   39   22   26   72   28   55   64    4   67   30   74   58   34   45   46   10   48    7   61   21   29   52
50   10   18   32   25   44    9    3   55   24   39   40   49   72   12   16   17   51   58   31   63   10   26   23    6   33   76   75   56   68   67   38   73    1    7    4    2   43   65   34   46   62   41   53   35   11   30    8   42   52   45   74
51   10   17    6   16    3   33   68   76   40   75   44   63   12   26    2   73   32   67    4   49    1   62   30    9   39   34   23   72   74   50   46   24   45   58    7   28   43   52   48   22   18   29   27    8   56   25   41   35   42   10   21
52   10   27   34   46    8   13   45    4   67   35   29    7   19   54   75   76   26   57   15   30   68   48    5   53   14    6    2   17   74   12   47   37   51   58   40   20   21   11   36   38   72   28   33   62   73   59   10   65   70   39   16
53   10   35   14   11    7   19    8   38   65   66   58   46   59   10   34   26   67   52   54   72   12   76   27   13    4   75   39   17   40   45    9   68   31   29   57   51    6   32   30   15   44    3    2   48    5   25   74   16   50   33   47
54   10   13   19    8   52   27   57   35   46   14   34   15    7   53   45   29   67    4   59    5   26   11   37   76   20   75   48   30   68   47   38   66   70   58   12   65   36   17   74    2    6   21   10   71   60   72   51   40   28   69   39
55   10   25   18   50    9   32   31   39   44   72   24    3   40   10   12   58   49   17   16   51   38   26   65   63   23   76    6   33   75    7   67   56   11   68   53   66   73   35    1    4   46   34    2   43    8   41   14   62   52   30   42
56   10   23   41   43   42   49   63    1   24   16   33   73   64   22   62    3   51   44    6    2   28   18   32   50   68   17   74   40   61   75   30   76   12    9   21    4   25   26   48   39   67   45   47   55   72   29   34   46   69   58    5
57   10   15   13   27    5   37   29   20   54   45   52   48   70   47   34   36   46    8   19    4   30   71   60   67   35   21   74   75   69    7   68   76    2   14   26   53   28    6   62   61   17   59   51   73   12   33   11   58   22   40   38
58   10   72   10   38   39   12   26    9   65   40    7   53   11   17   35   31   67   32   76   66   46    8   14   34   44   75   25   51    3   19   50    4   52    6   68   27   59   16   18   55   45   54   13   33   30    2   49   63   29   24   73
59   10   14   11   66   53   19   35   65   38   54    8    7   46   10   13   58   52   34   67   27   26   72   57   12    4   76   45   39   75   15   31   29   17   40    9   68    5   30    6   51   48   32   37   20    2   44    3   47   25   74   50
60   10   70   71   20   36   37   69   47    5   15   21   57   48   29   61   74   45   30   13   27   28   52    2    4   54   62   34   68   22   46   75    8   73   67    6   76   19   33    1   35   26    7   64   51   42   43   17   63   14   41   16
61   10   28   21   22   69   74   62   47   36   48    2   73   64   30    1   42   71    5   43   33   29   37   41   68   45   60    6   63   70    4   20   75   15   23   16   51   27   76   56   57   52   34   67   17   13   46   49   26    3    8   40
62   10   73   28   22    1    2   33   74   43   63   30    6   61   68   21   42   48   41   16   51   75   47   23   64    4   76   45   29   17   56    5   49   69   36    3   67   26   34   27   44   52   40   46   37   12   15   24   71   32   13    8
63   10   33   16    1   73   23   49   43   51    6   62   56    3   41    2   42   44   22   68   24   17   28   75   76   74   40   32   30   64    4   12   26   50   67   18   61   48   21    9   45   39   34   29   46   72   47   25   52   27   58    7
64   10   42   41   22   43    1   61   62   56   73   28   23   63   33   74    2   21   16   49    6   30   69   68   47   48   51   24   36    3   75    4   29    5   17   76   45   44   71   37   40   67   32   26   60   27   34   12   15   50   70   52
65   10   38   11   66   10   53   58   14   72   31    7   35   59   39   12   19    8   26    9   46   40   67   34   17   76   52   32   25   54   75    4   27   44   13   51   50    3   68    6   55   45   18   29   30   16   57    2   33   15   48   49
66   10   65   11   38   53   59   14   10   58   35    7   19   72   31    8   39   12   26   46   67   54   34    9   52   40   76   17   13   27    4   75   32   25   45   44   51   68   50    6    3   57   29   55   30   15    2   18   16   48    5   33
67   10   76   34   26   46    4   75    7   52    8   68   17   35   27   45   12    6   30   51   40   29   53   19    2   13   58   72   48   54   74   14   33   39   38    5    3   10   44   16   15   57   11   73   32    9   62   47   63   28   65   21
68   10   75    6   76    4    2   30   51   67   17   45   33   74   26   34   73   62   48   29   46   52   27   28   16   63   12   40    1    8    7    3   21    5   47   44   22   35   13   32   15   43   49   61   58   72   23   57   36   39   19   37
69   10   36   71   21   47   60   61   37   70    5   48   74   20   28   29   30   15   62   22   45    2   57   27   73   68    4   13    1   52   75    6   33   64   34   42   43   76   46   67   63   41   54   51    8   26   16   17   19   23    7   35
70   10   60   20   71   37   36    5   69   15   47   57   48   21   29   45   13   27   74   30   61   28   52   54    4    2   34   46   68   62    8   75   67   19   22   76    6   73   35    7   33   26    1   51   17   14   53   63   64   43   42   16
71   10   60   36   70   69   37   20   47    5   21   15   48   29   57   61   74   30   28   45   27   13    2   62    4   52   22   68   34   54   75   73   46    6   67   76    8    1   33   19   64   26   42   35   43   51    7   63   17   41   16   12
72   10   58   39   10   12    9   40   38   32   26   17   31   65    7   44   25   53   50    3   67   76   11   51   35   75   46   34    8   66    6   18   55    4   68   14   16   52   19   49   33   24   27   63   45    2   30   59   13   73   54   29
73   10   62   33    1   63    2   22   28    6   43   16   74   68   51   42   30   23   41   75   61   21   49   76   17   56    4   48    3   64   45   47   44   29   67   26   40   24   34   12    5   32   27   46   52   36   69   50   37    7   15    8
74   10   28   30    2   48   21   62   47   68   29   73   45   61    5   22    6    4   33   75   36    1   69   76   27   37   51   63   34   15   67   52   43   71   46   16   17   42   57   26   13   20   41   70   60   64    8   23   12    3   40    7
75   10   76   68    4   67    6   26   17   34   51   30    2   46   45   52   12   27   33   29   40    7   74    8   48   73   16   62   35    3   63   28   44   13    5   58    1   72   32   47   21   19   53   39   15    9   57   54   22   49   10   37
76   10   75   67   26    4   68   17    6   34   51   46   12   52   45   40    7   30    2    8   27   33   35   29   16    3   74   58   73   72   48   44   32   63   62   39   13   53   19    9   28    5    1   10   47   38   54   15   21   14   49   57
 
   2    2    2    2    1    2    2    1    3    2    3    3    2    1    2    1    2    2    2    1    3    1    3    2    1    1    2    2    2    1    3    1    2    2    2    1    1    1    2    3    1    2    1    1    2    1    1    2    2    3    3    2    3    2    2    1    1    3    1    1    2    2    3    3    3    2    3    1    1    1    3    3    2    1    1    3


1
2
3
4
5
6
7
8
9
10
11
12
13
14
15
16
17
18
19
20
21
22
23
24
25
26
27
28
29
30
31
32
33
34
35
36
37
38
39
40
41
42
43
44
45
46
47
48
49
50
51
52
53
54
55
56
57
58
59
60
61
62
63
64
65
66
67
68
69
70
71
72
73
74
75
76
-1
