666

0001 90.00 0.00
0002 71.17 -156.47
0003 64.51 -147.43
0004 61.13 -149.53
0005 58.20 -134.27
0006 49.16 -123.07
0007 53.33 -113.28
0008 51.03 -114.05
0009 50.25 -104.39
0010 52.07 -106.38
0011 49.53 -97.09
0012 58.46 -94.10
0013 43.39 -79.23
0014 45.25 -75.42
0015 45.31 -73.34
0016 46.49 -71.14
0017 44.39 -63.36
0018 47.34 -52.43
0019 47.36 -122.20
0020 47.40 -117.23
0021 38.35 -121.30
0022 37.48 -122.24
0023 34.03 -118.15
0024 32.43 -117.09
0025 40.46 -111.53
0026 33.27 -112.05
0027 39.43 -105.01
0028 35.05 -106.40
0029 31.45 -106.29
0030 46.47 -92.06
0031 44.59 -93.13
0032 41.16 -95.57
0033 39.07 -94.39
0034 35.28 -97.32
0035 32.47 -96.48
0036 29.46 -95.22
0037 43.02 -87.55
0038 41.53 -87.38
0039 38.39 -90.25
0040 35.08 -90.03
0041 29.58 -90.07
0042 42.20 -83.03
0043 40.26 -80.00
0044 39.06 -84.31
0045 33.45 -84.23
0046 42.21 -71.04
0047 40.43 -74.01
0048 39.57 -75.07
0049 38.54 -77.01
0050 30.20 -81.40
0051 25.46 -80.12
0052 25.05 -77.21
0053 28.38 -106.05
0054 25.33 -103.26
0055 25.40 -100.19
0056 22.13 -97.51
0057 22.09 -100.59
0058 20.40 -103.20
0059 19.24 -99.09
0060 19.03 -98.12
0061 19.20 -96.40
0062 16.51 -99.55
0063 17.03 -96.43
0064 17.59 -92.55
0065 20.58 -89.37
0066 17.30 -88.12
0067 14.38 -90.31
0068 13.42 -89.12
0069 14.06 -87.13
0070 12.09 -86.17
0071 9.56 -84.05
0072 8.58 -79.32
0073 23.08 -82.22
0074 22.24 -79.58
0075 20.01 -75.49
0076 18.00 -76.48
0077 18.32 -72.20
0078 18.28 -69.54
0079 18.28 -66.07
0080 14.36 -61.05
0081 13.06 -59.37
0082 10.39 -61.31
0083 12.06 -68.56
0084 4.56 -52.20
0085 5.50 -55.10
0086 6.48 -58.10
0087 10.30 -66.56
0088 10.40 -71.37
0089 10.59 -74.48
0090 6.15 -75.35
0091 4.36 -74.05
0092 3.27 -76.31
0093 -0.56 -91.01
0094 -0.13 -78.30
0095 -1.40 -78.38
0096 -2.10 -79.50
0097 -3.46 -73.15
0098 -8.07 -79.02
0099 -12.03 -77.03
0100 -13.31 -71.59
0101 -16.24 -71.33
0102 -16.30 -68.09
0103 -17.48 -63.10
0104 -19.35 -65.45
0105 -23.39 -70.24
0106 -33.27 -70.40
0107 -36.50 -73.03
0108 -53.09 -70.55
0109 -51.42 -57.51
0110 -38.43 -62.17
0111 -38.00 -57.33
0112 -34.50 -56.12
0113 -34.36 -58.27
0114 -32.57 -60.40
0115 -31.24 -64.11
0116 -32.53 -68.49
0117 -26.49 -65.13
0118 -25.16 -57.40
0119 -30.04 -51.11
0120 -27.35 -48.34
0121 -25.25 -49.15
0122 -23.32 -46.37
0123 -22.54 -43.14
0124 -20.23 -43.30
0125 -19.55 -43.56
0126 -20.27 -54.37
0127 -15.35 -56.05
0128 -16.40 -49.16
0129 -15.47 -47.55
0130 -12.59 -38.31
0131 -8.03 -34.54
0132 -5.47 -35.13
0133 -3.43 -38.30
0134 -5.05 -42.49
0135 -2.31 -44.16
0136 -1.27 -48.29
0137 -3.08 -60.01
0138 -8.46 -63.54
0139 14.55 -23.31
0140 28.06 -15.24
0141 32.38 -16.54
0142 31.38 -8.00
0143 33.39 -7.35
0144 34.02 -6.51
0145 34.05 -4.57
0146 35.48 -5.45
0147 35.43 -0.43
0148 36.47 3.03
0149 22.56 5.30
0150 36.22 6.37
0151 36.48 10.11
0152 34.44 10.46
0153 32.54 13.11
0154 32.07 20.04
0155 31.12 29.54
0156 31.16 32.18
0157 29.58 32.33
0158 30.03 31.15
0159 24.05 32.53
0160 19.37 37.14
0161 15.36 32.32
0162 13.11 30.13
0163 13.38 25.21
0164 15.20 38.53
0165 9.00 38.50
0166 11.36 43.09
0167 18.06 -15.57
0168 14.40 -17.26
0169 13.28 -16.39
0170 11.51 -15.35
0171 16.46 -3.01
0172 12.39 -8.00
0173 10.23 -9.18
0174 9.31 -13.43
0175 8.30 -13.15
0176 6.18 -10.47
0177 5.19 -4.02
0178 6.41 -1.35
0179 5.33 -0.13
0180 6.08 1.13
0181 6.29 2.37
0182 12.22 -1.31
0183 13.31 2.07
0184 12.00 8.30
0185 11.51 13.10
0186 12.07 15.03
0187 6.27 3.24
0188 6.27 7.27
0189 0.20 6.44
0190 3.45 8.47
0191 3.52 11.31
0192 4.22 18.35
0193 0.23 9.27
0194 -4.16 15.17
0195 -4.18 15.18
0196 0.04 18.16
0197 -5.54 22.25
0198 0.30 25.12
0199 -3.23 29.22
0200 -1.57 30.04
0201 0.19 32.25
0202 -1.17 36.49
0203 2.01 45.20
0204 -4.03 39.40
0205 -6.10 39.11
0206 -6.48 39.17
0207 -8.48 13.14
0208 -12.44 15.47
0209 -11.40 27.28
0210 -12.49 28.13
0211 -15.25 28.17
0212 -20.09 28.36
0213 -17.50 31.03
0214 -15.47 35.00
0215 -19.49 34.52
0216 -25.58 32.35
0217 -15.57 -5.42
0218 -37.15 -12.30
0219 -22.59 14.31
0220 -22.34 17.06
0221 -26.38 15.10
0222 -24.45 25.55
0223 -25.45 28.10
0224 -26.15 28.00
0225 -29.12 26.07
0226 -29.55 30.56
0227 -33.00 27.55
0228 -33.58 25.40
0229 -33.55 18.22
0230 -23.21 43.40
0231 -18.55 47.31
0232 -12.16 49.17
0233 -20.10 57.30
0234 -4.38 55.27
0235 37.44 -25.40
0236 38.43 -9.08
0237 41.11 -8.36
0238 37.23 -5.59
0239 36.32 -6.18
0240 36.43 -4.25
0241 37.13 -3.41
0242 37.53 -4.46
0243 38.21 -0.29
0244 39.28 -0.22
0245 41.23 2.11
0246 41.38 -0.53
0247 40.24 -3.41
0248 41.39 -4.43
0249 43.15 -2.58
0250 43.22 -8.23
0251 38.54 1.26
0252 39.34 2.39
0253 42.30 1.31
0254 44.50 -0.34
0255 43.36 1.26
0256 43.18 5.24
0257 43.42 7.15
0258 43.42 7.23
0259 42.42 9.27
0260 45.50 1.16
0261 45.26 4.24
0262 45.45 4.51
0263 45.10 5.43
0264 48.24 -4.29
0265 48.05 -1.41
0266 47.13 -1.33
0267 47.23 0.41
0268 49.30 0.08
0269 48.52 2.20
0270 49.15 4.02
0271 47.19 5.01
0272 48.41 6.12
0273 48.35 7.45
0274 49.36 6.09
0275 50.38 5.34
0276 50.50 4.20
0277 50.38 3.04
0278 51.03 3.43
0279 51.13 4.25
0280 51.26 5.28
0281 51.55 4.28
0282 52.22 4.54
0283 52.05 5.08
0284 53.13 6.33
0285 50.23 -4.10
0286 50.43 -1.54
0287 50.50 -0.08
0288 51.29 -3.13
0289 51.27 -2.35
0290 51.30 -0.10
0291 52.30 -1.50
0292 53.25 -2.55
0293 53.30 -2.15
0294 53.23 -1.30
0295 53.50 -1.35
0296 54.59 -1.35
0297 55.57 -3.13
0298 55.53 -4.15
0299 56.28 -3.00
0300 57.10 -2.04
0301 60.09 -1.09
0302 62.01 -6.46
0303 51.54 -8.28
0304 52.40 -8.38
0305 53.20 -6.15
0306 54.35 -5.55
0307 55.00 -7.19
0308 64.09 -21.51
0309 64.11 -51.44
0310 76.34 -68.47
0311 70.40 23.42
0312 68.26 17.25
0313 65.01 25.28
0314 61.30 23.45
0315 60.27 22.17
0316 60.10 24.58
0317 63.25 10.25
0318 60.23 5.20
0319 58.58 5.45
0320 59.55 10.45
0321 57.43 11.58
0322 55.36 13.00
0323 58.25 15.37
0324 59.20 18.03
0325 57.38 18.18
0326 56.09 10.13
0327 55.24 10.23
0328 55.40 12.35
0329 53.04 8.49
0330 53.33 9.59
0331 54.20 10.08
0332 54.05 12.07
0333 51.57 7.37
0334 52.24 9.44
0335 52.07 11.38
0336 52.31 13.24
0337 50.47 6.05
0338 50.44 7.05
0339 50.56 6.59
0340 51.12 6.47
0341 51.17 7.17
0342 51.28 7.01
0343 51.28 7.13
0344 51.32 7.13
0345 51.31 7.28
0346 51.19 9.29
0347 50.58 11.01
0348 51.29 11.58
0349 51.19 12.20
0350 50.50 12.55
0351 51.03 13.44
0352 49.14 6.59
0353 50.07 8.40
0354 49.25 8.43
0355 49.48 9.56
0356 49.27 11.04
0357 49.03 8.24
0358 48.46 9.11
0359 49.01 12.06
0360 48.08 11.34
0361 46.12 6.09
0362 46.31 6.38
0363 46.57 7.26
0364 47.33 7.35
0365 47.23 8.32
0366 47.16 11.24
0367 47.48 13.02
0368 48.18 14.18
0369 48.13 16.20
0370 47.05 15.27
0371 45.03 7.40
0372 45.28 9.12
0373 45.27 11.00
0374 45.27 12.21
0375 45.40 13.46
0376 44.25 8.57
0377 44.29 11.20
0378 43.46 11.15
0379 43.55 12.28
0380 39.20 9.00
0381 41.54 12.29
0382 40.51 14.17
0383 41.27 15.34
0384 41.07 16.52
0385 40.28 17.15
0386 38.11 15.33
0387 37.30 15.06
0388 38.07 13.21
0389 35.54 14.31
0390 53.24 14.32
0391 54.23 18.40
0392 53.08 18.00
0393 52.25 16.55
0394 51.46 19.30
0395 52.15 21.00
0396 53.09 23.09
0397 51.06 17.00
0398 50.16 19.00
0399 50.03 19.58
0400 51.15 22.35
0401 49.45 13.23
0402 50.05 14.26
0403 49.50 18.17
0404 49.12 16.37
0405 48.09 17.07
0406 48.43 21.15
0407 47.30 19.05
0408 47.32 21.38
0409 46.05 18.13
0410 46.15 20.09
0411 45.45 21.13
0412 46.47 23.36
0413 47.10 27.35
0414 45.48 24.09
0415 45.39 25.37
0416 44.26 26.06
0417 44.11 28.39
0418 46.03 14.31
0419 45.20 14.27
0420 45.48 15.58
0421 43.31 16.27
0422 43.52 18.25
0423 44.50 20.30
0424 42.38 18.07
0425 41.59 21.26
0426 41.20 19.50
0427 42.41 23.19
0428 42.09 24.45
0429 43.13 27.55
0430 42.30 27.28
0431 39.36 19.56
0432 40.38 22.56
0433 38.15 21.44
0434 37.58 23.43
0435 35.20 25.09
0436 35.10 33.22
0437 68.58 33.05
0438 64.34 40.32
0439 59.55 30.15
0440 59.25 24.45
0441 56.57 24.06
0442 54.43 20.30
0443 54.41 25.19
0444 53.54 27.34
0445 49.50 24.00
0446 50.26 30.31
0447 46.28 30.44
0448 55.45 37.35
0449 56.20 44.00
0450 55.45 49.08
0451 53.12 50.09
0452 51.40 39.10
0453 50.00 36.15
0454 48.27 34.59
0455 44.36 33.32
0456 47.14 39.42
0457 48.44 44.25
0458 46.21 48.03
0459 41.43 44.49
0460 40.11 44.30
0461 40.23 49.51
0462 58.00 56.15
0463 56.51 60.36
0464 67.27 63.58
0465 69.20 88.06
0466 55.00 73.24
0467 55.02 82.55
0468 56.01 92.50
0469 49.50 73.10
0470 43.15 76.57
0471 41.20 69.18
0472 39.40 66.48
0473 38.35 68.48
0474 43.48 87.35
0475 52.16 104.20
0476 47.55 106.53
0477 52.03 113.30
0478 62.13 129.49
0479 64.45 177.29
0480 53.01 158.39
0481 59.34 150.48
0482 50.17 127.32
0483 50.35 137.02
0484 48.27 135.06
0485 46.58 142.42
0486 43.10 131.56
0487 41.01 28.58
0488 38.25 27.09
0489 39.56 32.52
0490 38.43 35.30
0491 39.45 37.02
0492 39.55 41.17
0493 37.55 40.14
0494 37.01 35.18
0495 36.12 37.10
0496 34.44 36.43
0497 33.30 36.18
0498 33.53 35.30
0499 31.57 35.56
0500 32.50 35.00
0501 32.04 34.46
0502 31.46 35.14
0503 24.28 39.36
0504 21.30 39.12
0505 21.27 39.49
0506 15.23 44.12
0507 14.48 42.57
0508 12.45 45.12
0509 14.32 49.08
0510 23.37 58.35
0511 25.18 55.18
0512 25.17 51.32
0513 26.13 50.35
0514 24.38 46.43
0515 29.20 47.59
0516 30.30 47.47
0517 33.21 44.25
0518 35.28 44.28
0519 36.20 43.08
0520 38.05 46.18
0521 37.16 49.36
0522 35.40 51.26
0523 34.19 47.04
0524 30.20 48.16
0525 32.40 51.38
0526 29.36 52.32
0527 30.17 57.05
0528 36.18 59.36
0529 34.20 62.12
0530 31.32 65.30
0531 34.31 69.12
0532 33.36 73.04
0533 31.35 74.18
0534 31.25 73.05
0535 30.11 71.29
0536 30.12 67.00
0537 27.42 68.52
0538 25.22 68.22
0539 24.52 67.03
0540 30.19 78.02
0541 28.40 77.13
0542 26.17 73.02
0543 26.55 75.49
0544 26.28 80.21
0545 25.20 83.00
0546 25.36 85.07
0547 22.32 88.22
0548 23.02 72.37
0549 21.09 79.06
0550 20.30 85.50
0551 18.58 72.50
0552 17.23 78.29
0553 17.42 83.18
0554 15.21 75.10
0555 12.59 77.35
0556 13.05 80.17
0557 10.49 78.41
0558 9.56 78.07
0559 6.56 79.51
0560 27.43 85.19
0561 27.28 89.39
0562 23.43 90.25
0563 22.20 91.50
0564 22.00 96.05
0565 16.47 96.10
0566 18.47 98.59
0567 19.52 102.08
0568 17.58 102.36
0569 21.02 105.51
0570 16.28 107.36
0571 16.04 108.13
0572 10.45 106.40
0573 11.33 104.55
0574 13.45 100.31
0575 5.25 100.20
0576 3.10 101.42
0577 1.17 103.51
0578 3.35 98.40
0579 -0.57 100.21
0580 -2.55 104.45
0581 -6.10 106.48
0582 -6.54 107.36
0583 -7.48 110.22
0584 -7.15 112.45
0585 -8.39 115.13
0586 -10.10 123.35
0587 -3.20 114.35
0588 1.33 110.20
0589 4.56 114.55
0590 -0.30 117.09
0591 -5.07 119.24
0592 1.29 124.51
0593 -3.43 128.12
0594 -5.40 132.45
0595 7.04 125.36
0596 10.18 123.54
0597 10.42 122.34
0598 14.35 121.00
0599 22.17 114.09
0600 22.38 120.17
0601 25.03 121.30
0602 29.40 91.09
0603 36.03 103.41
0604 34.15 108.52
0605 30.39 104.04
0606 29.39 106.34
0607 25.05 102.40
0608 23.06 113.16
0609 26.06 119.17
0610 30.36 114.17
0611 32.03 118.47
0612 31.14 121.28
0613 34.48 113.39
0614 36.06 120.19
0615 37.55 112.30
0616 39.08 117.12
0617 39.55 116.25
0618 38.53 121.35
0619 41.48 123.27
0620 45.45 126.41
0621 39.01 125.45
0622 37.33 126.58
0623 35.06 129.03
0624 43.03 141.21
0625 39.43 140.07
0626 38.15 140.53
0627 35.42 139.46
0628 35.10 136.55
0629 36.34 136.39
0630 35.00 135.45
0631 34.40 135.30
0632 34.24 132.27
0633 32.48 129.55
0634 31.36 130.33
0635 26.13 127.40
0636 13.28 144.47
0637 -2.32 140.42
0638 -4.12 152.12
0639 -9.30 147.10
0640 -12.28 130.50
0641 -31.56 115.50
0642 -34.55 138.35
0643 -37.49 144.58
0644 -42.53 147.19
0645 -33.52 151.13
0646 -27.28 153.02
0647 -19.16 146.48
0648 -23.42 133.53
0649 -45.52 170.30
0650 -43.32 172.38
0651 -41.18 174.47
0652 -36.52 174.46
0653 -21.08 -175.12
0654 -14.16 -170.42
0655 -18.08 178.25
0656 -22.16 166.27
0657 -9.26 159.57
0658 -0.32 166.55
0659 11.35 165.23
0660 21.19 -157.52
0661 1.52 -157.20
0662 -9.45 -139.00
0663 -17.32 -149.34
0664 -25.04 -130.06
0665 -27.07 -109.22
0666 -90.00 0.00

1   10  312  317  302  301  318  311  319  320  300  308
2   10    3    4    5    6   19   20    7    8   22   21
3   10    4    2    5    6   19   20    7    8   22   21
4   10    3    2    5    6   19   20   22   21    8    7
5   10    6    3    4   19   20    8    7   21   22    2
6   10   19   20    8    7   21   22    5   25   23   10
7   10    8   10   20    9    6   19   25   27   11   21
8   10    7   20   10   19    6    9   25   21   27   22
9   10   10   11    7    8   27   25   31   32   30   20
10   10    9    7    8   11   20   25   27   12   31   32
11   10   30   31    9   32   12   10   33   37   38   27
12   10   11   30    9   10   31   37   32   38   33   42
13   10   43   42   14   49   48   47   15   44   46   37
14   10   15   13   16   47   46   48   43   49   42   44
15   10   14   16   46   47   48   13   49   43   17   42
16   10   15   46   14   47   48   17   13   49   43   42
17   10   46   16   15   18   47   14   48   49   13   43
18   10   17  309   16   46   15   47   14   48   49   13
19   10    6   20    8   21   22    7   25   23   24    5
20   10    8   19    6    7   25   21   22   10    9   23
21   10   22   23   24   19   20   25   26    6    8   28
22   10   21   23   24   19   26   20   25    6    8   28
23   10   24   21   22   26   25   28   29   53   20   19
24   10   23   26   22   21   25   29   28   53   27   20
25   10   27   26   28   20   23   24   21   29    8   22
26   10   24   28   29   23   25   53   27   21   22   54
27   10   28   25   29   34   26   32   33    9   35   53
28   10   29   27   26   53   25   34   54   35   24   55
29   10   53   28   26   54   27   55   34   35   25   24
30   10   31   37   11   32   38   33   39   42   44   40
31   10   30   32   33   37   11   38   39   40   34   42
32   10   33   31   39   34   30   38   40   37   11   35
33   10   32   39   34   31   40   35   38   30   37   36
34   10   35   33   32   36   40   39   27   28   41   29
35   10   34   36   33   40   41   55   39   32   54   29
36   10   35   41   34   55   40   56   54   57   33   39
37   10   38   42   44   39   30   31   33   43   32   40
38   10   37   44   39   42   31   30   40   33   43   32
39   10   40   33   38   37   44   32   31   34   45   42
40   10   39   41   33   45   35   44   38   34   36   32
41   10   36   40   45   35   50   39   65   34   73   33
42   10   44   43   13   38   37   49   39   14   48   45
43   10   13   49   42   44   48   47   14   38   45   37
44   10   42   38   43   37   45   39   13   40   49   48
45   10   50   44   40   41   39   43   38   42   49   51
46   10   47   15   16   48   14   49   17   13   43   42
47   10   48   46   49   15   14   43   13   16   42   44
48   10   47   49   46   43   13   14   15   16   42   44
49   10   48   43   47   13   14   46   42   44   15   45
50   10   45   51   52   73   74   41   44   49   40   43
51   10   52   73   74   50   75   76   45   65   77   41
52   10   51   74   75   73   50   76   77   78   45   65
53   10   29   54   55   28   26   57   58   35   56   36
54   10   55   53   57   58   56   29   59   60   36   61
55   10   54   57   56   58   59   36   53   60   61   35
56   10   57   61   60   59   55   63   58   62   54   64
57   10   56   58   59   55   60   54   61   62   63   53
58   10   57   59   54   60   62   55   56   61   63   53
59   10   60   61   62   57   56   63   58   55   64   54
60   10   59   61   63   62   56   57   58   64   55   54
61   10   60   63   59   56   62   64   57   58   65   55
62   10   59   60   63   61   58   57   56   64   55   67
63   10   61   60   62   59   64   56   57   67   58   65
64   10   67   63   61   65   66   68   60   69   56   59
65   10   66   64   67   69   61   68   73   63   56   60
66   10   69   65   67   68   64   70   73   63   61   71
67   10   68   69   66   64   70   65   63   61   71   60
68   10   67   69   70   66   64   71   65   63   61   60
69   10   68   70   67   66   71   64   65   72   63   73
70   10   69   68   71   67   66   72   64   65   76   63
71   10   70   72   69   68   67   66   90   89   92   94
72   10   90   71   89   92   91   70   88   94   69   76
73   10   74   51   52   50   75   65   76   66   41   69
74   10   73   51   52   75   76   50   77   66   65   78
75   10   76   77   74   52   78   51   73   89   79   88
76   10   75   77   74   78   52   73   89   51   88   72
77   10   78   75   76   79   83   88   89   74   52   87
78   10   77   79   75   83   76   88   87   89   80   52
79   10   78   77   80   83   87   81   82   88   75   76
80   10   81   82   79   87   83   86   78   85   88   77
81   10   80   82   86   87   79   85   83   84   78   88
82   10   81   80   86   87   83   85   79   88   84   78
83   10   87   88   89   78   79   77   82   80   90   81
84   10   85   86  136  135   82  137   81   80  134   87
85   10   84   86   82   81  136  137   80   87  135   83
86   10   85   82   84   81   80   87  137   83  136   88
87   10   83   88   82   80   81   89   79   78   86   91
88   10   89   83   87   90   91   77   78   72   92   76
89   10   88   90   72   83   91   92   76   87   77   78
90   10   91   92   89   72   88   94   95   83   96   71
91   10   90   92   94   89   88   72   95   97   96   83
92   10   91   90   94   95   72   96   97   89   88   71
93   10   96   71   95   94   70   68   98   72   67   69
94   10   95   96   92   97   91   90   98   72   71   89
95   10   94   96   92   97   98   91   90   72   99   71
96   10   95   94   98   92   97   91   90   99   72   93
97   10   95   94   96   92   98   91   99   90  100  138
98   10   99   96   95   97   94  100  101   92   91  102
99   10   98  100  101   97  102   96   95   94  105  104
100   10  101  102   99  104   98  138  103   97  105   95
101   10  100  102  104   99  105  103  138   98  117   97
102   10  101  104  100  103  105  138   99  117  127   98
103   10  104  102  127  101  138  126  117  105  100  118
104   10  103  102  105  101  117  100  118  127  138  126
105   10  117  104  101  102  103  116  106  115  100  118
106   10  116  107  115  117  110  105  114  113  111  112
107   10  106  116  115  110  117  114  105  113  111  108
108   10  109  107  110  106  111  116  113  115  114  112
109   10  108  111  110  112  113  114  115  107  116  106
110   10  111  113  114  112  115  116  106  107  117  109
111   10  112  113  110  114  115  119  116  118  109  106
112   10  113  111  114  119  110  115  118  120  121  117
113   10  112  114  111  110  115  119  118  116  117  120
114   10  113  115  112  110  111  117  118  116  119  106
115   10  114  116  117  106  113  110  112  118  111  105
116   10  106  115  107  117  114  110  105  113  111  112
117   10  115  105  116  104  114  118  106  103  113  102
118   10  126  117  119  114  121  115  113  120  112  103
119   10  120  121  112  118  122  113  114  111  126  123
120   10  121  119  122  123  124  125  126  118  112  128
121   10  120  122  119  123  126  124  125  118  128  129
122   10  123  121  124  120  125  128  129  119  126  118
123   10  124  125  122  121  120  129  128  119  130  126
124   10  125  123  122  129  128  121  120  130  126  119
125   10  124  123  122  129  128  121  130  120  126  119
126   10  127  118  128  121  129  122  103  120  119  125
127   10  126  128  103  129  118  138  104  121  102  122
128   10  129  125  126  127  124  122  123  121  120  130
129   10  128  125  124  122  123  126  127  130  121  134
130   10  131  132  134  125  124  133  129  123  128  135
131   10  132  130  133  134  135  125  129  124  136  128
132   10  131  133  134  130  135  136  129  125  124  128
133   10  132  134  131  135  130  136  129   84  128  125
134   10  135  133  136  132  131  130  129  128   84  125
135   10  134  136  133  132   84  131  130   85  129  128
136   10  135  134   84   85  133  137   86  132  129  130
137   10  138   86   85   84  136  127   97   82  103   87
138   10  137  103  102  100  127   97  101  104   99  126
139   10  168  169  167  170  174  175  173  176  172  140
140   10  141  142  143  167  144  236  145  239  146  238
141   10  140  142  143  236  144  235  239  146  237  238
142   10  143  144  145  146  239  240  238  242  236  241
143   10  144  142  146  145  239  238  240  242  236  241
144   10  143  146  145  239  142  240  238  242  241  236
145   10  146  144  240  239  143  241  238  242  142  147
146   10  239  240  145  238  144  242  241  143  236  142
147   10  243  241  251  148  244  240  145  242  252  146
148   10  251  252  150  147  243  244  245  246  253  241
149   10  183  171  184  182  153  152  185  150  147  148
150   10  148  151  380  152  252  251  245  259  147  243
151   10  152  380  388  150  389  153  387  386  381  382
152   10  151  153  389  150  388  380  387  386  382  381
153   10  389  152  151  387  388  386  154  150  380  382
154   10  435  433  434  389  153  387  431  386  432  385
155   10  158  156  157  501  436  502  500  499  435  498
156   10  158  157  501  155  502  500  499  498  436  497
157   10  158  156  155  501  502  499  500  498  497  159
158   10  157  156  155  501  502  500  499  498  436  497
159   10  157  158  160  503  156  504  505  155  502  499
160   10  504  505  164  503  161  159  507  506  162  166
161   10  162  164  160  163  159  165  504  505  507  503
162   10  161  163  164  165  160  159  504  505  507  166
163   10  162  161  186  192  185  159  198  160  164  165
164   10  507  160  506  166  504  505  165  161  508  162
165   10  166  164  507  508  506  161  162  203  202  160
166   10  508  507  506  165  164  509  203  160  505  504
167   10  168  169  170  139  174  172  140  175  173  171
168   10  169  170  167  139  174  175  173  172  176  140
169   10  168  170  167  174  175  139  173  172  176  171
170   10  169  174  168  175  173  167  176  172  139  177
171   10  182  183  172  173  178  149  180  177  179  181
172   10  173  174  171  175  176  182  170  177  169  178
173   10  172  176  174  175  170  177  169  182  178  171
174   10  175  170  176  173  169  172  168  167  177  139
175   10  174  176  170  173  169  172  168  177  167  139
176   10  175  173  174  177  172  170  178  169  179  168
177   10  178  179  180  181  176  173  187  182  172  175
178   10  179  180  177  181  187  182  183  188  173  172
179   10  180  178  181  187  177  182  188  183  189  190
180   10  181  179  187  178  177  188  182  183  190  189
181   10  187  180  179  178  188  177  190  182  183  189
182   10  183  171  178  180  172  181  179  187  177  173
183   10  182  171  184  181  187  180  178  179  188  149
184   10  185  188  183  186  187  181  190  191  180  182
185   10  186  184  188  191  192  190  187  183  193  181
186   10  185  184  192  191  188  163  190  196  183  187
187   10  181  180  179  188  178  190  189  183  177  182
188   10  190  187  191  181  184  189  180  193  179  185
189   10  193  190  191  188  187  181  180  179  194  195
190   10  191  188  193  189  187  181  180  184  179  185
191   10  190  193  188  189  192  196  185  187  194  195
192   10  196  191  198  186  194  195  185  190  193  197
193   10  189  190  191  188  194  195  187  196  181  207
194   10  195  207  196  197  193  208  191  192  189  190
195   10  194  207  196  197  193  208  191  192  189  190
196   10  192  194  195  197  198  191  193  207  190  199
197   10  198  196  195  194  199  209  200  210  207  208
198   10  200  199  197  196  201  192  195  194  202  209
199   10  200  201  198  197  202  209  210  204  205  206
200   10  199  201  198  202  197  204  205  209  206  210
201   10  200  202  199  198  204  205  206  165  197  209
202   10  204  201  205  206  200  199  203  165  198  209
203   10  204  202  166  165  205  206  508  234  507  509
204   10  205  206  202  201  203  200  199  214  232  165
205   10  206  204  202  201  200  203  214  199  232  210
206   10  205  204  202  201  214  200  203  199  232  210
207   10  208  195  194  193  197  196  189  191  190  192
208   10  207  195  194  197  220  219  209  210  196  211
209   10  210  211  213  197  199  214  212  200  215  208
210   10  209  211  213  214  212  197  199  215  200  222
211   10  210  213  209  212  214  215  222  223  224  216
212   10  213  211  222  223  224  215  216  210  214  209
213   10  211  212  215  214  210  209  216  223  222  224
214   10  215  213  211  210  212  209  206  205  216  230
215   10  213  214  212  216  211  223  224  210  230  222
216   10  223  226  224  215  212  222  225  213  227  214
217   10  189  207  177  219  208  179  193  176  178  180
218   10  217  221  219  229  220  123  124  130  125  131
219   10  220  221  208  222  229  225  223  224  207  212
220   10  219  221  222  208  229  225  223  212  224  211
221   10  219  220  229  222  225  228  224  223  208  227
222   10  223  224  225  212  216  226  220  227  213  228
223   10  224  222  225  216  226  212  227  213  228  215
224   10  223  222  225  226  216  212  227  228  213  215
225   10  224  227  223  228  226  222  216  229  212  220
226   10  224  216  225  227  223  228  222  212  215  213
227   10  228  225  226  224  223  222  216  229  212  221
228   10  227  225  226  229  224  223  222  216  221  212
229   10  228  221  225  227  220  219  222  224  223  226
230   10  231  215  216  214  232  213  233  226  212  223
231   10  230  232  233  214  215  206  205  234  213  216
232   10  231  234  233  206  205  230  204  214  203  215
233   10  231  232  230  234  206  214  215  205  204  203
234   10  232  203  233  204  206  205  231  202  508  509
235   10  141  140  236  237  250  142  143  144  239  238
236   10  237  239  238  146  242  250  144  240  143  248
237   10  250  236  248  238  247  239  242  249  240  146
238   10  239  242  240  146  241  144  145  236  247  143
239   10  238  146  240  242  144  145  241  143  236  247
240   10  241  242  146  238  239  145  144  247  147  243
241   10  240  242  238  146  239  247  145  243  147  244
242   10  240  241  238  239  146  247  145  248  144  243
243   10  244  251  147  252  246  241  247  148  245  242
244   10  243  251  246  252  245  247  253  241  147  148
245   10  253  252  255  246  251  244  256  243  254  260
246   10  253  244  245  255  249  247  254  243  251  252
247   10  248  242  249  246  241  244  238  243  240  239
248   10  247  249  242  246  237  250  238  241  244  240
249   10  248  254  246  247  255  253  266  260  244  265
250   10  237  248  236  249  247  264  238  242  239  241
251   10  252  243  244  148  245  246  147  253  255  241
252   10  251  245  244  243  148  253  246  255  256  147
253   10  255  245  246  254  252  260  244  251  249  256
254   10  260  255  249  253  266  267  246  265  245  261
255   10  253  254  260  245  246  261  249  262  267  256
256   10  257  263  258  261  262  371  361  362  376  245
257   10  258  371  376  256  259  263  372  361  362  363
258   10  257  376  371  256  259  263  372  361  362  363
259   10  376  378  258  257  377  372  381  371  379  380
260   10  254  267  255  266  261  269  253  262  265  268
261   10  262  263  361  271  256  362  260  371  363  257
262   10  261  263  361  271  362  256  371  363  257  260
263   10  262  261  361  362  256  371  271  363  257  258
264   10  285  265  266  288  286  289  268  287  267  291
265   10  266  268  267  286  287  264  289  285  290  260
266   10  265  267  268  254  260  264  286  287  269  285
267   10  266  260  265  268  269  254  287  286  255  270
268   10  287  265  286  290  267  269  266  289  277  291
269   10  270  277  267  268  278  276  287  271  260  279
270   10  276  277  275  269  278  279  274  271  272  281
271   10  361  362  272  262  261  263  270  363  364  274
272   10  352  274  273  364  271  337  362  275  363  339
273   10  364  357  352  354  272  365  358  274  363  353
274   10  352  272  337  275  339  338  273  340  280  270
275   10  337  280  276  339  274  279  340  281  283  338
276   10  279  278  281  275  277  280  270  282  283  337
277   10  278  276  279  270  281  269  275  282  280  283
278   10  277  279  276  281  282  280  283  270  275  337
279   10  281  276  278  280  282  283  275  277  337  270
280   10  283  275  279  281  337  340  282  276  339  342
281   10  279  282  283  278  280  276  275  277  337  340
282   10  283  281  279  280  278  276  275  284  340  337
283   10  282  280  281  279  284  340  275  276  337  278
284   10  283  333  342  344  282  340  343  345  341  280
285   10  288  264  289  286  291  292  265  305  293  287
286   10  289  287  290  288  291  268  265  285  294  293
287   10  290  268  286  291  289  265  294  269  277  288
288   10  289  285  286  291  292  293  294  295  290  287
289   10  288  286  291  292  285  293  294  290  287  295
290   10  287  286  291  268  289  294  295  293  288  292
291   10  294  293  295  289  292  290  286  288  287  296
292   10  293  295  294  291  296  289  288  297  298  286
293   10  292  295  294  291  296  289  288  297  290  286
294   10  295  293  291  292  296  289  290  288  286  297
295   10  294  293  296  291  292  289  290  297  288  286
296   10  295  294  293  292  297  291  299  300  298  289
297   10  299  298  300  296  292  293  306  295  294  291
298   10  297  299  306  300  292  296  293  305  307  295
299   10  297  300  298  296  292  293  306  295  294  291
300   10  299  297  296  298  301  295  293  292  294  306
301   10  300  299  297  298  296  302  318  295  319  294
302   10  301  300  299  298  307  297  306  305  296  292
303   10  304  305  307  306  285  288  264  298  289  292
304   10  303  305  307  306  285  298  288  264  292  297
305   10  306  307  304  303  298  288  292  285  297  293
306   10  305  307  298  297  292  299  304  293  288  303
307   10  306  305  304  298  303  297  299  292  293  288
308   10  302  307  304  303  306  305  298  299  297  300
309   10   18  310   17   16   15   46  308   14   47   48
310   10  309   16   12   15   14   17   18   46   13   47
311   10  313  312  314  437  315  316  440  324  439  441
312   10  311  317  313  324  314  315  323  325  316  320
313   10  314  316  315  311  440  439  441  437  312  324
314   10  315  316  440  313  441  324  325  439  443  442
315   10  314  316  440  441  324  325  313  442  443  323
316   10  440  314  315  441  313  439  443  324  325  442
317   10  320  318  321  319  323  326  327  328  322  312
318   10  319  320  317  301  326  321  327  284  331  300
319   10  318  320  326  284  327  321  329  331  282  283
320   10  321  326  317  327  328  322  323  319  318  331
321   10  326  328  320  322  327  332  331  323  330  390
322   10  328  332  390  321  327  326  336  331  335  323
323   10  324  325  322  321  328  391  320  390  332  326
324   10  325  323  315  391  442  314  392  322  440  441
325   10  324  323  391  442  392  315  393  322  390  441
326   10  327  331  321  328  330  332  322  329  320  334
327   10  326  331  330  328  332  321  322  329  334  335
328   10  322  332  327  321  326  331  390  336  330  335
329   10  330  334  333  331  346  345  284  344  343  341
330   10  331  334  329  327  346  335  332  326  333  348
331   10  330  327  326  329  332  334  335  328  346  322
332   10  328  322  331  336  335  327  390  330  348  326
333   10  345  344  343  341  342  340  338  339  337  353
334   10  346  330  329  335  331  333  347  348  345  353
335   10  348  349  347  336  334  350  332  330  346  351
336   10  351  390  349  335  350  348  332  402  347  401
337   10  339  275  340  338  280  274  342  341  343  344
338   10  339  341  342  343  344  340  345  337  333  352
339   10  338  337  340  342  341  343  344  345  275  333
340   10  342  339  343  344  341  337  345  338  333  280
341   10  343  344  345  342  333  340  338  339  337  353
342   10  343  344  341  345  333  340  339  338  337  280
343   10  344  341  342  345  333  340  338  339  337  353
344   10  343  342  345  341  333  340  338  339  337  353
345   10  344  343  341  342  333  340  338  339  337  353
346   10  334  353  355  347  333  345  329  341  354  330
347   10  348  356  349  335  350  355  346  359  334  351
348   10  349  335  347  350  351  336  356  346  359  334
349   10  348  350  335  351  347  336  401  359  356  402
350   10  349  351  401  348  347  359  402  336  356  335
351   10  350  349  402  336  401  348  335  390  359  347
352   10  274  272  273  338  339  337  357  275  354  364
353   10  354  357  355  338  346  341  345  343  358  344
354   10  357  353  358  355  273  338  352  365  346  364
355   10  358  354  353  357  356  346  347  360  273  359
356   10  359  360  347  355  350  348  358  366  401  349
357   10  354  358  273  353  355  352  365  338  364  274
358   10  357  354  355  365  273  353  364  356  360  366
359   10  356  360  401  350  367  347  366  349  368  348
360   10  366  359  356  367  358  355  401  347  350  373
361   10  362  263  363  271  371  262  364  261  272  365
362   10  361  363  364  263  271  371  262  272  365  273
363   10  364  362  365  361  371  273  272  372  271  263
364   10  363  365  273  362  272  361  357  352  358  354
365   10  364  363  273  358  357  354  372  362  371  361
366   10  360  367  373  359  356  374  358  375  372  355
367   10  368  360  359  366  418  401  375  370  374  419
368   10  367  370  401  402  369  418  359  404  350  360
369   10  405  404  370  368  403  420  402  418  409  407
370   10  418  369  368  420  405  419  367  404  375  409
371   10  376  363  258  257  362  361  372  263  364  365
372   10  376  371  373  365  363  377  258  364  257  378
373   10  377  374  378  372  366  379  375  376  360  367
374   10  373  375  377  379  419  378  366  418  367  360
375   10  419  418  374  420  367  379  370  373  377  366
376   10  372  371  258  257  259  377  373  363  378  365
377   10  378  373  379  374  372  375  376  259  366  381
378   10  377  379  373  374  259  381  376  372  375  419
379   10  378  377  374  381  373  375  419  418  259  382
380   10  151  259  150  381  388  258  257  378  152  376
381   10  379  382  378  377  383  259  388  374  373  375
382   10  383  381  384  388  386  385  387  421  379  378
383   10  384  382  385  421  424  381  386  422  379  388
384   10  385  383  424  421  382  426  422  386  431  387
385   10  384  383  424  426  431  386  382  421  422  387
386   10  387  388  382  389  385  383  384  431  381  424
387   10  386  389  388  382  385  383  384  431  151  381
388   10  387  386  382  389  151  381  383  380  384  385
389   10  387  388  386  153  152  151  382  385  383  384
390   10  336  351  332  393  322  328  349  335  402  350
391   10  392  442  393  394  325  395  397  398  390  399
392   10  391  393  394  397  442  398  395  399  403  390
393   10  397  392  390  391  394  404  402  403  398  336
394   10  398  399  395  392  403  397  393  391  400  442
395   10  400  394  396  442  399  398  392  391  406  403
396   10  400  395  443  442  441  445  394  444  399  391
397   10  393  403  404  398  392  394  399  402  405  369
398   10  399  403  394  397  406  395  404  405  407  392
399   10  398  394  403  406  395  397  407  400  405  408
400   10  395  396  445  406  399  394  398  442  408  443
401   10  402  359  350  368  351  367  349  356  360  348
402   10  401  351  350  368  404  349  359  336  369  367
403   10  398  399  405  404  397  394  407  369  406  393
404   10  369  405  403  397  402  370  368  398  393  401
405   10  369  404  403  370  407  409  398  368  397  420
406   10  408  399  407  410  398  412  400  411  445  403
407   10  410  409  405  408  403  406  399  411  398  369
408   10  406  410  411  412  407  423  399  414  445  409
409   10  407  410  405  422  420  423  369  370  411  421
410   10  411  407  423  408  409  406  422  412  405  403
411   10  410  423  408  412  407  414  406  409  422  427
412   10  414  408  415  411  406  445  410  416  423  413
413   10  415  416  417  447  414  429  412  445  446  430
414   10  412  415  416  411  427  408  428  413  423  445
415   10  414  416  412  413  429  417  428  430  427  411
416   10  415  429  430  414  417  428  413  427  412  487
417   10  429  430  416  447  487  413  415  428  414  455
418   10  419  375  420  370  367  368  374  369  379  366
419   10  418  375  420  374  370  379  367  421  368  377
420   10  419  418  370  375  421  409  369  405  368  367
421   10  422  424  383  384  420  419  385  409  418  382
422   10  424  421  423  409  426  384  410  420  385  411
423   10  411  410  422  409  408  425  407  424  426  427
424   10  422  426  421  384  385  383  423  425  431  409
425   10  432  426  427  431  423  428  424  433  422  411
426   10  425  431  424  385  422  384  432  423  433  421
427   10  428  425  432  414  416  423  411  415  426  412
428   10  427  432  416  430  425  429  414  415  487  417
429   10  430  417  416  487  415  428  413  414  447  427
430   10  429  487  417  416  428  415  488  427  414  413
431   10  426  433  385  425  432  424  384  434  422  386
432   10  425  427  433  428  434  426  431  423  424  488
433   10  434  431  432  425  426  427  435  385  428  424
434   10  433  435  432  488  431  425  428  427  426  430
435   10  434  488  433  432  154  155  487  428  431  430
436   10  498  494  500  496  501  497  490  495  156  502
437   10  438  313  439  311  316  314  440  315  448  441
438   10  437  449  448  439  450  452  451  453  313  316
439   10  316  440  444  441  314  443  313  315  448  446
440   10  316  314  315  441  443  439  313  396  442  444
441   10  443  440  316  396  315  442  444  314  395  400
442   10  391  395  392  396  394  325  400  441  393  399
443   10  444  441  396  400  395  442  440  445  316  394
444   10  443  396  446  441  445  400  440  413  395  439
445   10  400  406  412  408  396  395  414  413  415  399
446   10  447  413  444  454  453  445  417  443  455  415
447   10  417  413  455  446  429  454  416  430  415  487
448   10  452  453  449  454  439  456  446  438  457  444
449   10  450  448  451  452  457  438  453  456  458  462
450   10  451  449  462  457  458  452  463  448  438  456
451   10  450  449  458  457  462  463  452  456  461  448
452   10  453  456  448  454  457  449  446  455  447  458
453   10  454  452  456  448  446  455  447  457  413  444
454   10  453  455  447  446  456  452  413  417  448  429
455   10  447  454  489  417  487  429  491  490  453  430
456   10  452  453  454  457  455  459  492  491  460  448
457   10  458  456  452  459  451  449  453  460  450  492
458   10  457  459  461  460  451  520  456  521  450  492
459   10  460  520  492  461  519  493  458  518  521  457
460   10  459  520  492  519  518  493  461  521  523  517
461   10  521  520  522  459  460  458  523  518  519  525
462   10  463  450  451  464  449  458  457  438  466  452
463   10  462  451  464  450  466  469  458  449  471  457
464   10  463  462  466  450  451  469  449  467  438  465
465   10  468  467  466  475  464  469  474  476  470  463
466   10  469  467  470  463  471  464  472  473  462  474
467   10  466  468  469  474  470  465  471  473  475  463
468   10  467  475  474  465  476  466  469  470  477  603
469   10  466  470  471  467  473  472  463  474  531  532
470   10  469  471  473  532  472  474  531  533  466  534
471   10  473  472  531  470  532  469  529  530  534  528
472   10  473  471  531  529  528  530  532  536  535  534
473   10  472  471  531  532  529  530  536  534  535  533
474   10  470  467  468  602  469  560  540  561  532  603
475   10  476  477  468  603  615  617  616  604  474  613
476   10  475  477  615  603  617  604  616  613  468  605
477   10  476  475  617  616  482  615  619  620  618  614
478   10  482  483  484  620  477  486  485  481  619  624
479   10  480  481  485  624  483  625  626  484  627  478
480   10  481  485  624  483  479  625  626  484  627  629
481   10  480  485  483  624  484  478  625  626  482  486
482   10  620  484  486  619  483  621  478  622  618  477
483   10  484  485  624  486  482  625  620  626  478  629
484   10  483  486  485  482  624  620  625  626  629  628
485   10  624  483  625  484  626  486  627  629  628  630
486   10  620  484  621  622  482  629  623  619  632  630
487   10  430  429  417  488  416  489  428  415  427  447
488   10  487  435  434  430  428  429  432  489  433  427
489   10  490  494  487  491  436  455  488  495  430  429
490   10  494  491  495  489  436  496  498  493  497  500
491   10  490  494  495  493  492  489  496  436  455  498
492   10  493  460  459  519  491  520  518  495  490  494
493   10  492  519  495  491  518  496  460  490  494  497
494   10  490  495  436  496  491  498  489  497  500  493
495   10  496  494  490  497  498  491  493  436  500  499
496   10  497  498  495  500  494  499  501  502  436  490
497   10  498  496  500  499  502  501  495  436  494  156
498   10  497  500  496  501  499  502  436  495  494  156
499   10  502  500  501  497  498  496  156  157  436  158
500   10  501  502  498  499  497  496  156  436  157  495
501   10  500  502  499  498  497  156  496  157  436  158
502   10  499  501  500  498  497  156  496  157  436  158
503   10  504  505  160  159  514  499  502  157  164  501
504   10  505  160  503  164  159  507  506  514  161  508
505   10  504  503  160  164  507  159  514  506  161  508
506   10  507  508  166  509  164  505  504  160  165  514
507   10  506  166  508  164  509  165  160  505  504  161
508   10  166  506  507  509  164  165  203  505  160  504
509   10  508  506  507  166  514  164  512  165  505  513
510   10  511  527  512  513  526  539  538  530  537  536
511   10  510  512  513  526  527  525  515  524  514  516
512   10  513  511  526  514  515  524  516  525  510  527
513   10  512  526  515  514  524  511  516  525  527  510
514   10  513  512  515  516  524  503  505  526  504  511
515   10  516  524  513  526  514  525  523  517  512  518
516   10  524  515  523  517  525  526  513  518  514  522
517   10  518  523  519  516  524  520  515  493  521  460
518   10  519  517  523  520  493  460  492  521  516  459
519   10  518  517  493  520  492  460  523  459  495  521
520   10  460  521  518  519  459  523  461  517  492  522
521   10  522  461  520  523  525  518  460  519  517  459
522   10  521  525  523  461  520  524  526  516  518  515
523   10  517  518  521  516  520  524  522  519  525  515
524   10  516  515  525  523  526  513  517  512  522  514
525   10  522  526  524  516  523  515  521  527  513  517
526   10  525  513  524  512  515  527  516  511  522  523
527   10  526  511  525  528  529  510  512  522  513  530
528   10  529  527  530  472  522  525  473  536  526  531
529   10  528  530  536  527  472  531  473  537  471  535
530   10  536  529  531  537  535  538  539  528  473  534
531   10  532  473  536  535  530  534  472  533  471  537
532   10  534  533  535  531  540  541  473  536  542  543
533   10  534  532  535  540  541  543  542  531  537  536
534   10  533  535  532  541  531  542  540  543  537  536
535   10  534  533  532  537  536  542  531  543  538  541
536   10  530  537  535  531  538  539  534  529  532  542
537   10  538  536  539  535  542  530  548  534  533  531
538   10  539  537  548  542  536  535  530  543  534  551
539   10  538  537  548  536  542  530  535  551  543  510
540   10  541  533  543  544  534  532  542  535  545  560
541   10  540  543  544  533  542  534  535  532  545  548
542   10  543  548  535  537  541  538  534  533  539  540
543   10  541  542  540  548  544  533  534  535  549  537
544   10  545  541  540  543  546  560  549  542  533  550
545   10  546  544  560  550  549  547  541  561  540  562
546   10  560  545  547  561  544  550  562  563  602  549
547   10  562  563  550  546  561  560  545  553  602  564
548   10  542  551  538  543  539  537  549  535  541  534
549   10  552  544  553  545  550  543  548  551  554  546
550   10  547  553  546  545  562  563  549  560  552  544
551   10  554  548  552  549  542  555  538  539  543  556
552   10  554  549  556  555  553  551  557  558  550  548
553   10  550  552  556  549  547  555  545  546  554  557
554   10  555  552  551  556  557  558  549  548  553  559
555   10  557  556  558  554  552  559  553  551  549  550
556   10  555  557  558  552  553  554  559  549  550  551
557   10  558  555  556  559  554  552  553  551  549  550
558   10  557  555  559  556  554  552  553  551  549  550
559   10  558  557  555  556  554  552  553  551  549  550
560   10  546  545  561  544  547  602  562  550  540  541
561   10  602  562  560  546  547  563  545  550  564  544
562   10  563  547  561  546  550  564  602  560  545  565
563   10  562  547  564  561  550  546  602  565  566  560
564   10  566  563  565  562  567  607  568  547  561  602
565   10  566  574  564  568  567  563  562  547  573  569
566   10  565  567  568  564  574  569  607  563  570  573
567   10  568  566  569  607  570  574  564  565  571  573
568   10  567  566  574  569  570  571  565  573  607  564
569   10  567  568  570  607  571  566  608  606  599  574
570   10  571  569  568  573  572  567  574  608  599  566
571   10  570  569  572  573  568  567  574  599  608  566
572   10  573  571  570  574  575  568  576  577  588  567
573   10  572  574  570  571  568  575  567  576  566  569
574   10  568  573  565  566  567  572  570  575  571  569
575   10  576  578  577  579  573  572  574  580  588  565
576   10  575  577  578  579  580  573  572  588  574  581
577   10  576  579  580  575  578  588  581  582  572  573
578   10  575  576  579  577  580  573  574  572  588  581
579   10  577  576  578  580  575  581  582  588  583  572
580   10  577  581  579  582  576  588  583  578  575  584
581   10  582  583  580  584  577  588  579  587  585  576
582   10  581  583  580  584  587  585  588  577  579  576
583   10  584  582  581  585  587  580  588  591  590  577
584   10  583  585  587  582  581  591  590  588  580  586
585   10  584  583  587  591  582  590  586  581  588  580
586   10  591  640  593  585  594  584  587  592  590  583
587   10  590  584  591  585  583  588  582  589  581  580
588   10  589  587  577  580  590  581  582  584  583  576
589   10  588  590  587  597  572  592  596  591  595  577
590   10  587  591  589  588  592  584  585  583  595  593
591   10  590  587  585  586  584  592  593  583  589  588
592   10  595  593  590  591  596  597  594  589  587  586
593   10  594  592  586  591  640  595  590  637  587  585
594   10  593  640  637  586  592  591  595  639  590  585
595   10  596  597  592  598  593  590  589  591  594  587
596   10  597  595  598  592  589  590  600  593  601  599
597   10  596  598  595  592  589  590  600  599  601  593
598   10  597  596  600  595  599  601  608  589  609  571
599   10  608  600  609  601  610  571  569  570  598  606
600   10  601  609  599  608  598  635  612  611  610  597
601   10  609  600  612  635  611  599  608  610  598  634
602   10  561  562  560  563  546  547  564  545  550  544
603   10  604  605  606  615  613  607  476  610  617  602
604   10  613  615  606  603  605  610  617  616  611  607
605   10  606  607  603  604  569  610  613  615  567  564
606   10  605  604  607  603  610  569  613  608  615  599
607   10  569  567  605  606  564  568  566  570  565  571
608   10  599  609  600  610  569  601  571  570  606  611
609   10  601  600  612  611  599  610  608  635  614  613
610   10  613  611  609  604  612  608  615  606  599  614
611   10  612  614  610  613  609  618  616  601  617  615
612   10  611  614  609  601  610  618  635  622  633  613
613   10  615  610  604  611  617  616  614  612  606  618
614   10  618  616  611  612  617  621  619  622  613  615
615   10  613  617  616  604  610  614  611  603  618  606
616   10  617  618  614  615  613  619  611  621  612  610
617   10  616  615  618  614  613  619  611  621  610  604
618   10  614  619  621  616  617  622  611  612  623  620
619   10  621  618  620  622  614  616  617  486  623  482
620   10  482  619  486  621  622  618  484  623  614  616
621   10  622  619  618  623  614  620  486  633  632  616
622   10  621  623  619  618  633  632  614  634  486  620
623   10  633  622  632  634  621  631  630  629  628  618
624   10  485  625  626  627  484  629  483  628  486  630
625   10  626  624  627  629  628  630  631  485  486  632
626   10  625  627  629  624  628  630  631  485  632  486
627   10  628  626  629  630  625  631  632  624  634  633
628   10  630  629  631  627  632  626  625  634  633  623
629   10  628  630  631  627  626  632  625  623  634  633
630   10  631  628  629  632  627  626  634  625  633  623
631   10  630  628  629  632  627  634  633  623  626  625
632   10  631  633  630  623  634  628  629  622  627  621
633   10  634  623  632  622  631  630  635  628  621  629
634   10  633  632  623  631  635  630  622  628  629  612
635   10  634  601  633  612  600  609  623  632  611  622
636   10  637  638  595  659  596  635  594  597  627  639
637   10  594  639  638  593  640  636  592  595  647  586
638   10  639  657  637  658  647  636  594  659  656  640
639   10  638  637  647  657  594  640  646  648  593  658
640   10  594  586  593  648  591  637  592  585  639  647
641   10  648  586  642  585  640  584  583  582  591  581
642   10  643  644  648  645  646  647  641  640  639  586
643   10  644  642  645  646  648  647  656  649  639  650
644   10  643  645  642  646  649  647  648  650  651  656
645   10  646  643  644  642  647  656  648  649  650  652
646   10  645  647  643  656  644  642  639  657  648  638
647   10  639  646  648  645  638  657  640  642  637  643
648   10  640  642  647  586  643  594  639  641  646  645
649   10  650  651  652  645  644  656  646  643  655  642
650   10  651  649  652  656  645  646  644  655  643  642
651   10  650  652  649  656  655  645  646  644  643  657
652   10  651  650  649  656  655  646  645  644  643  657
653   10  654  663  661  662  664  660  665   22   24   23
654   10  653  661  663  662  660  664  665   22   24   23
655   10  656  652  657  658  651  650  646  649  638  645
656   10  655  646  657  652  645  647  651  658  650  638
657   10  638  658  639  656  647  646  637  655  659  645
658   10  657  659  638  655  639  656  636  637  647  646
659   10  658  638  636  657  639  637  655  656  627  647
660   10  661  662  654   22  663   21    4   23   24    5
661   10  660  663  654  662  653  664   22   24   23   21
662   10  663  664  661  654  665  660  653   58   62   24
663   10  662  661  664  654  653  660  665   24   58   23
664   10  662  663  665  661  654  653   93   62   58  660
665   10  664   93  662   99   98  107   96  105  106  101
666   10  218  229  228  227  221  225  226  219  109  224
   1    1    2    1    3    1    2    1    1    2    1    3    2    1    1    2    3    2    1    2    2    3    3    3    3    1    1    1    1    2    2    3    3    1    2    3    3    3    2    1    3    1    2    1    2    2    1    1    3    1    2    2    2    2    3    2    1    1    1    3    3    1    1    2    3    3    3    3    3    1    3    3    3    1    3    3    3    2    2    3    1    1    3    3    2    3    3    2    1    3    3    1    1    1    3    1    2    1    3    2    2    1    1    2    2    2    2    2    1    1    3    2    3    3    3    3    1    2    1    2    2    2    1    2    1    3    2    1    3    2    3    3    1    3    3    3    2    3    2    1    1    3    2    2    1    3    2    1    3    2    1    2    1    2    3    1    3    1    2    1    1    2    1    3    1    1    1    2    1    1    3    2    1    1    2    2    3    1    2    2    1    2    2    1    2    2    1    3    2    2    3    1    1    1    3    1    2    1    3    2    1    3    3    1    2    1    2    1    3    3    2    3    1    1    3    3    1    1    1    1    3    1    2    1    1    2    3    1    3    2    1    1    2    3    1    2    3    1    1    2    1    3    2    1    3    1    2    1    2    1    1    2    2    2    1    1    3    2    2    1    1    1    3    2    3    2    2    2    3    3    3    1    1    3    3    1    3    1    2    3    3    2    3    3    1    3    3    1    2    3    3    1    1    3    3    1    3    1    2    2    2    2    2    3    1    1    3    3    1    1    3    1    2    3    2    1    3    2    1    1    1    3    3    1    1    3    1    2    1    3    3    3    1    1    1    3    2    1    1    2    2    3    3    3    2    1    3    1    1    1    1    3    2    3    2    1    2    2    1    1    2    1    1    3    2    3    2    3    1    3    2    3    1    2    1    3    1    2    3    1    3    2    2    3    3    3    1    3    1    1    1    3    1    3    3    3    2    2    1    2    2    3    1    2    3    1    2    2    2    1    1    1    2    2    2    2    2    2    3    3    3    1    1    3    1    2    2    3    3    1    1    3    1    2    3    2    3    3    2    3    2    3    1    2    3    2    1    2    1    1    3    2    2    2    2    3    3    3    3    3    3    1    2    2    3    2    3    3    1    2    1    2    2    1    2    3    1    2    1    1    1    1    2    1    3    3    3    1    2    2    2    3    3    1    3    2    1    3    2    3    2    1    3    1    2    2    2    2    1    2    3    1    1    2    1    2    3    2    3    2    1    3    2    3    2    3    3    3    1    3    3    1    3    2    2    3    1    3    1    1    1    2    2    3    1    2    1    3    2    2    2    3    2    3    1    1    3    2    3    2    1    3    1    3    2    1    2    2    1    3    2    2    1    2    3    3    1    3    3    1    3    1    2    3    1    3    2    2    3    2    2    2    3    2    2    1    1    3    3    3    3    2    3    3    3    1    1    3    2    3    2    2    1    2    1    3    3    3    2    1    2    3    1    1    1    2    1    2    1    3    2    3    1    3    1    3    3    3    2    3    2    1    1    2    2    1    1    2    3    2    2    1    1    2    3    3    3    3    3    2    2    3    1    2    1    1