200

1  1357.000000  1905.000000
2  2650.000000  802.000000
3  1774.000000  107.000000
4  1307.000000  964.000000
5  3806.000000  746.000000
6  2687.000000  1353.000000
7  43.000000  1957.000000
8  3092.000000  1668.000000
9  185.000000  1542.000000
10  834.000000  629.000000
11  40.000000  462.000000
12  1183.000000  1391.000000
13  2048.000000  1628.000000
14  1097.000000  643.000000
15  1838.000000  1732.000000
16  234.000000  1118.000000
17  3314.000000  1881.000000
18  737.000000  1285.000000
19  779.000000  777.000000
20  2312.000000  1949.000000
21  2576.000000  189.000000
22  3078.000000  1541.000000
23  2781.000000  478.000000
24  705.000000  1812.000000
25  3409.000000  1917.000000
26  323.000000  1714.000000
27  1660.000000  1556.000000
28  3729.000000  1188.000000
29  693.000000  1383.000000
30  2361.000000  640.000000
31  2433.000000  1538.000000
32  554.000000  1825.000000
33  913.000000  317.000000
34  3586.000000  1909.000000
35  2636.000000  727.000000
36  1000.000000  457.000000
37  482.000000  1337.000000
38  3704.000000  1082.000000
39  3635.000000  1174.000000
40  1362.000000  1526.000000
41  2049.000000  417.000000
42  2552.000000  1909.000000
43  3939.000000  640.000000
44  219.000000  898.000000
45  812.000000  351.000000
46  901.000000  1552.000000
47  2513.000000  1572.000000
48  242.000000  584.000000
49  826.000000  1226.000000
50  3278.000000  799.000000
51  86.000000  1065.000000
52  14.000000  454.000000
53  1327.000000  1893.000000
54  2773.000000  1286.000000
55  2469.000000  1838.000000
56  3835.000000  963.000000
57  1031.000000  428.000000
58  3853.000000  1712.000000
59  1868.000000  197.000000
60  1544.000000  863.000000
61  457.000000  1607.000000
62  3174.000000  1064.000000
63  192.000000  1004.000000
64  2318.000000  1925.000000
65  2232.000000  1374.000000
66  396.000000  828.000000
67  2365.000000  1649.000000
68  2499.000000  658.000000
69  1410.000000  307.000000
70  2990.000000  214.000000
71  3646.000000  1018.000000
72  3394.000000  1028.000000
73  1779.000000  90.000000
74  1058.000000  372.000000
75  2933.000000  1459.000000
76  3099.000000  173.000000
77  2178.000000  978.000000
78  138.000000  1610.000000
79  2082.000000  1753.000000
80  2302.000000  1127.000000
81  805.000000  272.000000
82  22.000000  1617.000000
83  3213.000000  1085.000000
84  99.000000  536.000000
85  1533.000000  1780.000000
86  3564.000000  676.000000
87  29.000000  6.000000
88  3808.000000  1375.000000
89  2221.000000  291.000000
90  3499.000000  1885.000000
91  3124.000000  408.000000
92  781.000000  671.000000
93  1027.000000  1041.000000
94  3249.000000  378.000000
95  3297.000000  491.000000
96  213.000000  220.000000
97  721.000000  186.000000
98  3736.000000  1542.000000
99  868.000000  731.000000
100  960.000000  303.000000
101  1380.000000  939.000000
102  2848.000000  96.000000
103  3510.000000  1671.000000
104  457.000000  334.000000
105  3888.000000  666.000000
106  984.000000  965.000000
107  2721.000000  1482.000000
108  1286.000000  525.000000
109  2716.000000  1432.000000
110  738.000000  1325.000000
111  1251.000000  1832.000000
112  2728.000000  1698.000000
113  3815.000000  169.000000
114  3683.000000  1533.000000
115  1247.000000  1945.000000
116  123.000000  862.000000
117  1234.000000  1946.000000
118  252.000000  1240.000000
119  611.000000  673.000000
120  2576.000000  1676.000000
121  928.000000  1700.000000
122  53.000000  857.000000
123  1807.000000  1711.000000
124  274.000000  1420.000000
125  2574.000000  946.000000
126  178.000000  24.000000
127  2678.000000  1825.000000
128  1795.000000  962.000000
129  3384.000000  1498.000000
130  3520.000000  1079.000000
131  1256.000000  61.000000
132  1424.000000  1728.000000
133  3913.000000  192.000000
134  3085.000000  1528.000000
135  2573.000000  1969.000000
136  463.000000  1670.000000
137  3875.000000  598.000000
138  298.000000  1513.000000
139  3479.000000  821.000000
140  2542.000000  236.000000
141  3955.000000  1743.000000
142  1323.000000  280.000000
143  3447.000000  1830.000000
144  2936.000000  337.000000
145  1621.000000  1830.000000
146  3373.000000  1646.000000
147  1393.000000  1368.000000
148  3874.000000  1318.000000
149  938.000000  955.000000
150  3022.000000  474.000000
151  2482.000000  1183.000000
152  3854.000000  923.000000
153  376.000000  825.000000
154  2519.000000  135.000000
155  2945.000000  1622.000000
156  953.000000  268.000000
157  2628.000000  1479.000000
158  2097.000000  981.000000
159  890.000000  1846.000000
160  2139.000000  1806.000000
161  2421.000000  1007.000000
162  2290.000000  1810.000000
163  1115.000000  1052.000000
164  2588.000000  302.000000
165  327.000000  265.000000
166  241.000000  341.000000
167  1917.000000  687.000000
168  2991.000000  792.000000
169  2573.000000  599.000000
170  19.000000  674.000000
171  3911.000000  1673.000000
172  872.000000  1559.000000
173  2863.000000  558.000000
174  929.000000  1766.000000
175  839.000000  620.000000
176  3893.000000  102.000000
177  2178.000000  1619.000000
178  3822.000000  899.000000
179  378.000000  1048.000000
180  1178.000000  100.000000
181  2599.000000  901.000000
182  3416.000000  143.000000
183  2961.000000  1605.000000
184  611.000000  1384.000000
185  3113.000000  885.000000
186  2597.000000  1830.000000
187  2586.000000  1286.000000
188  161.000000  906.000000
189  1429.000000  134.000000
190  742.000000  1025.000000
191  1625.000000  1651.000000
192  1187.000000  706.000000
193  1787.000000  1009.000000
194  22.000000  987.000000
195  3640.000000  43.000000
196  3756.000000  882.000000
197  776.000000  392.000000
198  1724.000000  1642.000000
199  198.000000  1810.000000
200  3950.000000  1558.000000


1   10   53  115  111  117  132   85  145  191   40  174  198   27  159  121  123   15  147   12   46  172   24   79   13  160   32   29  110   49  177   18  163  184  136   93  162    4   61   20   64  101  193  106   65  149  128   67   37   26   60  190
2   10   35  181  125   68  169  161  173   30  168   23  151  185   80  187  150   54   77  164  144    6  140  158   62   91   21   50   83  109   89  157   70  154  107   65   41   75   95  102   94  167   31   76   72   47  139  134   22  183  128  155
3   10   73   59  189   41   69  142   89  131  180  167  108  154   74  140   60   30   21   57  156  164  100  192   36  128   14   33  193   68  101  158  169   77    4   81   45  197   97   35  175   23  102   10   99  161    2   92  181   80  163  125
4   10  101  163   60  192   93  106  149   14  147  108   12  193  128   99   49   19   40  190   10  175   36   92   57   74   18   69  167  110  142   27   46  172   29  100  119  191   33  132  197  156   45  158  198  184  121  189   85   81  111   77
5   10  105  196  178  137   43  152   56   86   71  139   38  130   28   39   72   50  133   95  148  113   88  176   94   83  185   62  182  195   91  114   98  168  200  150  129   76  171  144  173   58  103   70  146  141   23  134   22   75  143    2
6   10  109   54  187  107  157  151   75   47   31  120  112  183  155  125   22  134  161   67   80   65  181  127  186    8   55    2   62   42  177   83  162  135   35   77  185  168   64   13  158   20  160  129   68   79  146  169   72   30   50  173
7   10  199   82   78   26    9  136  138   32   61  124   24  118   37  184  159   16   29   51  174  172  121  110   46   63   18  179  194  188   49   44  116  122  190  153   66  117  115  111   12  170   53    1  149   93  106   48   40   19  132  163
8   10   22  134  183  155   75  146   17  129  112  143   25  107  103  127  109   90   54  157    6  120  186   34   47   42   83  135  114   62  187   55   98   31   72   67  130   39   58   88  151  185   28  162   64  171   20   38   71  148  200  141
9   10   78  138  124   82   26  199   61  136  118   37   16    7  184   32   51  179   29   63  194   24  110   18  188   44  116  172  122   49   46  153   66  121  190  159  174  170  149   48  119   19   93  106   12   84  163   92   99   11   52  111
10   10  175   92   99   19  119   36  197   14   45   57   33   74  149  100   81  192  106  156  190   93   97  108  104   66  153  163    4   48   49  142  179  165  101  180  166   69   18   44  110  131  188   84   63   96   60  116   29  189   16  184
11   10   52   84  170  166   48   96  165  122  116  104   87  126  188   44  153   66  194   63   51  119  179   16   97  197   92   45   81   19  118   10  175   99   33  190  156  100   36   37  124   57   74  149  106   14   18  138  184    9   49  110
12   10  147   40   46  163  172   93   49  121  132    4  111  110  174   18  106   29  101  149   27  191   53   85  159    1  117  115  184  190  198  145   24   60  192  123   37  193   99   19   15  128   14   61   32  136   92   10  175  108  179  138
13   10   79  177  160   15  123  162   65   67  198   27   31   64   20  191   47   55  145  120   85   80   42  186  157  151  135  132  187  158  127   77  193  112  107   40    6  109  147  128  161    1   53   54  111  125  115  117   12  155   75  181
14   10  192   36  108   57   99  175   10   74   92  106   19  149  100   33    4  156   93  197   45  163  101  142   69   81  119   60  190  180   97  131  189   49  104   66   18  153   12  128  110  193  147  167  179   29   48  165    3   73  184   59
15   10  123  198  191   13  145   79   27   85  160  177  132  162    1   64   40   20   65   67   53  147  111   31  115   55  117   47  193   42   12  120   80  186  128  135  158   77  157  127  151  187  112  174  121  101   60  107  109    6  161    4
16   10   63  118   51  179   44  188  194  116  124  122  153   37   66  138    9  184  170   78  190   18   29   48   61   82  110  119   84  136   49   26   19   11  199   52   92  149   99  106   10  172   32  166  175   46   93  104   24  165    7  163
17   10   25  143   90  146   34  103    8  129   22  134  183  155  114   98   58   75  112  171  127  141   88  200  107  186  135  109   42  120   39  148  157   83   54   28    6  130   62   55   72   47   38   71  187   31   67   64   20  185  162   56
18   10  110   49   29  184  190   37  172   46   93  149  106   61  179  163  121   12  136  124  118  138   19  174   24   16   99   32   66  159  153   26    9   63   92  119   44    4  147   10   40  175   78   51  188  101  192   14  116  111  199  194
19   10   99   92   10  175  119  149  190  106   14   93  197   66   36  153  192   45   57  163   49   33  179   74   81  100   18  156  104  110    4  108   48   44   97   29  101   63  184  188   37   16  116  165  166  118   84  122   12  142   51  170
20   10   64  162   55  160   42  135   79   67  186  177  120  127   13   47   31  112   15  123  157   65  107  109  198  145    6  155  187  183  191   27  151   75   85   54   80    8   22  134  132  161    1   77   53  158   17  125   40  115  111  193
21   10  140  154  164  102   23   89  144  169   70  173   68   30   76  150   35   41   91    2   94   59  181  168  125   95   73    3  167  161  182  185   77  158   50   80  151   62  195  187  128   83   86  139   54  193  189    6   72   69   60   65
22   10  134    8  183  155   75  129  146  107  109  112   54   17    6  103  157  143   83   62  127   25  120   90  187  186   47   72  114   34  130   42   31  185   98  135   39   55  151   67   28   88  168   50   71   38  125   58  181  139  148  162
23   10  173  144  169  150  164   35   68   70  140    2   91   21  168  102  154   76   30  181   94  125   95  185   89   50  161   62  182   41   83  151  139   77   80   86   54   72  187  158    6  167  130   59  109  195   75  107  157   71   65  196
24   10   32  159  174  121  136  172   61   46   26   29  184  110  138  199   37   18  117  111  115  124    9   49   78   53   12    1    7   82   40  132  118  190  147   85  179   93   16  163  149  106  145  191   63   51   27   66  198   44   19    4
25   10  143   90   17   34  103  146    8  129  114   58   98   22  134  183  155  171  141  200   75   88  112  127  148   39   28  107  186  135  130  109   83   42  120   62   38   72  157   54    6   71   55   47  187   56   31  185   67  152   64  196
26   10  136  199   61  138   78    9   32  124   82    7   24   37  184  118   29  110  172  159   18   46   16  121  174  179   51   49   63  194  190   44  188  116   66  153  122   12  111  117  115   93  149  106   53  163   19    1   40  119  170  132
27   10  191  198  123   15   85  145  132   40  147   13    1   79   53  111   12  177  160  193  115  117   65  128  101  162    4   60   67  158  163  121   64   46  174   20   80   31   77  172   93  159   47   55   49  106  151  167  120  161  149  110
28   10   39   38   71  148   88  130   56  152  178  196  114   98   72  200  139    5  129  171   83  103   86   58  105   62  146   43   50  141  137  185  143  134   90   34   22   25    8   17   95  168   75  183  155   94   54   91  150  133  113  109
29   10  110  184   18   49   37  172   46   61  190  136  121  138  124   24  174  179   32  118   93   12  149   26  159  106   16    9  163   78   19   63   66  153  199   99   44   40   51  147   82  188  119  111   92    4   10  116  175  194  117  115
30   10   68  169   35    2  181  161  125   89   41   77  164  158  140  167   23   80   21  173  154  151  168  144  128   59  150  193  187  102   65   70   54    6  185    3   91   73   60  109   76  157   31  107   62   94   50   47   95   83  177   75
31   10   47   67  120  157   65  177  107  187   55  109  162    6  186  112  151  127   42   13  160   64   79   54   20   80  135   75  155  161  183  125   77   15   22  123  158  134  181    8  198    2   27  191  193   35  128  145   62   68   30   83
32   10   24  136   61   26  159  199  174  121  138  172   46  184   29    9   78  124   37    7  110   18   82   49  118  117  111  115   12   53   16  179    1  190   40  132   51   63   93  149  163  147  106   85   44  194  188   66  153  116  145   19
33   10  100  156   45   81   74  197   57   36   97  175   10  180   14   92  142   99  108  131  104  119  192   19   69  189  165  149  106  166   96   48   66  190   93  153    4  163  101  126   60   84   11    3   73   44  179   52   49   87  188  116
34   10   90  143   25  103   17   58  146  114   98  171  141  129  200    8   88   22  134  148  183  155   28   39   75  130   38  112   71   72   83  127   62  107   56  186  109  135  152   54   42  120  178  196  157    6  139   55   47  185   50  187
35   10    2  169   68  181  125  173   23   30  161  168  164  150  151  144  140  185   80   77   21  187   54   91  158   89  154   70    6   62   50   41  102   83   95   94  109  167   76  157  107   65   75   72   31  139   47  128  193  134   22   86
36   10   57   74  100   33  156   14   45  175  197   10   81  108   99   92  192  142   19   97  180   69  119  131  149  106  189  104   93    4  163  101  190   60  165   66  153  166   48   49   96    3  179   73   18   44   84   59  110  126  128  167
37   10  184   29  124  118  138  110   18   61  179   16  136    9   49  190   26   78   63  172   46   51   32   44   66  153   24  188   82  199  121  194  149  116  174   93  106   19  122  159  119  163   12   99   92    7   48   10  175  170   84   40
38   10   71   28   39   56  130  196  178  152  148   88   72  139    5   86  114  105   98   83   43   50  137  129   62  200  103  185  171   58  146  141   95  134  168   22  143   90   34   94    8   75   25   17   91  183  150  133  113  155   54  182
39   10   28   38  130   71   88  148   72   56  196  178  152  114   98  139  129   83    5   62  200   86  103   50  146  105  171   58  185   43  137  141  134   22  143   90    8   34  168   75   95   17   25  183  155   54   94   91  150  109  107    6
40   10  147  132   12  191   27   85  111   53    1  198  145  115  117   46  121  123  172  174   15  163    4  159  101   93   49  110  193   18  106   29   60   13  128  149   24   79  184  190  177  160  192   32   65   37   61  136  158   14   99   19
41   10   89   59  167   30    3   73   68  140  154  164  169  158   21   77  128  193   69   35   60  189  161    2  181   23  142  125   80  108  173  101  102  131  151  144  192    4  180   70   65  150   14   74  168   57  187   36   91   76  100  156
42   10  135  186   55  127  120   64   20  112  162   67   47   31  160  157  107  177  155   79  109  183    6   13   75    8   65  187   22  134   54  151   15   17  123   80   25  146  198  143  161  129  145   90   27  191  125  103   77  181   85  158
43   10  105  137    5  178  152  196   56   86  133   71  113  139   38  176   28  130   39   95  195   72   50  148  182   94   88   91   83  185   62  200   98  114  150  168   76  129  171   70  144   58  173  141  103  146   23  102  134   22  143   75
44   10  188  116   63  122  153   66   51  194  179   16  170   48  118   84  119   11   52   37  124  190  166   19   92  104  138  184  165    9   18   99   10  110   96   29  175   49   78  149   82   61  197  106   45  136   93   26   81   97  126   36
45   10  197   81   33  100  156   97   36   57   74  175   10   92  104  119   99   14   19  180  165  108  142  192  131  166   69   96   48  149   66  106  153  189  190  126   93   84  163   11    4   52   44  101  179  188   87  170  116   49   60   63
46   10  172  121  174   29  110  159   18   12   24   49  184   32   61  111  136   40   37  117  115  147   93  163   53  190  132    1  106  149   26  138  124   85    4    9  118  179  191  199   27   78  145  101   19   16   99  198   82   66   92  192
47   10   31  120  157   67  107  109  112   55  186    6  187  127  162  177   42   65   54  151  135   64   20  155   75  160  183   79   13   80   22  161  134    8  125  181   77   15  123  158    2  198   62   83   27   35   17  146  129  191  185   68
48   10   84   11  170  166   52  153   66  116   44  104  165  188  122   96  119   63  194  179   51   16   92  126  197   19   10  175   45   87   97   99   81  118  190   33   36  100  156  149   37   57  106  124   74   14   18   49  184  110   93   29
49   10   18  110   29  190  184   93  149  106   46  172  163   37   12   19  179  121   99   61    4  174   92  136  118  147  124   66  119   10   24  138   16  153  175   40  159  101  192   14   32   63   44   26    9  188  111   51  132   78   36  116
50   10  185  139   72   62  168   83   95   86  130  150   91   94   71  173  196   38   39    5  178  144   56  152   23   28  105    2  137   35   76   70  182   43  181   54  129  125  169   75  134   22   88  148   68    6  102  113  195  114  187  109
51   10  194   63   16  188  116  122   44  118  179  153   66  170  124   37    9  138   48   84   78   82   11  184   52  119   61  190   29   18   26  110  136  166   19  199   49   92  104  165   99   96  149   10  175   32    7  106  172   93   46  197
52   10   11   84  170  166   48   96  165  122  116   87  104  126  188   44  153  194   66   63   51  119  179   16   97  197   92   45   81  118   19   10  175   99   33  190  156  100   36   37  124   57   74  149  106  138   14    9   18  184   49  110
53   10    1  115  111  117  132   85  145   40  191  174  159  121  198   27  123   12  147   15   46  172   24   79   13   32   29  160  110   49   18  163  184  136  177   93   61    4  101  162   20  106   64  193   37  149   26  128   65  190   60   67
54   10    6  109  187  107   75  157  151  183  155   47  125  134   22  112  181   31  120  161   62   83   80    8    2  185  168   67  127   65  186   35   55  129   42   77   72  177   68  146   50  135  162  169  173  158   30  130   64   13   17   20
55   10   42  186  135   64  162   20  120  127   67   47  112   31  160  177  157   79  107   13  109   65  155    6  183  187   75   54   15    8  151  123   22  134   80  198  161   17  145   27  191  125   77  146  158   85   25  181  129  143   90   62
56   10  152  178  196   38   71    5   28   39  105  130   43  148  137  139   86   88   72   50   98  114  200   83   62  129  171   95  185   58  133  103  141  113  146   94  168  176   91  182  134  195  150  143   22   34   90    8   75   25  173   17
57   10   36   74  100   33  156   14   45  197  175  108   81   10  192  142   99   92  180   97   69   19  131  119  189  149  106  104    4   93  101  163  190   60  165   66  153  166   48    3   73   49   96   59  179   18  167  128   44   84  110  126
58   10  171  141  200   98  114   34   88  103   90  148  143  146   25  129   28   17   39   38  130   71   56    8  152  134   22  178   72  196   83  183  155   62   75  139    5  105   43   86   50  185  137  112  107   54  109  127    6  157  168  186
59   10    3   73   41   89  189   69  167  142  131  154   30  108  140  180   21  164   60  128   68  169  193  158   74   77  192   57  101   14   36  100  156   35    4   23   33  161  102    2  181   80  125  173   81   45  144  197  175   10   70   99
60   10  101    4  128  193  192  167  108  163   14  147   93  158  106   69  149  142   12   77   57   41   36   40   99   74   27  189   59  175   10   19   92    3  191  198   80   49   73  100  190   33  156  180   30  131   65  132   89  123  161   45
61   10  136   26  138   32  124  184   37    9   78   24   29  199  110  172  118   18   82   46  121  159  174   49   16    7  179  190   51   63   44  194   12  188   66  153   93  149  116  111  106  117  122  115  163   19   40   53  119    1  147   99
62   10   83  185   72   50  168  130  139   54   75  134   39   71  129   22   38   86    6   28  183    2   95  109  173  181  155  150    8  196  125  146  107  187   35   91   56  178  157   94  114  103  152  151   23   88    5   98  148  161  169  144
63   10  188   44   16   51  116  194  179  122  118  153   66  170   48  124   37   84  138  119    9  190   11  184   52   78   18   29   19  110   82   61  166   49   92  136  104   26   99   10  149  165  175   96  106  199   93  197  172   46   32   45
64   10   20  162   55  160   42  135   67   79  186  177  120  127   13   47   31  112   15  157  123   65  107  109  198    6  187  155  145  183  191   27  151   75   54   80   85    8   22  134  132  161   77    1  158   53   17  125   40  193  181  111
65   10  177   80   31   67   13  151   47  187   77   79  157  161  158  162  160    6  120  109  107   55   15  123  125   54   64  198  193   20  186  112  181   27  128   42  127  191  135   75    2   30  155  167  145   35   68  183   85  147  169   60
66   10  153   44  179  188  119   63  116   48   16  122   19   51  190  194  170   92   84  118   10   99  175  104   11  166   37   52  149  165   18  197   49  184  110  106  124   29   45   96   93   81  138   36   97   14   33    9   57  163  100   61
67   10   31   47  162  177  120   55  160   64  186   79   20   65  157   13   42  127  112  135  107  109  187    6  151   80   15   54  123  155  183   75  198  161   77   27  158   22    8  134  125  191  145  181   85  193  128    2  132   35   17   62
68   10  169   30   35    2  181  125   23  161  164  173  140   77   89   21   80  168   41  158  154  151  144  150  167  187  185  102   70   91   54    6   65  128   76   59   62   50  193   94  109   95  157   83  107   31    3   75   47   73   72   60
69   10  142  189  108  131  180   74   57    3   73   36  100  192  156   14   59   33   60   45   81  101  167  197   41  175   10    4   99   97   92  128  106   19  193  163  149   89   93  119  104  158  190   30   77  147  165   49   12  154  140   66
70   10   76  144  102   91  150   94   23  173  164   95   21  182  140  154  169  168   35   50   68  195    2  185   86   30   89  139  181  113  125   62   83   72  176  133   41  137    5  161  105  130  196   71   43  178   54  151   77  152   59   38
71   10   38  130   39  196   28   56  178  152   72  139    5   86  148   88  105   50   83   62   43  137  114   98  129  185  200   95  103  146  168  171   58   94  134   22  141   91  150  143   75    8  113  133   90   34  183  182  173   54   17  155
72   10  130   83   62  139   71   50   39   38  185   28  196   86   56  178  168  129  152    5   88   95  148  114  134   22  105   98  146   75  137  103   94  150   43   54   91    8  173  183  155  200    2    6  109  143  181  107   35   23   58  125
73   10    3   59  189   41   69   89  142  131  180  167  108  154   74  140   30   21   60   57  164  156  100  192   36  128   14   33   68  193  101  169  158   77   81    4   45  197   97   35  102   23  175   10   99  161    2  181   92   80  125  163
74   10   57   36  100  156   33   45   81   14  108  142  197  180  175   10   69  192  131   97   99   92  189   19  119  149  106  104    4  101   93  163   60  190  165    3   73   66  166  153   59   48   96   49  167  128  126  179   18  193   84   44
75   10  183  155   22  134  107  109   54    8    6  157  112  187  120   47  127  129   62   83  146  186   31  151   17   42   67   55  185  103  135  125   72  143  181   25  168  161  130   65   90   80    2  162   50  114   39   64  177   35   20   34
76   10   70  144   91   94  102  150  182   95   23  173   21  164  195  140  154  168   50  169   86  185  113   35  139   68    2  176  133   30  181  137   89   62   72    5   83  105  125   43  196  130   71  178  152  161   41   56   38   39   54  151
77   10  158   80  161  151  128   30  167  193  125   65  181   68    2  187   35  169   41   31    6  177   60   13   54  157   47   89   67  109  107   27   79   23  164  101  120  173  198  123  140   15  160  168  162   59  191    4  147   21   75  112
78   10    9   82  138  199   26  124   61  136    7  118   37   32   16  184   51   29   24   63  179  194  110   18  188   44  172  116  122   46   49  159  121  174  153   66  190  170   48  149  119   19   93  106   12   84  163  111   92   99  117   11
79   10  160   13  177  162   15  123   64   67   20  198   55   65   31   27  145   47  191   42  120  186  135   85  127  157  112  132   80  187  107  151  109    6    1   40   53  158   77  147  193  161   54  111  128  115  117  155  183   75  125   12
80   10  161  151   77  158   65  187  125  181   31    6    2  157   30   47   54  177   68  109   35   67  193  128  107   13  167  169  120   79  162  160  112   75   55   41  186   15  123  168   27  198  127   64  173   60   23  155  183   42   20   89
81   10   45   33   97  197  156  100   36   74   57  175  104   10   92  180  119   99   14  165  131   19  142  108  166  192   96   69  189   48  126   66  149  153  106   84  190   11   93   52   87  163    4   44  101  170  179  116  188   60  122   49
82   10   78    9  199  138   26  124    7   61  118  136   37   16   51   32  194  184   63  179   24   29  188   44  122  116  110   18  172  153   66   46   49  159  121  174  190  170   48   84  119  149   19   11   93  106   52   12   92   99  163  111
83   10   62   72  185   50  130  168  139   39   71  129  134   75   22   54   38   28   86  183  196  146    6    8   95  155  109    2  107  173   56  178  150  181  114  125  103  187  152   88   35   91    5   98  148  157   94  151   23  143  112  105
84   10   11   52   48  170  166  122  116   96  165  188   44  153  104   66  194   63  126   51  119   87  179   16  197   92   97  118   19   45   10  175   81   99  190   33   37  100  156  124   36  149   57   74  106   18  184  138   49   14    9  110
85   10  145  132  191    1   53  198   27  123  111   40   15  115  117  147   12   13   79  174  160  121  159  177   46  172  162   20   64   65  193   24  163   67    4  101  128   93   49  110   60   29   31   18   55  158   32  106   47  184   80  149
86   10  139    5  196   50  137  105   95  178   71   43  152   72   56  130   38   94  185   39   91   28   83   62  182  113  150  168  133  195  176   76  173  148  144   70   88   23  129  114   98  102    2   35  200  134  146  181   22  169  103   54
87   10  126   96  165  166   52   11   84  104   48  170   97   81  197  122   45  116  119  153   66  188   44   33  156  100  194   92   63  175   10   51   36   19   57   74  179   99   16  180  131   14  190  118  149  142  192  106  108  189   37   69
88   10  148   98  114   28  200   39   38  171   58   71  141   56  130  103  129  152  178  196  146   72   34  143   90    5  139   83   25   62   17  105  134   86   43   22    8  137   50  185  183   75  155  168   95   54  107  109    6  112   94   91
89   10   41  140  154   59  164   21   30   68  169    3   73  167   23   35  102    2   77  173  158  144  181  161  125   70  128  189   69  150  193   80   76   60  142   91  168  151  108  131   94  187  180  101  185   65   95  192    4   54    6   74
90   10  143   34   25   17  103  146   58  114  129   98    8  171  141   22  134  200   88  183  155  148   75   39   28  112  130  127   38   83   72  107   71   62  186  109  135   54  120   42  157    6   56  152   55   47  196  178  139  185  187   50
91   10  150   94   95  144   70   76  173   23  182  168  102   50  185   86  139  164   35  169   21  140    2  195   62  154   68   72   83  181  113    5  125  137  130  196   30   71  105  133  176   43  178   38  152   56   89   39  161   54   28  151
92   10   10  175   99   19  119  197   36   14   45  149   57  190  106   33   81  192   74  100   66  153  156   93  104   97  163  108   48  179   49    4   44  165   18  166  110  101  188  142   63  116   84  180   16   29   96   69   37  184  122  170
93   10  106  163  149   49  190    4   99   19  101  192   18   12   14  110   92   10  175   29  147   46  184  172   60  119  108   36   40   57   37  179   66  121   74  153  197   45  174   33  100  193  128  156  132   16  118   81   61   27  142  159
94   10   95   91  150   76  182   70  144   50  173   86   23  168  102  139  195  185  113  137  164   72    5  133   62   21  176  105   35   83  169  196  140    2   43  130   71  154  178   68  152   56  181   38  125   39   30   28   54   89  161  151
95   10   94   91  150   50   86  182   76  139  144   70  168  185  173   23   72  195    5   62  137  102   83  196  113  105  130   71   43  178  133   35  152  176   56   38    2  169  164   39   21  140  181   68   28  125  154   30   54  148  129  161
96   10  165  166  126  104   87   11   52   84   48  170   97  197   81  119   45  153   66  116  122   44  188   33   92  156  175   10  100   63  194   19   36   99   57  179   51   74   16  190  180   14  118  149  131  106  192  142  108   37   93   49
97   10   81   45  197   33  156  100  104   74   36   57  165  175   10  180   92  119  166   96  131   99  126   14   19  142   48  108  192   69  189   84   87   66  153   11   52  149  106  190  170   44  116   93  188  179  122  163    4   63  101   49
98   10  114   88   58  200  171  103  148  141   28  129  146   39   34  143   90   38   25  130   71   17   56   72  152  178  134    8   22  196   83   62  139  183  155    5   75   50   86  105  185   43  137   54  107  112  109  168    6  127  157   95
99   10   19   92   10  175  149   14  106  119   36  190  192   57   93  197   45  163   74   33  100   81  108  156   66   49    4  153  101   97   18  104  179  110  142   48   44   29   69   60  184  180  165   37  188   63   12  166   16  116  131   84
100   10  156   33   74   57   45   81   36  197   97  180  175   10  142   14  131  108   92   99   69  192  189  104   19  119  165  149  106  166   93    4   96  190  101  163   66   48  153   60  126    3   73   84   59   49   11  179   44   52   87  188
101   10    4   60  163  192   93  106   14  193  128  108  147  149   12   99   40  167   36   57   19   49   10  175   69  190   74   92  142   27  158   18  110  191  100   33   46  198  132  156   77  172  189  119  197   45   29   41   85  180   81  123
102   10   70  144   76   21  154  164  140   23  150   91  173   94  182  169   95   89   68   35  168   30    2  195   50  185  181   41  125   86  139  113   59  161   62  176   83   73  133    3   72  167   77  137  151    5  158   80  105  130   54  196
103   10  146  143  129   90  114   34   98   25   17   58  171    8   88  134  141   22  200  148   39   28  183  155  130   75   38   72   83   71   62   56  112  107  152  196  109   54  178  127  139  185    6   50  157  186  120    5  135   42   86  187
104   10  165  166   96   97  197   48   81   45  119   84  126   11   33   52   92  175   10  153   66  156  100   87   19  170   36   99   57   74   44  116  188  122   14  179   63  190  180  194  149   16  192   51  106  131  108  142   93  118   69   49
105   10   43  137    5  178  196  152   56   86   71  139   38  133  113   28  130  176   39   72   95   50  148  195   94  182   88   83  185   91   62  150   98  114  200  168   76  129   70  144  171  173   58  103  141  146   23  134  102   22   75  143
106   10  149   93  163  190   99   19   49    4  192   14   92   10  175  101   18  110   12  119   36   29  108   57  184   60  147   46   74   66  172  197  179  153   37   45   33  100   40  156   81  121  142   16   44  118   69   63  174  193  128  104
107   10  109  157    6   54   75  112   47  187  120  155  183   31  127   22  134  186  151   67    8   55   42   65  135  162   80  125  177  161  181   64   62   20   83  129  160  146    2   13   79  185   17   77  168   35  158  143  103   72   25   68
108   10  192   14  142   69   57   74   36  100  189  156  101   60   33  180    4  175   10  131   99   45   92  197  106   81  149  163   19   93    3  167   73   97   59  128  119  193  190   41   49  147  104   12  158   18   66  153   89  110  165   77
109   10  107    6  157   54  187   75   47  112  120  155  183   31  151   22  134  127   67  186    8   55   65   42  125   80  161  181  135  162  177   62   83    2   64   20  129  185  160  146   13  168   77   35   79   17  158   72   68  103  143  169
110   10   18   29   49  184   37  172   46  190   61   93  121  149  106  136   12  179  163  124  138  174   24  118   32  159   16   19   26    9   66   99  153   63   92   40  147   78  119   44    4   51   10  175  188  111  199  101  192  116   14   82
111   10   53  115  117    1  132   85   40  174  121  159  145  191   12   46  172  147   27  198   24  123   15   32   29  110   49   18  184  163  136   93   13   61   79    4  160  101  106   37  149   26  177  190  193  138   60  128  162  199  124   20
112   10  127  120  186  107  155  157   47  183  109   42   55  135   75   31    6    8   67   22  134   54  187  162   64   20  177  151   65  160   17  146   79   13  129   80   25  143  161  125   62   83  103   90  181   34   15    2  185   77  123  168
113   10  133  176  195  182  137   43  105   86    5   94   95  196   76  178   91  139  152   56   70   50  150   71  144   38   72  130  102  185   39   28  173  168   23   83   62  148   88  164   21  140  154   35  169    2  114   98  200  129   68  181
114   10   98   88  103   58  171  200  148  129  146  141   28   39  143   34   90   38   25  130   17   71   72   56  134   22    8  152  178   83  196   62  183  139  155   75    5   50  185   86  105   43   54  137  107  112  109    6  168  127  157   95
115   10  117   53  111    1  132   85  174  159  145  121   40  191   46  172   12   24  198   27  147  123   15   32   29  110  136   49   18  184   79   61   13  163  160   93   26   37    4  177  106  101  149  138  190  162  199   20   64  193  124   60
116   10  188  122   44   63  194   51  170  153   66   16   48  179   84  118   11   52  119  166  124   37  104  165  190   96   19  138    9   92  184   18   78   10  175   99   82  110   29   49  197   61  149  126   45   87  106   26  136   81   97   93
117   10  115   53  111    1  132   85  174  159  121  145   40  191   46  172   24   12  198   27  147  123   15   32   29  110  136   18   49  184   61   79   13  163  160   93   26   37    4  177  106  101  138  149  190  199  162   20   64  193  124    9
118   10   16  124  179   51   63   37  138    9  194   44  188  184   78  116   61  122  153   66   82   29  136   26   18  110  190  199   49  170   48   32  119  172   19   46   84   24  149    7   92  106   99   93   11  121   52   10  175  174  159  163
119   10   92   19   10  175   99   66  153  197  104  190   48   45  149  179   36   81   44   33  106   57   14  165  166   97  188  100  116   84  156   63   74   93  192   16  122  170   49   96   11   18  163   52   51  110  194  118   37  108  184   29
120   10   47  112  186  127   55   31  157   67   42  107  109  135  162    6   64  155   20  187  183  177   75   54  160   65   79  151    8   22  134   13   80  161  125   15   17  123  181  146   77  129  158  198   62   25   83    2  143   27  103   90
121   10  174   46  159  172   24  111  117   32   29   12  115  110   53  184   18  136   40    1   61   49  132  147   37   26   85  138   93  163  191  190  145  124  106  199  149   27    9   78  198  118    4  179  123  101   16   82   15    7   19   99
122   10  116  188  194   44  170   63   51   16   84  153   48   66  179   11   52  118  166  119  124   37  165   96  104    9  138  190   19   92   78   82  184   18   10  175   99   29  110  126   87   61   49  197  149   26  136   45  106   97   81  199
123   10   15  198  191   27  145   13   79   85  160  177  132   40    1  162   53  147   65   64   20   67  111  115  117   31   55   12  193   47  128   80  120   42  158  186  135   77  157  151  127  121  174  101  187   60    4   46  112  159  161  107
124   10  138    9  118   37   78   61   26   16  136   82  184  179  199   51   29   63  110   18   32  194   44  188  116   24    7   49  153   66  122  190  172   46  121  174  159  170  149   19  119   48   93  106   84   92   12   99  163   10  175   11
125   10  181    2  161   35  151   68   80  187  169   30   54   77    6  168  158  173  109   23  157  185   65  107   31   62   75   47  164  150   83  167  144  140   50  120   67   89   41   21  183  112   91  155  134  128   22  177  193  154   72   70
126   10   87   96  165  166  104   11   52   84   48   97  170   81  197   45  119   33  156  153  100   66  116  122   44  188   92  175   10   36   57   74   19  194   63   99  180  179   51  131   16   14  190  142  149  108  192  118  106  189   69   93
127   10  186  112   42  135  120   55   47  155  107  157  183   67   64   31   20  162  109    8   75    6   22  134  160  177  187   54   79   65   17   13  151  146   25  143  129   80   90   15  103  161  123  125   62   34   83  181  198   77    2  158
128   10  193   60  167  158   77  101    4   80  147   65   41   27  161   30  192  108  198  163  191   40   13  151   12  123   69  177   68   14   59   15   93  125   89  181  106  142   79  132  187    3  149  169   85   31    2   73   35  145   67  189
129   10  146  103  134  114   22    8  143   98   17   90   39   25  183  130   88   83   75  155   34   28   72   62   58  148   38   71  171  200  141   54  107  185  109  139  112   56   50    6  196  178  152  157  127  168  187  120   86  186    5   47
130   10   72   71   39   38   28  139   83  196   56   62  178  152   50   86   88  148    5  129  185  114   98  105  146  103  137  168   43  134   95   22  200   75  171   58    8   94  143  183   54   91  150  155  141   90   17   34  173   25    6  109
131   10  180  189  142   69  156   74  100   33   57  108   36   81    3   73   45   97  197   14   59  192  175   10   92   99  104   60   19   41  101  119    4  167  106  149  165   89  163   93  128  166   96  126  193  190   48   66  153   87   49  158
132   10   85    1   53  111   40  191  145  115  117   27  198  147  123   15   12  174  121  159   46  172   13   79  160   24  163  177    4   49  101   93  110  193   29   18  128  162   60   32  106   65  184  149   20   64   67  136   61  190  158   37
133   10  176  113  195  137   43  105  182    5   86   95   94  196  178  152  139   56   76   91   71   50   38   70  150  130   72  144   28   39  185  102  168  173  148   83   62   23   88  164   21  114   98  200  140   35  154  169    2  129  171   68
134   10   22    8  183   75  155  129  146  107  109   54  112   17    6  103  157   83  143   62  127   25  120   90  187   47  186   72  114  130   34  185   98   31   39   42  135   55  151   28   67   88  168   50   71   38  125   58  181  139  148  171
135   10   42  186   55  127   64   20  120  112  162   67   47   31  160  157  155  107  177  183   79  109    8   75   13    6   22  134  187   65   54   17   15  151  123   25  146   80  143  198   90  129  145  161  103  191   27   34  125   85   77  181
136   10   61   26   32  138   24  199    9  124  184   78   37   29  172  110   82   46  159  121   18  174  118    7   49   16  179  190   51   63   12  111   44  194  117  188  115   66   93  153  149  116  106   53  163   40  122    1   19  132  147  119
137   10  105   43    5  178  196   86  152   56  133  113  139   71  176   38   95  130  195   28   39   50   72  182   94  148   91   88  185   83   62  150   76  168   98  114  200   70  144  173  129  171   23   58  103  102  141  146  134   22    2   35
138   10  124    9   61   78   26  136   37  118   82  199  184   16   32   29  179  110   18   51   24    7   63  172  194   49   46   44  188  121  190  116  159  174   66  153  122  149   93  106   19  170   12  119   48  163   99   92   84  111  117   10
139   10   86   50   72   71  130  196    5   38  178  185   83   95   56   39  152   62  105   28  137  168   43   94   91  150  148   88  173  182  129  144  113  114   76  133   98   23   70  195  134   22    2  176  146   75   54   35  103  200  181  125
140   10   21  164  154   89  102   23  169  144   68   30   70  173   35   41  150   76    2   91  181   59  125  168   94  167   73    3  161   95   77  185  158  182   80   50  151   62  128  187   54  193   83  139   86  195  189    6   69   72   60   65
141   10  171   58  200   98  114   88   34  148  103   90  143   25  146   28  129   39   17   38   71   56  130  152  178    8  196  134   22   72   83  183    5  155   62  139   75  105   43   86  137   50  185  112  107   54  109  127    6  157  168  186
142   10   69  189  131  180  108   74   57  100   36  156   33   14  192    3   73   45   81   59  197  175   10   97   60   99  101   92    4  167   19   41  106  149  163  119   93  128  193  104   89  190  165  158   49   66  166  147  153   30   77   96
143   10   90   25   17   34  103  146  129  114    8   98   58   22  134  171  141  183  155  200   88   75  148   39   28  112  130  127   83   38   72  107   62  109   71  186   54  120  135  157    6   42   56   47   55  152  196  185  178  139  187   50
144   10   70  150   91   23   76  173  102   94  164   21   95  140  169  168  154   35  182   68    2   50  185   30  181  125   86   89  139  195   62   83   72  161   41  113  130  151    5   54  137   71  196  176  133   77  105  187   80    6   43  178
145   10   85  191  198  123  132   15    1   27   53  111  115   40  117   79   13  147  160  177   12  162  174   20   64  121  159   65   67   46  172  193   55   31  128   24    4  101  163   47   42  135  120   60  158  186   80   93   49  110   77   29
146   10  103  129  143   17   90   25    8  134   22  114   34   98  183  155   75   58   88  171   39   28   83  200  130  141  148   62   72  112   38  107   71  109   54  127    6  157  186  120  185   56  139   50  196   42  135   47  187  152  178   55
147   10   40   12   27  132  191    4  163  101  198   85  111   93  145   46   60   53  193  123    1  172  128  121  106   15   49  115  117  174  149  110   18  192  159   29   13  190  184   14   79  158   24  177   99   65  108   19  167  160   77   37
148   10   88   28  200   98   39  114   38  171   56   71   58  152  178  130  141  196  103  129   72    5  146  139  105   34  143   90   43   83   86  137   62   25   50   17  134   22    8  185   75  183  155   95  168   54  133   94  113  109  107   91
149   10  106   93  163  190   99   19   49   92   10  175   14  192    4   18  110  119  101   29   12   36   57  184  108   66  179  153  197   37   74   46  172   60  147   45   33  100  156   81   40   44   16  118  121   63  142  188  104   48   97   69
150   10   91  144  173   23   94   70   95   76  168   50  102  185   35  169  164    2  182   21  140   68  139   86  181  154   62   83  125   72   30  195  130  161   89   71    5  196   54  113  137  105  151  178   38  187   39   43  133    6  152  176
151   10  187  161   80  125    6  181   54   65  157  109   31   77  107   47    2  158   67   35  120   68   75  177   30  112  169   13  155  183  168   55  162  186  127  134   22   79  185   62  160  193  128   42  173   83  167   64   23    8   20  135
152   10  178   56  196    5   38   71  105   28   43  137   39  130   86  139  148   88   72   50   98  114  200   83   62   95  133  185  129  171  113   58   94  176  103  141  146  168   91  182  195  150  134   22  143   34   90  173   76   75    8   25
153   10   66   44  179  188  116   63   48  119  122   16   51  170  194   84   19  190  118   92   11  104   10   99  166  175   52   37  165  149   18  197   49  124  184  110  106   96   29   45   93  138   81   36   97   33    9   14   57  163  100   61
154   10   21  140  164  102   89   23  144  169   70   68   30  173   41   76   35  150   59   91    2   73    3   94  181  168  125  167   95  161  182   77  158  185   50   80  151  189  128   69  195   62  193  187   83   86   54  139  142   60    6   72
155   10  183    8   22   75  134  112  107  109  127  157    6  120   54  186  146   47   17  129   42  187  135   31   55  143   25  103   67   83   62   90  151  162   64   34   20  114   72   65  185  177  125  130   98  181  161   80   39  160  168    2
156   10  100   33   74   81   45   57   36  197   97  180  131  175  142   10   14  108   92   69   99  189  192  104  119   19  165  149  106  166   96   93   48    4  190   66  101  163  153  126    3   60   73   84   59   11   52   87   49   44  179  188
157   10  107  109    6   47  187   31  120  112   54   75   67  151  155  127  186  183   55   65   42   22  134  177  162   80  135    8  161  125   64   20  181  160   13   79   77    2   62   83  158   35  129  146  185  168   17   15   68  123   30  169
158   10   77   80  128  193  161  167   65   30  151  125  181   68   60   41  187    2   35  169  177   13   31    6   89  101   67   27   47  157   54  198  109   79  123    4   15  107  147   59  191  160  164  120   23  162  140  173  168   40   21  108
159   10  174  121   24  172   46   32  117  111  115   53  136    1   61   29  184   12  110  132   40   18   26   49   85   37  138  199  147  145  124  191    9   78   93   27  163  190    7  198  118  106  149   82  123  179   15    4   16  101   19   63
160   10   79  162  177   13   64   20   67   15   55  123   31   42   47   65  198  120  186  135  145  191  127   27  157  112   85  107  187  109   80    6  151  132    1   53   54   40  158  155   77  183  161  147   75  193  111  115  128  117    8  125
161   10  125   80  151  181   77    2  187  158   35   68   30   65  169    6   54  157  109   31  107   47  167  168  128  173  193   23   67  177   75  120   41  185   13  164   89   62  112  140   83  150  183  155  162   79   55   21  186  134  144   22
162   10   64   20  160   67   55   79  177   42   13   31  186  120  135   47  127   65  112   15  157  123  107  109  198  187    6  151  145   27  155   80  191  183   54   75   85  161    8   22   77  134  158  132  125    1  193  181   53   40  128  147
163   10   93  106  149    4  101   49   12  192  190   99   14  147   19   18  110   60   92   10  175   40   29   46  108  172  184   36   57  119  193  121   74  128   37  179  174  197   27  132   66   33   45  100  153  191  111  142  156   69  159   81
164   10  140   21  154   23  169  102  144   68   89  173   30   70   35  150    2   76   91   41  181  168  125   94  161   59   95  167  185   77   73    3  158  182   50   80  151   62  187   54   83  139  128   86    6  193  195   72   65  109  189  157
165   10  166   96  104  126   48   11   84   52   87   97  197   81   45  119  170  153   66   33   92  175   10  156  116  100   44  122  188   19   36   99   57   74   63  194  179   51   14   16  190  180  149  131  106  192  118  108  142   93   49   37
166   10  165   96  104   11   84   48   52  126   87  170  119  153   97   66  116  197  122   44   81  188   45   92   10  175   63   33  194   19  156  100  179   99   51   36   16   57   74  190  118   14  149  180  106  192   37   93  131   49  108   18
167   10   41  128  158  193   77   60   30   59   89   68   80  101  161    3   73   69  108  169    4  125  181  142   35  192  189    2  151   65  140  164  154   14   21  147  163   23  187   27  131   74   57  180   36   13  173   93  177  106  198   31
168   10  185  173   50  150   62    2   35   83   23   91  181   95  125  144  169   72   94  139   68   54   70   86  130  161   76  164    6  187  151   30   75   71  109  102  140   21  107  134   39   22   80   38  196  182  157  129  154  183    5  155
169   10   68   35   30    2   23  173  164  181  125  140   21  161  144  168  150  154   89   77   41   70  102   91  151   80  158  185  167   76  187   94   54   95   50   62    6   83   59  109   65  128  157  193  107   72   75  139    3   73   31  182
170   10   84  122   11  116   52   48  188   44  194   63  153   51  166   66   16   96  165  179  104  119  118   87  126   92   19  124  190  197   37   10  175   99   97   45   81    9  138  184   18   82   78  149   33  110   49   29   36  106  100  156
171   10   58  141  200   98  114   88  148  103   34   90  143   28  146  129   25   39   38   17   71  130   56  152  178  196    8   72  134   22   83    5  183  139   62  155   75  105   43   86  137   50  185  112   54  107  109  127    6  168  157  186
172   10   46  121  174   29  110  159   24   18  184   49   12   32   61  136   37  111   40  117  115   93  190  147  163   53   26  138  132    1  106  149  124    9   85  118  179  199   78    4  191   16   19   27  145  101   99   82  198   66   63  153
173   10   23  150  144  168   35  169   91    2   70  164   68  185   94  181   95   76  140  102   21   50  125   30  154   62  161   83  139  182   89   72   86  151   54  187   80   77    6   41  130  158  109   75   71  195  107  196  157  167    5   39
174   10  121  159  172   46   24  111  117  115   32   53   29    1   12  136  110   40  132  184   61   18   49   85   26  147   37  138  145  191   93  199  163  124   27  190    9  106  198   78  149  118  123    4  179    7   15   82  101   16   19   99
175   10   10   92   99   19   36  119  197   14   45   57   33   74  100  149   81  192  156  106  190   97  108   93  104   66  153  163    4  142   48   49  180  165  101  179   69  166   18   44  131  110  188   96   84   60   63  116  189   29   16  184
176   10  133  113  195  182  137   43  105    5   86   94   95  196   76  178  152   91  139   56   70   50  150   71  144   38  102  130   72   28   39  185  173  168   23   83   62  148   88   21  164  140  154   35  169    2  114   98  200  129   68  181
177   10   13   79   67  160  162   65   31   64   47   20   15   55  123  120  198  186  157   42   80   27  187  135  151  127  191  112  107  109    6  145   77  158  161   85   54  193  128  132  155   75  125  183   40  147  181    1   53   22  134    8
178   10  152   56  196    5   71   38  105   43   28  137   39   86  130  139  148   72   88   50   83   98  114   95   62  200  185  133  113  129   94  171  176   58  103  168   91  141  182  146  195  150  134   22  143  173   76   34   90  144   75    8
179   10   16   63   44   66  153  118  188   51   37  116  194  190  122  124  184   18  119  110   29  138   49   48   19  170    9   92   61  149   84   99   78  106   10  136  175   93   26   82   11   52  172  104  166   46  163  197  199  165   32   45
180   10  131  142  189  156   74  100   69   33   57   36   81  108   45   97  197   14    3   73  192  175   10   92   59   99  104   19  119   60  101  165    4  106  149   41  167   93  163  166   96  126  190   48  128   89   66  153  193   87   84   49
181   10  125    2   35  161   68  169  151   30   80  187  168   54   77  173    6   23  158  185  109  157  107   62   65  164  150   83   75  144   31  140   47   50   21  167   89   91   41  154  120   67   70  183  134   22  155   72  128  112   95  193
182   10  195   94   76   95   91  113   70  176  133  150  144   86  102  137   50  139  173  105   23    5   43  168  185  196   21  164  178  140   72  152  154   71   56  130   62  169   83   35   38    2   68   39   28  181  125   30   89  148   88   54
183   10  155   22    8  134   75  112  107  109  157  127   54    6  120  146  186  129   17   47  187   42  135   31  143   55   25  103   83   62   67   90  151   34  162   64   72  114   20  185  125   65  130   98  177  181   39  161  168   80  160    2
184   10   29   37  110   18   49   61  172  136   46  138  124  190  118  179   26   24   32  121    9   16  174   78   93  149  159  106   63   12  199   66  163  153   51   44   19   82  188   99  194  119  116   92   40  122  111  147   10  175    7    4
185   10  168   50   62   83   72  139  173  150   95  130    2   91   86   35  181   94   23   54  125   71  144   39   75  169   38    6  196  134   68   22  187  129  109   70   28  151  161    5  178   76  107   56  183  152  155  157    8  164   30  182
186   10  127   42   55  135  120  112   47   67   64  162   20   31  157  107  155  109  183  160  177    6   75   79    8  187   22   54  134   65   13  151   17   80   15  146  123   25  161  143  129  125  198   90  103  181   77   62   83  145   27  158
187   10    6  151   54  109  157  107   31   47  161   80  125   65  181   75  120   67  112    2  155  183   77  177  186  127   22  134   35   55  158  162   42   62   68    8   13  168   83  185  135   30  160   79  169   64   20  173  129   23  193   50
188   10  116   44   63  122  194   51   16  153   66  179  170   48  118   84   11   52  119  124   37  166  190  138   19    9  104  184  165   92   96   18   78  110   29   82   10   99  175   49   61  149  197  136   26  106   45   93  126   81  199   87
189   10   69  142  131  180    3   73  108   74   59  156   57  100   36   33   14  192   81   45   41  197   97  167   60  175   10  101   89   99    4   92  128   19  106  193  149  163  119   93  104   30  158  154  165  140  190   77   21  164   68  166
190   10  149   49  106   19   18   93  110   99   92   29  179  163  119  184   66   37   10  175  153   16   14  118   44  192  172   63   46    4   12  188  124   36  197  116  101   61   51  138   57   48   45  121  136  122  194   74   33  147  108  104
191   10  198   27   85  145  123  132   15   40  147    1   53  111   13   79  115  117   12  160  177  193   65  162  121  174  128   46   67   64   20  101    4  172  159  163   60   31  158   93   80   55   77   47   49   24  106  110  120   18   42   29
192   10   14  108    4  101   36   57   99  106  149  163   74  175   10   93   60   92   19  142   69  100   33  156   45  197  190  119   81  180  189   49  131  128  193   12  147   97  167   18  110   66  104  153   29   40    3   59   73  179  184   46
193   10  128   60  158  167   77  101    4   80  147   27   65  161  198   41  191   40   13  192  163   30  108  123   12  151  177   15   93   14  125   68   69   79  106  132   85   59  181   31  145   89  187  149   67  142  160  169    2   35    3   47
194   10   51  122  116  188   63   44   16  170  118  179  153   66   84   48  124   11   52   37    9  138   82   78  119  166  184  190   61   18   29  165  104   19   26   96  110  136   92   49  199   99   10  175  149  197  106    7  126   87   32   93
195   10  113  182  176  133   94   76   95  137   91   86   43  105   70    5  150  144  102  139   50  196  178  152  173   56   23   71  168  185   72   38  130   21  164  140   62  154   83   39   28  169   35    2   68  148   88  181  125   30   89  129
196   10  178  152   56    5   71   38  105   86  139   43   28  130  137   39   72  148   50   88   83   95   62  185  114   98  200  133   94  113  129  168   91  176  171  182  103   58  150  195  146  141  134   22  173   76  144  143   75   70    8   90
197   10   45   81   33  100   97  156   36  175   10   57   92   74  104  119   99   19   14  165  180  192  108  166  142   48   66  131  149   96  153  106  190   69   84   93  189  126   11  163   44   52  179    4  188  116  170  101   49   87   63  122
198   10  191   27  123   15  145   85  132   13   79   40  147  160    1  177   53  111  115   65  117  162   12  193   67   64   20  128   31  158   55   80  101   47    4  121   60   77  174   46  163  120  172  159   42  151  186  135  157   93  187  161
199   10   26   78    7   82    9  136  138   61   32  124   24   37  118  184   29  159   16  172  110  174  121   46   18   51  179   63  194   49  188   44  116  190  122  153   66  117  111  115   12   93  149   53  170  106    1   19  163   40  119   48
200   10  171   58  141   98   88  148  114   28  103   39   34   38   90  129  143  146   56   71  152  130   25  178  196   17   72    5    8  134   22  139   83  105   43   62   86  137  183  155   50   75  185   54  168  112  107  109   95    6  127  157
    2    1    2    3    1    2    2    2    3    2    2    3    3    2    3    1    1    3    2    3    1    2    3    3    3    2    1    1    3    2    2    3    1    1    1    1    3    1    1    3    1    2    2    3    2    1    2    2    2    2    3    2    1    1    2    1    3    2    3    1    3    3    1    3    3    3    2    2    1    3    1    1    1    2    1    1    3    1    2    3    2    3    1    2    1    3    3    2    2    3    2    2    1    3    1    1    1    2    2    1    3    2    2    1    1    1    3    3    1    1    2    1    1    1    2    3    2    3    1    2    3    2    3    3    1    3    3    2    1    1    2    1    3    1    3    2    3    3    3    2    1    2    1    3    1    3    2    3    3    1    3    2    2    1    2    2    1    1    1    2    2    3    1    1    3    2    2    2    1    3    1    1    2    3    3    2    3    1    2    3    1    1    1    3    1    1    3    1    1    2    3    3    1    2    3    2    3    1    3    3




1
2
3
4
5
6
7
8
9
10
11
12
13
14
15
16
17
18
19
20
21
22
23
24
25
26
27
28
29
30
31
32
33
34
35
36
37
38
39
40
41
42
43
44
45
46
47
48
49
50
51
52
53
54
55
56
57
58
59
60
61
62
63
64
65
66
67
68
69
70
71
72
73
74
75
76
77
78
79
80
81
82
83
84
85
86
87
88
89
90
91
92
93
94
95
96
97
98
99
100
101
102
103
104
105
106
107
108
109
110
111
112
113
114
115
116
117
118
119
120
121
122
123
124
125
126
127
128
129
130
131
132
133
134
135
136
137
138
139
140
141
142
143
144
145
146
147
148
149
150
151
152
153
154
155
156
157
158
159
160
161
162
163
164
165
166
167
168
169
170
171
172
173
174
175
176
177
178
179
180
181
182
183
184
185
186
187
188
189
190
191
192
193
194
195
196
197
198
199
200
-1
