100


1 1380 939
2 2848 96
3 3510 1671
4 457 334
5 3888 666
6 984 965
7 2721 1482
8 1286 525
9 2716 1432
10 738 1325
11 1251 1832
12 2728 1698
13 3815 169
14 3683 1533
15 1247 1945
16 123 862
17 1234 1946
18 252 1240
19 611 673
20 2576 1676
21 928 1700
22 53 857
23 1807 1711
24 274 1420
25 2574 946
26 178 24
27 2678 1825
28 1795 962
29 3384 1498
30 3520 1079
31 1256 61
32 1424 1728
33 3913 192
34 3085 1528
35 2573 1969
36 463 1670
37 3875 598
38 298 1513
39 3479 821
40 2542 236
41 3955 1743
42 1323 280
43 3447 1830
44 2936 337
45 1621 1830
46 3373 1646
47 1393 1368
48 3874 1318
49 938 955
50 3022 474
51 2482 1183
52 3854 923
53 376 825
54 2519 135
55 2945 1622
56 953 268
57 2628 1479
58 2097 981
59 890 1846
60 2139 1806
61 2421 1007
62 2290 1810
63 1115 1052
64 2588 302
65 327 265
66 241 341
67 1917 687
68 2991 792
69 2573 599
70 19 674
71 3911 1673
72 872 1559
73 2863 558
74 929 1766
75 839 620
76 3893 102
77 2178 1619
78 3822 899
79 378 1048
80 1178 100
81 2599 901
82 3416 143
83 2961 1605
84 611 1384
85 3113 885
86 2597 1830
87 2586 1286
88 161 906
89 1429 134
90 742 1025
91 1625 1651
92 1187 706
93 1787 1009
94 22 987
95 3640 43
96 3756 882
97 776 392
98 1724 1642
99 198 1810
100 3950 1558


1   10   63   92    6   93   28    8   47   49   67   75   90   42   58   10   91   98   32   56   72   89   19   97   80   23   21   31   84   11   45   74   79   53   15   17   59   61   77    4   51   60   18   36   25   24   88   81   38   69   65   87
2   10   44   54   64   40   50   73   82   69   68   95   85   81   25   39   13   61   76   33   67   37   51   58    5   30   96   87   78   52    9   28    7   93   57   89   34   29   83   55   42   31   48   20   12    8   46   14   77   80    1    3
3   10   46   43   29   14   71   34   41  100   48   83   55   30   12    7   52   96    9   78   27   39   85   57   86   20   35   87   68    5   37   51   25   81   62   61   73   50   77   60   69   44   82   13   33   58   76   95   64   23    2   40
4   10   65   66   97   19   26   75   53   56   70   16   88   22   79   90   80   94   49   92    6   31    8   42   18   63   89   10   84   24    1   38   72   36   47   21   28   93   99   67   74   59   11   32   91   58   17   15   98   45   23   54
5   10   37   78   96   52   39   33   13   30   76   48   95   82   85   50   14  100   68   29   44   71   73    3   41   46   34    2   43   81   69   83   55   25   64    9   40    7   87   54   51   57   61   12   20   27   86   58   35   77   62   67
6   10   49   63   90   92   75    1   10   19    8   84   47   72   97   79   53   56   21   42   18   74   93   28    4   88   24   16   36   38   32   59   80   11   22   91   89   31   65   94   66   67   98   70   17   15   45   23   58   99   26   77
7   10    9   57   12   87   20   55   83   27   34   86   51   35   62   25   77   61   81   29   60   46   85   68   58   43    3   30   69   73   23   14   39   98   93   50   28   91   67   45   48   44   64   96   71  100   78   40   41   52   32   47
8   10   92   42   89   56    1   80   75   31   97    6   49   63   67   28   19   93   90   47    4   58   53   10   65   79   66   84   72   91   88   98   16   32   26   21   61   18   70   22   40   69   74   54   23   11   64   94   45   24   25   51
9   10    7   57   87   12   20   55   83   51   34   27   86   25   61   81   35   62   77   29   85   60   46   68   58    3   43   69   30   73   23   14   39   50   98   93   28   67   91   44   64   48   45   96   40   71   78  100   52   41   54   47
10   10   84   72   90   21   49    6   36   79   63   24   38   74   18   59   53   47   19   75   88   11   99    1   92   16   94   17   32   15   22   97   91    8   70   45    4   98   56   93   66   28   23   65   42   80   67   31   89   58   26   77
11   10   15   17   32   74   21   59   45   91   72   47   98   23   10   84   63   36   60    1    6   49   77   90   93   38   28   62   99   24   92   18   79   58   75    8   19   67   35   53   20   86   51   57   27   88   61   87   12   16   94    7
12   10   27   20   86    7   55   57   83    9   35   34   87   62   77   51   60   46   29   43   61   25    3   81   85   23   68   58   14   30   98   91   69   45   73   39   93   71   28   48   41  100   50   67   32   96   78   52   47   44   64   40
13   10   33   76   95   82   37    5   96   78   39   52   50   44   30    2   85   73   68   48   64   40   54   69   14  100   29   81   25   71    3   46   34   41   61   87   83    9   51   55   43    7   57   12   58   20   67   27   86   28   77   35
14   10    3   71  100   48   29   46   41   43   30   34   52   78   96   83   39   55   85    5   37    7   12    9   68   27   57   20   87   86   35   50   51   25   81   73   33   61   13   44   82   62   76   69   95   77   60   64    2   58   40   54
15   10   17   11   32   74   59   45   21   91   72   98   47   23   10   36   84   63   60   77    6    1   49   38   90   62   99   93   24   28   18   92   79   58   35   86   20   75   53    8   19   67   27   51   57   87   12   61   88    7   94    9
16   10   88   22   94   70   53   79   18   19   66   24    4   65   90   38   84   75   10   97   49   26    6   36   99   63   56   72   92   21    8   74   59    1   80   42   47   31   11   89   17   15   32   93   28   91   98   45   67   23   58   77
17   10   15   11   32   74   59   21   45   91   72   98   47   23   10   36   84   63   60   77    6    1   38   49   90   99   62   93   24   28   18   79   92   58   35   86   20   75   53   19    8   67   27   51   57   88   87   61   12   94   16    7
18   10   24   79   38   94   88   84   16   22   53   36   10   90   99   70   19   72   49    6   21   75   74   59   63   66    4   65   97   92   47   11    1   56   17   26   15    8   32   91   42   80   45   98   31   93   28   89   23   67   58   77
19   10   75   53   97    4   90   49   79    6   65   66   88   16   56   92   22   70   63   10   94   18    8   84   26   80   42    1   24   31   38   72   89   36   47   21   74   59   99   28   93   67   11   32   91   17   15   98   58   45   23   77
20   10   12   86   27   57    7    9   35   62   55   87   83   77   60   51   34   61   25   23   81   46   29   58   98   43    3   91   85   45   68   93   28   69   14   30   32   73   67   47   39   50   11   71   48   15   17   64  100   41   44    1
21   10   74   59   72   11   17   15   10   84   36   32   47   38   63   91   90   45   24    6   99   49   98   18   79   23    1   92   53   19   75   93   88   28   94   16   22   60    8   77   97   62   70   58   67   56    4   42   66   65   80   51
22   10   16   88   94   70   53   79   18   66   19   24   65    4   38   90   84   75   10   26   97   49   36    6   99   56   72   63   92   21   74    8   59    1   80   42   47   31   11   89   17   15   32   93   28   91   45   98   67   23   58   77
23   10   98   91   45   60   77   32   62   47   11   15   17   93   28   20   58   86   35   57   51   27   21   74    1   87   12   59   61    7   72    9   63   67   25    6   81   10   55   49   83   92   84   90   34    8   36   69   75   68   42   38
24   10   38   18   36   84   79   99   10   94   88   16   53   22   90   72   21   74   59   70   49   19    6   63   75   11   66   17    4   15   47   97   65   92   32    1   56    8   91   26   45   98   42   23   93   28   80   31   89   67   58   60
25   10   81   61   51   87   69   68   58   73    9   57   85    7   64   50   67   44   40   20   83   12   55   34   28   77   93   54   86   27    2   62   39   30   60   29   35   46   23   98   82   91   96    3    1   43   78   47   14   52   45    5
26   10   65   66    4   70   97   19   56   53   16   22   88   75   94   80   79   31   90   42   49    8   92   18    6   89   63   24   10   84   38    1   36   72   99   47   21   67   28   93   74   59   11   32   58   91   17   15   98   45   54   23
27   10   86   12   35   20   55    7   57   83   62    9   34   60   77   87   51   46   43   29    3   61   23   25   81   98   58   85   14   45   91   68   30   93   69   28   71   32   41   73   39   48  100   47   67   50   11   96   15   17   78   52
28   10   93   67   58    1   47   61   92    8   98   63   91   51   23   77   25   81    6   42   32   87   49   69   45   89   60   57   62   75   11   64    9   40   31   90   20   80    7   56   54   72   10   15   17   21   73   97   74   86   12   68
29   10   46    3   34   14   43   83   30   55   48   71  100   41    7   85    9   39   12   96   78   52   57   27   68   87   20   86   35   51    5   25   81   37   73   61   50   62   69   77   44   60   82   58   13   33   64   95   76    2   40   23
30   10   39   96   78   52   48   29   85   14    5   46    3   37   68   34  100   71   43   83   50   55   41   73    9    7   81   82   44   25   13   87   33   57   12   95   51   76   69   61   20   27   86    2   64   40   35   54   58   62   77   60
31   10   80   89   42   56    8   97   92   75    4    1   19   67    6   49   65   63   28   66   26   93   90   53   58   54   40   47   79   64   10   70   88   16   69   22   84   61   94   72   18   81   25    2   91   98   51   21   32   24   73   44
32   10   11   91   45   15   17   98   47   23   74   21   59   72   60   63   77    1   10   93   28   62    6   84   49   36   90   58   92   38   67   20   35   86   51   24    8   99   57   61   87   79   75   27   18   12    7    9   19   53   25   81
33   10   76   13   95   37    5   82   96   78   52   39   50   30   44   85    2   68   73   48   64   14  100   40   54   69   29   71   81    3   25   46   41   34   61   43   83   87    9   55   51    7   57   12   58   20   27   67   86   35   77   28
34   10   83   55   29   46    7    9   12    3   57   43   27   20   87   86   14   30   85   35   51   68   25   81   39   48   71   62   61  100   41   77   96   78   52   60   73   50   69   58    5   44   37   23   64   98   93   40   28   82   67    2
35   10   86   27   20   12   62   60   57   55    7   77   83    9   34   87   51   23   46   43   98   29   45   61    3   91   25   81   58   32   14   85   93   68   28   30   47   15   11   17   69   71   41  100   67   73   48   39   50    1   96   78
36   10   38   99   24   84   72   10   59   21   74   18   79   90   11   94   17   88   15   53   49   16    6   63   22   32   47   19   70   75   91   45    1   92   98   97    4   23   66    8   65   93   56   28   42   26   60   77   80   67   58   31
37   10    5   78   96   52   33   13   39   76   30   95   82   48   85   50   68   14  100   44   73   29   71    3    2   41   46   34   69   43   81   64   25   83   40   55    9   54    7   87   61   51   57   12   20   27   86   58   35   67   77   62
38   10   24   36   18   99   84   79   10   72   94   88   21   90   16   59   74   53   22   49    6   70   19   63   11   17   15   75   47   32   66    4   92   97    1   65   91   45    8   56   98   26   23   93   28   42   80   31   89   67   60   58
39   10   30   96   78   85   52    5   37   68   50   48   73   82   29   44   13   14   33   95   34   76   46    3  100   81   25   69   83   71    2   55    9    7   87   43   64   41   51   61   57   40   12   54   20   27   86   58   35   77   62   67
40   10   64   54    2   69   44   73   50   81   25   68   67   61   85   58   82   51   28   87   93   39   95   89    9   42   57    7   13    8   30   31   76    1   80   33   96   37   34    5   77   83   92   20   78   55   12   52   29   56   62   27
41   10   71  100   14   48    3   43   46   29   30   52   78   96   34   83   55   39    5   37   85   12    7    9   27   57   68   86   20   35   87   33   50   51   13   25   81   73   76   62   82   61   95   44   77   69   60    2   64   58   40   23
42   10   89   31   80    8   56   92   97   75    1   67    6   49   63   19   28   93    4   90   65   58   66   47   53   26   10   54   79   40   64   69   84   61   88   16   72   70   22   91   25   81   98   18   32   51   21   94   23    2   74   24
43   10    3   46   29   14   34   71   41   83   55  100   48   12   30   27    7    9   86   20   35   57   52   96   85   78   39   87   68   62   51   25    5   81   77   37   60   61   73   50   69   44   58   23   82   13   33   98   64   76   95   45
44   10   50   73    2   64   40   69   68   54   82   85   81   25   39   95   61   13   30   51   37   96   76   33    5   87   78   58   67   52    9    7   57   34   29   83   55   28   93   48   12   46   20   14    3   77   27   89   86   43  100   62
45   10   91   98   23   32   11   15   17   47   60   77   62   74   21   59   72   93   28    1   63   35   20   58   86   10   27   57    6   51   84   87   49   12   61    7    9   36   67   90   92   25   55    8   81   83   38   24   99   75   79   18
46   10    3   29   43   34   14   83   55   71  100   30   41   48   12    7    9   27   57   86   20   85   39   96   35   87   52   78   68   51   25   81   62    5   61   37   77   73   50   60   69   44   58   82   13   33   64   23   95   76    2   40
47   10   32   91   63    1   98   11   45   93   23   72   28   21    6   15   17   74   49   10   92   59   90   84   58   77    8   67   60   75   36   62   19   79   61   42   38   51   24   18   53   97   56   87   20   89   57   25   99   80   86   81
48   10  100   14   71   52   78   30   41   96    3   29   46   39    5   43   37   34   85   83   55   68   33   13    9    7   50   12   76   57   82   73   87   95   27   81   20   25   44   86   51   35   61   69    2   64   62   40   77   54   60   58
49   10    6   63   90   75   92   10   19    1   84    8   79   53   97   72   47   56   18   21   42   88    4   24   74   16   38   93   28   36   80   22   59   32   94   65   66   11   31   89   70   91   67   17   15   98   45   99   23   58   26   77
50   10   44   73   68    2   85   69   64   82   40   39   81   54   25   95   30   61   96   13   37    5   51   78   87   33   52   76    9    7   58   34   57   29   67   83   55   48   46   14   12   20    3   28   93   27   86   43   77  100   71   62
51   10   87   61   25   81   57    9    7   58   20   77   12   69   55   83   68   62   86   27   34   85   60   93   28   73   67   35   23   98   64   50   40   29   44   91   46   30   54   39   45   47    1    3    2   43   32   14   96    8   78   63
52   10   78   96    5   37   30   39   48   14  100   33   85   29   71   13   76    3   41   46   68   82   95   50   34   43   73   44   83   55    9   81    7   25    2   87   69   57   12   51   64   61   40   27   20   86   54   35   58   62   77   60
53   10   79   88   16   19   22   70   94   90   18    4   66   75   65   49   97   24   84   10    6   38   63   56   92   26   36   72    8   99    1   21   80   74   42   59   47   31   89   11   32   17   15   93   28   91   67   98   45   23   58   77
54   10   40   64    2   44   69   73   50   81   68   25   67   61   82   58   85   51   89   28   95   93   87   39   42   31    8   13    9   80   57    7   76   30    1   33   37   96   92    5   34   78   77   83   20   55   52   56   12   29   47   63
55   10   83   34   12    7    9   27   57   20   86   46   29   87   35   43    3   51   62   14   85   77   25   30   81   61   60   68   39   71   48  100   41   58   73   69   96   78   23   52   50   98   44   93   91   28   45    5   64   37   67   40
56   10   97   80   31   75   42    8   89   92    4   19   65   49    6   66   90    1   63   53   26   79   88   70   16   67   22   10   28   93   84   94   47   18   72   24   58   38   21   36   74   32   91   54   98   59   40   11   64   61   69   23
57   10    7    9   87   20   12   51   55   27   86   83   34   77   62   35   61   25   81   60   58   29   46   85   68   23   69   43    3   98   73   93   30   28   91   14   67   45   39   50   64   44   32   47   40   48   96   71  100   78   52   54
58   10   28   93   61   67   51   25   81   87   69   77    1   57   98    9   23    7   47   91   60   64   20   62   40   73   68    8   54   92   12   45   63   86   32   85   27   42   50   44   55   83   89   35    6   34   49    2   11   31   80   15
59   10   74   21   72   17   11   15   36   84   10   32   38   99   47   45   24   91   63   90   98   18    6   49   23   79    1   53   92   88   19   94   93   75   16   60   28   22   77    8   62   97   70   58   67    4   56   42   66   65   35   20
60   10   62   77   23   98   20   86   35   45   91   27   57   12    7   87    9   51   32   58   55   83   61   47   93   11   15   28   17   25   34   81   67    1   74   21   46   59   63   29   69   72   43   68   85    3    6   73   92   49   10    8
61   10   25   51   81   87   58   69   57    9    7   67   68   28   73   93   77   20   85   64   12   40   50   83   55   62   86   34   44   60   27   54   23   98   35    2   91    1   39   29   47   30   46   45   32    8   92    3   63   43   42   82
62   10   60   77   86   20   35   27   12   57   23    7    9   98   87   51   45   55   91   83   61   34   58   32   25   93   81   28   47   11   15   17   46   29   43   67    3   68   85   69    1   74   21   73   63   59   14   30   72   50   64   39
63   10    6   49    1   92   90   47   10   75    8   72   84   19   93   21   28   79   74   97   32   53   91   11   42   56   59   98   67   18   36   17   15   24   45   38   80   23   88   89    4   58   31   16   22   94   65   66   70   99   77   60
64   10   40   54   69    2   44   73   50   81   68   25   61   67   85   58   82   51   87   39   28   93   95    9   89   57    7   30   13   42   96   76   37    8   34   33    5   31   83    1   55   78   20   77   12   52   80   29   92   27   86   62
65   10   66    4   26   97   19   70   53   75   56   16   22   88   94   79   90   80   49   31    6   92   18    8   42   89   63   10   84   24   38    1   72   36   47   99   21   74   28   93   67   59   11   32   91   58   17   15   98   45   23   54
66   10   65    4   26   70   19   53   16   97   22   88   75   94   56   79   90   18   49   80    6   92   31    8   24   42   10   84   63   38   89    1   36   72   99   21   47   74   59   28   93   67   11   32   17   15   91   58   98   45   23   61
67   10   28   58   93    1   61    8   69   25   81   42   92   89   51   40   64   54   47   63   87   31   80   73   77    6   98   91   49   23   56   57   44   68   75    9    2   50    7   60   32   97   45   62   20   85   90   12   19   11   86   10
68   10   85   73   50   81   25   44   69   39   30   61   64   87   51    9    2   40    7   34   96   82   57   29   54   83   55   78   52   37    5   58   46   12   20   95   14    3   48   13   67   27   33   86   43   76   77   28   93  100   62   35
69   10   73   64   81   25   40   61   44   68   50   54    2   51   58   85   67   87    9   28   57   93    7   39   82   34   30   20   83   55   77   12   95   29   96   27   86   89    1   62   60   78    8   42   37   13    5   46   52   98   23   35
70   10   22   16   88   94   53   66   65   79    4   19   18   26   24   90   97   75   38   84   49   10    6   56   36   99   63   92   72    8   80   42   21   31    1   74   59   89   47   11   32   17   15   28   93   91   67   98   45   23   58   77
71   10   41  100   14   48    3   43   46   29   30   52   78   96   34   83   39   55    5   37   85   12    7    9   27   68   57   86   20   35   87   33   50   13   51   25   81   73   76   82   62   61   95   44   69   77   60    2   64   58   40   54
72   10   21   74   10   59   84   36   11   17   15   90   47   63   38   32    6   49   24   18   79   99   91   45    1   98   53   92   19   75   23   88   16   94   93   22   28    8   97   70   60    4   56   77   58   42   67   66   65   62   80   89
73   10   50   44   68   69   64   85   81   40    2   25   54   61   39   82   51   87   30   58    9   95    7   96   57   67   34   37   78   13    5   83   52   55   29   33   76   28   12   20   93   46   77   48   14   27    3   86   62   43   35   60
74   10   21   59   72   11   17   15   36   10   32   84   47   38   45   91   99   63   24   90    6   98   49   18   23   79    1   92   53   19   93   75   88   28   94   60   16   77   22    8   62   97   58   70   67   56    4   42   66   65   20   35
75   10   19   97   49   92   56    6   90    8    4   53   63   42   80   65    1   79   66   31   10   88   16   89   84   22   70   18   26   94   47   72   24   28   93   38   67   21   36   74   59   32   11   91   58   99   98   17   15   45   23   61
76   10   33   13   95   82   37    5   96   78   52   39   50   44    2   30   85   73   68   48   64   40   54   69   14  100   29   81   25   71    3   46   34   41   61   87   83    9   51   43   55    7   57   12   58   20   67   27   86   28   35   77
77   10   60   62   23   20   98   86   57   87   35   51   27   91   12    7    9   45   58   61   93   28   32   55   25   83   47   81   34   11   67   15   17    1   69   68   85   46   63   29   21   74   73   43   72   59    3   92    6   64   49    8
78   10   52   96    5   37   30   39   48   14  100   85   33   13   29   71   76    3   68   41   82   46   95   50   34   43   73   44   83   55   81    9    7   25    2   69   87   57   12   51   64   61   40   20   27   54   86   35   58   62   77   60
79   10   53   18   88   16   94   90   22   24   84   19   10   38   70   49    6   36   75   72    4   66   63   97   99   65   21   92   74   59   56    1   26    8   47   11   42   80   17   32   15   31   91   89   93   28   45   98   23   67   58   77
80   10   31   42   89   56    8   97   92   75    4   19    1   65    6   49   67   63   66   26   90   28   53   93   79   58   47   70   88   16   10   54   22   40   84   64   94   18   69   72   61   24   91   21   81   25   98   32   38    2   74   51
81   10   25   61   69   51   87   68   73   58   85    9   57    7   64   50   44   40   67   54   20   83   34   55   28   12   93   77    2   39   27   86   30   62   29   60   35   46   82   23   98   96    3    1   78   91   14   52   43   47    5   37
82   10   95   13   76   33   50   44    2   37   39   73    5   68   85   96   64   78   40   52   54   30   69   81   25   48   61   29   51   87   14   34    9   46    7  100    3   83   57   55   58   67   71   43   41   12   20   28   27   93   86   77
83   10   55   34   12    7    9   57   27   20   46   86   29   87   35   43    3   51   62   14   85   25   30   77   81   61   68   60   39   71   48  100   41   73   58   96   69   78   52   50   23   98   44   93    5   28   91   64   45   37   67   40
84   10   10   72   36   38   24   90   18   79   21   74   49   59    6   99   63   53   88   94   19   16   22   11   47   75   17   15   32    1   92   70   97   91    4    8   45   66   98   65   56   93   23   28   42   80   26   31   67   89   58   77
85   10   68   39   73   50   30   81   25   44   69   96   34   87   29    9   51   61   78    7   83   52   55   57   64   82   46    5   37    2   14   40   48    3   12   20   54   95   43   13   58   27   33  100   86   76   71   77   41   35   67   62
86   10   27   35   20   12   62   57    7   55    9   83   60   77   87   34   51   46   23   61   43   29   25   98    3   81   45   58   91   85   68   14   93   32   28   30   69   47   73   71   67   39   11   15   41   17   48  100   50   96    1   64
87   10   51    9   57    7   61   25   81   20   12   55   83   77   86   27   34   58   62   68   85   35   60   69   73   29   93   28   46   23   67   50   98   30   64    3   39   44   43   91   40   45   14   54   47    2   96   32    1   48   78   52
88   10   16   22   94   53   79   70   18   19   24   66   90   38    4   84   65   10   75   49   97   36    6   26   99   63   72   56   92   21   74    8   59    1   80   47   42   31   11   89   17   15   32   93   28   91   98   45   67   23   58   77
89   10   42   31   80    8   56   92   97   67   75    1   28    6   93   49   63   19    4   58   54   65   40   90   64   66   47   69   26   53   61   10   79   81   25    2   88   51   84   16   73   70   44   91   72   98   22   32   18   23   50   87
90   10   49    6   10   79   63   19   84   75   53   18   92   72   88   24   97   16    1   38   21   36   22   94   47    8    4   74   56   70   59   66   65   42   11   99   32   80   17   93   15   28   91   31   89   26   98   45   67   23   58   77
91   10   98   45   23   32   47   11   15   17   60   77   93   62   21   74   28    1   72   59   63   58    6   10   20   51   49   86   35   67   57   61   87   92   84   27   90   12    7    9   36    8   25   81   75   55   38   83   24   79   42   19
92   10    8    1    6   49   63   75   42   56   97   90   19   80   89   31   28   93   47   67   10    4   53   79   84   72   58   65   66   21   91   88   32   16   18   98   74   11   22   24   70   59   23   94   38   45   36   26   15   17   61   77
93   10   28   58   67    1   47   61   98   91   92   63    8   23   51   77   25    6   32   81   45   87   49   42   60   69   89   62   57   11    9   75   20   90    7   72   64   40   15   31   17   80   10   21   56   54   74   86   12   73   97   27
94   10   22   16   88   70   18   79   53   24   38   19   66   84   90   65    4   10   36   99   75   49   97    6   26   72   63   21   56   74   92   59    8    1   47   80   42   11   31   17   15   32   89   91   93   28   45   98   67   23   58   77
95   10   13   82   76   33   37    5   50   44    2   39   96   78   52   73   68   85   30   64   40   54   69   48   81   25   29   14  100   61   34   51   46   87    3   71    9   83    7   55   41   57   43   58   67   12   20   27   28   86   93   77
96   10   78   52    5   39   30   37   48   85   14  100   33   13   29   68   76   71   82    3   50   95   46   41   34   73   44   43   83   55   81    9   25    7    2   69   87   57   64   51   12   61   40   20   27   54   86   35   58   62   77   67
97   10   56   75    4   19   65   80   92    8   66   42   31   49   53    6   90   89   26   63   79   88   16   70    1   22   10   94   18   84   24   47   28   72   67   93   38   36   21   74   58   59   32   11   91   99   98   17   15   45   23   61
98   10   91   23   45   32   47   60   77   11   15   17   62   93   28   58    1   21   74   63   20   72   59   51   86   35   57   87   61   27   67    6   12    7    9   10   49   92   25   84   81   90    8   55   83   36   69   75   34   42   38   24
99   10   36   38   24   18   84   59   72   10   74   21   79   94   88   16   90   22   53   17   11   15   49   70    6   63   19   32   47   75   45   91    1   66   92    4   97   98   65   23    8   56   93   26   28   42   60   80   77   31   67   58
100   10   71   41   48   14    3   29   43   46   52   30   78   96   34   39    5   37   83   55   85   68   12    7    9   27   57   33   20   86   87   13   50   35   76   73   81   25   82   51   95   44   61   69   62   77   60    2   64   40   58   54
 
   3    1    3    3    3    1    3    2    2    2    1    2    2    3    2    1    1    3    1    2    1    3    2    1    1    3    1    1    3    1    2    3    3    1    3    3    2    1    2    2    2    3    3    2    2    3    1    1    3    3    2    1    2    2    3    2    1    1    2    2    1    2    3    1    1    2    3    3    1    1    1    2    3    2    3    2    3    2    3    1    3    2    3    3    3    2    2    2    3    1    2    1    3    3    3    1    3    1    1    3


1
2
3
4
5
6
7
8
9
10
11
12
13
14
15
16
17
18
19
20
21
22
23
24
25
26
27
28
29
30
31
32
33
34
35
36
37
38
39
40
41
42
43
44
45
46
47
48
49
50
51
52
53
54
55
56
57
58
59
60
61
62
63
64
65
66
67
68
69
70
71
72
73
74
75
76
77
78
79
80
81
82
83
84
85
86
87
88
89
90
91
92
93
94
95
96
97
98
99
100
-1
