150

1  1380.000000  939.000000
2  2848.000000  96.000000
3  3510.000000  1671.000000
4  457.000000  334.000000
5  3888.000000  666.000000
6  984.000000  965.000000
7  2721.000000  1482.000000
8  1286.000000  525.000000
9  2716.000000  1432.000000
10  738.000000  1325.000000
11  1251.000000  1832.000000
12  2728.000000  1698.000000
13  3815.000000  169.000000
14  3683.000000  1533.000000
15  1247.000000  1945.000000
16  123.000000  862.000000
17  1234.000000  1946.000000
18  252.000000  1240.000000
19  611.000000  673.000000
20  2576.000000  1676.000000
21  928.000000  1700.000000
22  53.000000  857.000000
23  1807.000000  1711.000000
24  274.000000  1420.000000
25  2574.000000  946.000000
26  178.000000  24.000000
27  2678.000000  1825.000000
28  1795.000000  962.000000
29  3384.000000  1498.000000
30  3520.000000  1079.000000
31  1256.000000  61.000000
32  1424.000000  1728.000000
33  3913.000000  192.000000
34  3085.000000  1528.000000
35  2573.000000  1969.000000
36  463.000000  1670.000000
37  3875.000000  598.000000
38  298.000000  1513.000000
39  3479.000000  821.000000
40  2542.000000  236.000000
41  3955.000000  1743.000000
42  1323.000000  280.000000
43  3447.000000  1830.000000
44  2936.000000  337.000000
45  1621.000000  1830.000000
46  3373.000000  1646.000000
47  1393.000000  1368.000000
48  3874.000000  1318.000000
49  938.000000  955.000000
50  3022.000000  474.000000
51  2482.000000  1183.000000
52  3854.000000  923.000000
53  376.000000  825.000000
54  2519.000000  135.000000
55  2945.000000  1622.000000
56  953.000000  268.000000
57  2628.000000  1479.000000
58  2097.000000  981.000000
59  890.000000  1846.000000
60  2139.000000  1806.000000
61  2421.000000  1007.000000
62  2290.000000  1810.000000
63  1115.000000  1052.000000
64  2588.000000  302.000000
65  327.000000  265.000000
66  241.000000  341.000000
67  1917.000000  687.000000
68  2991.000000  792.000000
69  2573.000000  599.000000
70  19.000000  674.000000
71  3911.000000  1673.000000
72  872.000000  1559.000000
73  2863.000000  558.000000
74  929.000000  1766.000000
75  839.000000  620.000000
76  3893.000000  102.000000
77  2178.000000  1619.000000
78  3822.000000  899.000000
79  378.000000  1048.000000
80  1178.000000  100.000000
81  2599.000000  901.000000
82  3416.000000  143.000000
83  2961.000000  1605.000000
84  611.000000  1384.000000
85  3113.000000  885.000000
86  2597.000000  1830.000000
87  2586.000000  1286.000000
88  161.000000  906.000000
89  1429.000000  134.000000
90  742.000000  1025.000000
91  1625.000000  1651.000000
92  1187.000000  706.000000
93  1787.000000  1009.000000
94  22.000000  987.000000
95  3640.000000  43.000000
96  3756.000000  882.000000
97  776.000000  392.000000
98  1724.000000  1642.000000
99  198.000000  1810.000000
100  3950.000000  1558.000000
101  3477.000000  949.000000
102  91.000000  1732.000000
103  3972.000000  329.000000
104  198.000000  1632.000000
105  1806.000000  733.000000
106  538.000000  1023.000000
107  3430.000000  1088.000000
108  2186.000000  766.000000
109  1513.000000  1646.000000
110  2143.000000  1611.000000
111  53.000000  1657.000000
112  3404.000000  1307.000000
113  1034.000000  1344.000000
114  2823.000000  376.000000
115  3104.000000  1931.000000
116  3232.000000  324.000000
117  2790.000000  1457.000000
118  374.000000  9.000000
119  741.000000  146.000000
120  3083.000000  1938.000000
121  3502.000000  1067.000000
122  1280.000000  237.000000
123  3326.000000  1846.000000
124  217.000000  38.000000
125  2503.000000  1172.000000
126  3527.000000  41.000000
127  739.000000  1850.000000
128  3548.000000  1999.000000
129  48.000000  154.000000
130  1419.000000  872.000000
131  1689.000000  1223.000000
132  3468.000000  1404.000000
133  1628.000000  253.000000
134  382.000000  872.000000
135  3029.000000  1242.000000
136  3646.000000  1758.000000
137  285.000000  1029.000000
138  1782.000000  93.000000
139  1067.000000  371.000000
140  2849.000000  1214.000000
141  920.000000  1835.000000
142  1741.000000  712.000000
143  876.000000  220.000000
144  2753.000000  283.000000
145  2609.000000  1286.000000
146  3941.000000  258.000000
147  3613.000000  523.000000
148  1754.000000  559.000000
149  2916.000000  1724.000000
150  2445.000000  1820.000000


1   10  130   63   92    6   93   28  131    8  142   47   49  105  113  148   67   75   90  139   42  122   58  109  133   10   91   98   32   56   72   89   19   97  108  106   80  143   23   21   31   84   11   45  138   74  134  141   79   53   15  110
2   10  144   44  114   54   64   40   50  116   73   82   69  126   68   95   85   81  147   25  108   39   13   61   76  101  138   33   67  146  140  125   37   51  103  107  135   58  121    5  148   30   96  145   87  105  133   78  142   52  112    9
3   10   46  136   43   29   14  123  132  128  112   71   34   41  100  115  120   48   83   55  107   30  149  121  135  101  117   12  140    7   52   96    9   78   27   39   85   57   86   20  145   35   87   68    5  150  125   37   51  147   25   81
4   10   65   66   97  118  119   19  124   26  143  129   75   53   56  134   70  139   16   88   22  106  137   79   90   80   94   49   92    6  122   31    8   42   18   63   89   10   84   24  130    1  113  133   38   72  148  104   36  142  138  111
5   10   37   78   96   52  147  103  146   39   33  101   13   30  121   76  107   48   95   82  126  116  112   85  132   50   14  100   68   29   44   71   73  135    3   41  114   46  136  140   34    2  144   43  123   81   69   83   55   25   64  117
6   10   49   63   90   92   75  113    1   10  130  106   19    8   84   47  139   72  134   97   79   53   56  137   21  131  143   42   18  122  142   74   93   28    4   88   24  105  119  109   16  148  141   36   38   32   59   80   11  127   22   91
7   10    9  117   57   12  145   87   20   55   83  140  149   27   34   86  125   51  135  150   35   62   25   77   61  120  115  110   81   29   60   46  112  123   85   68  132   58   43  107    3  121  108   30   69  101   73   23   14  136  128   39
8   10   92   42  139  122  130   89   56    1  133   80   75   31  148  142  143   97    6   49   63  105   67  138  119   28   19   93   90  131   47    4  113  106   58  108   53  134   10   65   79  118   66   84   72  137  109  124   91   88   98   16
9   10    7  117   57  145   87  140   12   20   55   83  125   51  149  135   34   27   86  150   25   61   81   35   62   77  110  120  115   29   85   60   46   68  112  123  132   58  107    3   43   69  108  121   30   73  101   23   14   39  136   50
10   10   84   72  113   90  106   21   49    6   36   79   63   24   38   74   18  127  137  141   59  134   53  104   47   19   75   88   11   99    1  111  102   92   16   94   17   32   15  130   22  109   97   91  131    8   70  139   45    4   98   56
11   10   15   17   32  109   74  141   21   59   45   91   72   47   98  127  113   23   10  131   84   63   36   60    1    6  110   49   77   90  130   93   38   28   62   99   24  104  106   92   18  102   79  150   58  111  142  105  137   75  134    8
12   10   27   20   86  149    7   55   57  117   83    9  150   35   34  120  145   87  115   62  140  135   77   51  125  110   60  123   46   29   43   61   25  112    3  132   81  128   85  136   23  107   68   58   14  121   30   98  101  108   91   69
13   10   33   76  146   95  103  126   82  147   37    5  116   96   78   39   52   50  101   44  121   30    2  107   85  114   73   68  144   48  112   64   40  132   54   69  135   14  100   29   81  140   25   71    3   46   34   41  136   61  145  117
14   10    3  136  132   71  100   48   29   46   41  112   43  123   30  128  121  107   34  101   52   78   96  115  135  120   83   39   55  149   85    5  140  117   37    7   12    9  147   68   27   57  145   20   87   86   35  125  103   50   51   25
15   10   17   11   32  141   74   59   45  109   21   91  127   72   98   47   23  113   10   36  131   84   63   60  110   77    6    1   49   38   90   62   99   93  130  104   24   28  106  102  150   18  111   92   79   58   35  142  137  105   86   20
16   10   88   22   94   70  137   53  134   79   18  106   19   66   24    4   65   90   38  129   84   75   10  104  111   97   49  124   26    6  102   36  118  119   99  143   63   56   72  113  139   92   21  127    8   74   59  141    1  130   80  122
17   10   15   11   32  141   74   59   21   45  109   91  127   72   98   47   23  113   10   36   84  131   63   60  110   77    6    1   38   49   90   99   62  104   93  130   24   28  106  102   18  111  150   79   92   58  137  142   35  105   86   20
18   10   24  137   79   38   94   88  106   84  134  104   16   22   53  111   36   10  102   90   99   70   19   72   49  127    6  113   21   75   74   59   63  141   66    4   65   97   92  129   47   11    1  139  143  119   56  124   17   26   15  130
19   10   75   53  134   97  106    4   90   49   79    6  137   65   66   88   16  143   56  119  139   92   22   70   63   10   94   18    8  118   84  124  129   26  113  122   80   42    1   24  130   31   38   72   89   36  104   47   21  133  142  111
20   10   12   86   27  150   57    7    9   35  117   62  149   55   87  145   83   77  110   60   51  125   34  140  120  115  135   61   25  123   23   81   46   29   58   98   43  112  132    3   91   85   45   68  108  131  128   93  107   28  109  136
21   10   74  141   59   72  127   11  113   17   15   10   84   36   32   47  109   38   63   91   90   45   24  104    6   99   49  106   98   18  102   79  111   23    1  131  137  130  134   92   53   19   75   93   88   28   94   16   22   60  110    8
22   10   16   88   94   70  137   53  134   79   18  106   66   19   24   65    4   38  129   90   84  104  111   75   10  124   26   97  102   49  118   36    6   99  119  143   56   72   63  113  139   92  127   21   74    8   59  141    1   80  130  122
23   10   98   91   45  109   60  110   77   32   62  131   47   11   15   17  150   93   28   20   58   86   35   57  113   51   27   21   74  125    1   87  141  145   12  130   59   61    7   72    9   63  105  142  117  108   67  127   25  149    6   81
24   10   38   18  104   36  111   84  102   79  137   99   10  106   94   88  134   16   53   22   90   72  127   21   74   59  113  141   70   49   19    6   63   75   11   66   17    4   15   47   97   65   92   32    1  109  130  129  139   56  143    8
25   10   81   61  125   51   87  145   69  140  108   68   58   73    9   57   85  135  117    7  114   64   50  144   67   44   40   20   83   12   55   34   28   77   93  110  105   54  149  142  107  150   86   27    2  101  112  116  148   62   39  131
26   10  124  129  118   65   66    4  119   70   97  143   19   56   53   16   22  134   88   75  139   94   80  137   79  106   31  122   90   42   49    8   92   18    6   89   63   24   10   84  133   38  130    1  113  138  104  111  148   36   72  142
27   10   86   12   35   20  150  149   55    7   57   83  117   62    9  120  115   34   60   77  145   87  110  140  123   51  125  135   46   43   29    3   61   23   25  128  112  132   81  136   98   58   85   14  107   45   91   68  121   30  131  108
28   10   93  105  142  131   67   58  130  148    1  108   47   61   92    8   98   63   91   51  133  110  125  109   23   77   25   81    6   42   32  113   87   49   69  138  145   45  122   89   60  139   57   62   75   11   64    9   40   31   90   20
29   10  132   46  112    3   34   14   43  123  136  107   83  135   30  121   55  115  149   48  128  120   71  101  100  117  140   41    7   85    9   39   12   96   78   52   57   27  145   68   87   20   86   35  125   51    5   25   81  150  147   37
30   10  121  107  101  112   39   96  132   78   52   48   29   85   14  135    5  147   46    3   37   68   34  100  140  136   71   43   83   50   55  123   41  116  117   73  103    9  149    7  128  146  145   81   82   44  115   25   13   87  120   33
31   10   80  122   89   42  139   56  143  133    8  119  138   97   92   75  148  142  130    4  105  118    1   19   67    6   49   65   63  124   28   66   26   93   90   53  108  134  106  129  131   58   54   40  113   47   79   64   10  137   70   88
32   10  109   11   91   45   15   17   98   47   23   74   21  141   59  113  131   72  127   60  110   63   77    1   10   93   28  130   62    6   84   49   36   90   58  150   92  142  105  106   38   67   20   35   86   51   24    8  125  148  108   99
33   10  146   76   13  103   95   37  126  147    5   82  116   96   78   52   39  101   50  121   30   44  107   85    2   68  114   73   48  144  112  132   64   14  100   40  135   54   69   29  140   71   81    3   25   46   41   34  136  117   61  145
34   10   83   55  149  135   29  117   46    7    9  112  140   12  123  132  115  120    3   57   43   27   20  145   87  107   86   14  136  121   30   85  128   35  125   51  101  150   68   25   81   39   48   71   62   61  100   41   77   96  110   78
35   10   86   27  150   20   12   62  149   60   57   55    7  120   77   83  115    9  117  110   34   87  145  123   51  125  140   23  135   46   43   98   29   45   61  128    3   91   25  132  112   81  136   58  109  131   32   14   85  107   93   68
36   10   38  104   99   24   84  127  102  111   72   10   59   21   74   18  141   79  106  113  137   90  134   11   94   17   88   15   53   49   16    6   63   22   32   47   19  109   70   75   91   45    1   92  130   98  131   97    4   23   66    8
37   10    5  147  103   78   96   52  146   33   13   39   76  101   30  121   95   82  126  107  116   48   85  112   50  132   68   14  100   44   73   29  135  114   71    3    2   41   46  144  136  140   34   69   43   81   64   25   83  123   40   55
38   10   24  104   36   18  111  102   99   84   79   10  137  106  127   72   94   88  134   21   90   16   59   74   53   22  141  113   49    6   70   19   63   11   17   15   75   47   32   66    4   92   97  109    1   65  130   91   45  139  129    8
39   10  101  121   30  107   96  147   78   85   52    5   37   68  112  116   50  132  135   48   73   82   29  103   44  146   13   14  140   33  126  114   95   34   76   46    3  100   81  144   25   69  117   83  136   71    2   55    9  145    7   87
40   10   64   54  144  114    2   69   44   73   50  108   81  116   25   68   67  138   61  148   85   58   82  105  133  142  125   51  126  140   28   87  145   93   39  147   95   89  135  101    9   42  107  117   57    7  122  121   13    8  130   30
41   10   71  100  136   14   48    3  128   43   46  132   29  123  112   30  121   52  107   78  115   96  120   34  101   83   55   39  149  135    5   37  117   85  140   12    7  147    9   27   57   68   86   20   35  103  145   87  146  150   33  125
42   10  122   89   31   80    8  139  133   56   92  143  138  148   97   75  119  130  142    1  105   67    6   49   63   19   28   93    4   90  118  108   65  131   58  106   66   47   53  113  134  124   26   10   54   79   40   64  137  129   69   84
43   10  123    3  128   46  136   29  115   14  120  132   34   71   41  112   83  149   55  100   48  135   12  107   30  117  121   27    7    9   86  140  101   20   35   57   52   96  145  150   85   78   39   87   68  125   62   51   25    5   81   77
44   10  114   50  144   73    2  116   64   40   69   68   54   82   85   81  126  147   25   39   95  101   61  108  140   13  107  135  121  125   30   51   37   96   76   33  145    5  146   87  103   78   58  112   67   52    9  117    7  138   57  132
45   10   91  109   98   23   32   11   15   17   47   60  110   77  131   62   74  141   21   59  113   72  150   93  127   28    1   63   35   20   58   86  130   10   27   57    6   51  125   84   87   49  105   12  142  145   61    7    9   36   67   90
46   10    3   29   43  123  132  136   34   14  112  115  128  120   83   55  149  135   71  107  100   30   41  121   48  117   12    7  140    9  101   27   57   86   20   85   39  145   96   35   87   52   78   68  150  125   51   25   81   62    5   61
47   10  109  131  113   32   91   63    1   98   11  130   45   93   23   72   28   21    6   15   17   74   49   10  141   92   59   90  142  105   84  110   58  127   77    8   67   60  148  106   75   36  108   62   19  139   79   61   42   38   51   24
48   10  100   14   71   52  132   78   30   41  121   96  112  136  107    3   29  101   46   39    5   43   37  128  123   34  147  135   85   83   55  115  103  120   68  140  149  146  117   33   13    9    7  116   50   12   76   57   82   73  145   87
49   10    6   63   90   75   92  113  106   10   19    1  130   84    8  134   79   53   97  139   72   47  137   56  143   18   21   42   88    4  122  131   24   74   16  119  142   38   93   28   36  141   80   22   59  105  109  148   32   94  127   65
50   10   44   73  114  116   68  144    2   85   69   64   82   40   39  147   81   54   25  101  126  107   95  140  121  135   30   61   96   13   37  125  108    5   51   78  145  112   87   33  146   52   76  103    9  117  132    7   58   34   57   29
51   10  125   87  145   61   25   81   57    9  140    7  117   58   20  108   77  110  135   12   69   55  150   83   68   62   86   27  149   34   85   60   93   28   73   67   35  131  105   23  114  142   98   64   50  112  144   40  107   29  148   44
52   10   78   96    5   37   30  101  121   39   48  107  147  112  103  132   14  100  146   33   85   29   71   13   76    3   41  136  116   46   68  135   82   95  126   50   34   43  140   73  123   44  128   83   55  114  117  149    9   81  115    7
53   10  134   79  137   88   16  106   19   22   70   94   90   18    4   66   75   65   49   97   24   84   10    6   38  129  119   63  143   56  124  118   92   26  104  139  113   36   72  111  102    8   99    1   21  130  122   80  127   74   42   59
54   10   40   64  144    2  114   44   69   73   50  108  116  138   81   68   25   67  148   61   82  133  105   58   85  142  126  125   51   89   28   95  140   93   87  145  147   39   42  135  122  101   31    8   13    9  107  130   80   57  117  121
55   10   83  149   34  117   12    7    9   27  120  115   57   20  135   86  140   46  123   29  145   87   35  150   43  112  132    3  125   51   62  128  136  107   14   85   77   25  121   30   81  110   61   60   68  101   39   71   48  100   41   58
56   10  143  139   97  119   80  122   31   75   42    8   89   92    4   19   65  118  133   49    6   66  130  124   90    1   63   53   26  134  138  148  106  142  129   79  105  137   88   70   16   67   22   10  113   28   93   84   94   47   18  131
57   10    7    9  117  145   87   20   12   51  125  140   55   27   86   83  149  150   34  135   77   62   35  110   61   25   81   60  120  115   58   29   46   85   68  123  112  108  132   23   69   43  107    3   98   73   93  121  131   30   28  101
58   10  108   28   93   61   67  105   51  142  125  131   25   81  148   87  145   69  110   77  130    1   57   98    9   23  140    7   47   91   60   64  117   20   62  133   40   73  109  150   68    8  138  114   54   92   12  144  135   45   63   86
59   10  141   74   21  127   72   17   11   15   36  113   84   10   32  109   38   99   47  104   45   24   91  102   63   90  111   98   18    6   49  106   23   79  131  137    1  134  130   53   92   88   19   94   93   75   16   60   28  110   22   77
60   10   62   77  110  150   23   98   20   86   35   45   91   27   57   12  109    7   87    9  145   51   32  125  131  117  149   58   55   83   61   47   93   11   15   28   17  140  120   25  115   34   81  108  135  105   67    1  142  130  123  113
61   10   25  125   51   81   87   58  145  108   69  140   57    9    7  117   67   68   28   73   93  135   77  110  105   20   85   64  142  114   12  131   40  144   50  148   83   55  150   62   86   34   44   60   27  149   54   23   98   35    2  130
62   10   60  150   77  110   86   20   35   27   12   57   23    7    9   98   87  117  145  149   51   45  125   55   91   83  109  120   61  140  115  131   34   58   32   25  135   93   81   28   47  123   11  108   15   17   46   29   43  105   67  112
63   10    6   49    1  113  130   92   90   47   10   75    8   72  106  131   84   19   93   21  139   28  142  109   79   74   97   32  134  105   53   91   11   42   56  141  148   59  137  122   98  143   67  127   18   36   17   15   24   45   38  133
64   10   40  144   54  114   69    2   44   73   50   81  108   68   25  116   61   67   85  138   58   82  148  125   51  105  142  140  133  126   87  145   39   28  135  147   93   95  101    9  107   89  117   57    7  121   30   13   42  131  112  130
65   10   66    4  124  118   26  129  119   97   19   70  143   53  134   75   56   16   22   88  139  137   94   79  106   90   80   49   31  122    6   92   18    8   42   89   63   10   84   24   38  130    1  113  133  104   72   36  111  148  138  142
66   10   65    4  129  124   26  118   70   19   53   16  119   97   22  134   88  143   75   94  137   56   79  106  139   90   18   49   80    6   92  122   31    8   24   42   10   84   63   38   89  113    1  104  130  111   36   72  133  102   99   21
67   10  105  142  148  108   28   58   93  133  130  131    1   61  138    8   69   25   81   42   92   89   51  125   40   64  122   54   47   63   87  139   31  145  144   80  110   73  114   77    6   98   91   49   23  109   56   57  140   44   68   75
68   10   85   73   50   81   25  140  114  135   44   69   39  101  116  107  144  121   30   61  125  145   64   87   51  112  147  117    9    2   40    7   34   96   82  132   57  108   29   54   83   55   78   52   37    5   58  126  149   46   12   20
69   10   73   64   81  114   25  144   40  108   61   44   68   50   54    2  125   51   58   85   67  140   87  145  116  105  135  148  142    9   28   57  117   93    7   39  138   82  101  107  133  121  147   34   30   20   83  131   55  112   77  110
70   10   22   16   88   94   53   66  134  137   65   79  129    4   19   18  106  124   26  118   24   90   97   75   38  119   84   49  143   10  104  111    6   56  102   36  139   99   63   92  113   72    8   80  122   42   21  127   31    1  130   74
71   10   41  100   14  136   48    3  128   43  132   46   29  123  112   30  121   52  107   78   96   34  101  115  120   83   39   55  135  149    5   37   85  117  140   12  147    7    9   27   68   57   86   20  103  145   35   87  146  150   33   50
72   10   21   74  113   10  141   59   84  127   36   11   17   15   90   47   63   38   32    6   49   24  106  109  104   18   79   99   91  137   45  102    1  111  134   98  130  131   53   92   19   75   23   88   16   94   93   22   28    8   97  139
73   10   50  114   44   68   69  144   64   85   81  116   40    2   25   54   61  140   39   82  135  108  125  101   51  147  145  107   87  121   30  126   58    9  117  112   95    7   96   57   67   34   37   78   13    5  132   83   52   55  105   29
74   10   21  141   59  127   72   11   17   15  113   36   10   32   84  109   47   38   45   91   99   63   24  104   90    6   98   49  102  106   18   23  111   79  131    1  137  130  134   92   53   19   93   75   88   28   94   60   16  110   77   22
75   10   19   97  139   49   92   56    6  143   90    8    4  119  106   53   63  134  122   42   80   65    1   79  130   66  137   31   10   88  113   16   89  118   84   22   70  124   18  133   26   94  142  148  129   47   72  105   24   28   93  131
76   10   33   13  146  103   95  126   82   37  147    5  116   96   78   52   39  101   50   44  121    2   30  107  114   85   73   68  144   48  112   64   40  132   54   69  135   14  100   29   81  140   25   71    3   46   34   41  136   61  145  117
77   10  110   60   62  150   23   20   98   86   57   87   35   51   27  145  125   91   12    7    9   45  131  117   58   61  109   93  149   28   32   55   25   83  140   47   81  108   34  135   11  120  105   67  115   15   17  142    1  130   69  148
78   10   52   96    5   37  101   30   39  121   48  147  107  112  103  132   14  146  100   85   33   13   29   71   76  116    3   68   41   82  135   46   95  136   50  126   34   43   73  140   44  123   83  114  128   55  117   81  149    9  144    7
79   10  137  106  134   53   18   88   16   94   90   22   24   84   19   10   38   70   49  104    6   36   75  111   72    4  113   66   63  102   97   99   65   21   92  127   74   59  129  141  139  143   56  119    1  124  118   26    8  130   47   11
80   10   31  122   42   89   56  139  143    8  119  133   97  138   92   75  148    4   19  130  118  142    1   65    6   49  105   67   63  124   66   26   90   28   53   93  134  106  129  108  131   79  113   58   47  137   70   88   16   10   54   22
81   10   25   61  125   69   51  145   87  140   68   73  108   58   85    9  135  114   57  117    7   64   50  144   44   40   67   54   20   83   34   55   28   12  105   93   77    2  110  107  116  142  101  149   39  112  148  121   27   86  150   30
82   10  126   95  116   13  147   76   33   50   44  146    2  103  114   37  144   39   73    5   68   85  101   96   64   78   40   52   54  121   30  107   69   81   25  112  135  140   48  132   61   29  125  108   51  145   87   14   34  117    9   46
83   10   55  149   34  117   12    7    9  120  115   57   27  135   20  140   46   86   29  123  145   87   35  112   43  132    3  150  125   51  107   62  136  128   14   85  121   25   30   77   81   61   68  110  101   60   39   71   48  100   41   73
84   10   10   72   36   38   24  106   90   18   79  113   21  104  137  127   74   49   59  141  134    6   99   63   53  111  102   88   94   19   16   22   11   47   75   17   15   32    1   92   70  109  130   97   91    4  131    8   45   66  139   98
85   10   68  135  101   39  107   73   50  140  121   30  112   81   25  116   44  114   69  147  132   96   34  145  117   87   29  125    9   51  144   61   78    7   83   52   55   57   64   82   46    5   37    2  149   14   40   48    3   12  108  126
86   10   27   35  150   20   12   62  149   57    7   55    9  117   83   60   77  120  110  115   87  145   34   51  125  140  123  135   46   23   61   43   29   25   98    3   81  112  128  132   45   58   91  136   85  131  109   68  107   14  108   93
87   10  145  125   51    9   57    7  117  140   61   25   81   20   12  135   55   83   77   86   27  149  110  150   34   58   62   68  108   85   35   60   69   73  112  120   29  115   93   28   46  107   23  132   67  131   50  123   98  114  121  101
88   10   16   22   94  137  134   53   79   70   18  106   19   24   66   90   38    4   84   65   10  104   75  111  129   49   97   36    6  102  124   26   99  118  119   63   72  113  143   56   92  139   21  127   74    8   59  141    1  130   80  122
89   10   42  122   31  133   80  138    8  139   56  148  143   92  142  119   97  105   67  130   75    1   28    6   93   49   63   19  108    4  118   58   54   65   40  131   90   64   66  124   47   69   26  106   53  113  134   61  144   10  129   79
90   10  106   49    6   10   79   63   19   84  134   75   53  113  137   18   92   72   88   24   97   16    1   38  130   21   36   22   94  139   47    8    4   74   56   70  104  143  127  141   59   66   65  119  111   42   11  122   99  102  131   32
91   10   98  109   45   23   32   47   11  131   15   17  110   60   77   93  113   62   21   74   28  141    1   72   59   63  130   58  150  127  105    6   10  142   20   51   49   86   35  125   67   57   61   87   92  108   84  145   27   90  148   12
92   10    8  130    1    6   49   63  139   75   42  122   56   97   90  142   19  143  148   80  105   89  133   31  113   28   93   47  119  131  106   67   10    4   53  134  138   79   84   72   58  137   65  109  108   66   21   91   88   32  118   16
93   10   28  131  105  142   58   67  130    1  148  108   47   61   98   91   92   63  109    8  110   23   51   77  125  133   25    6   32   81  113   45   87   49   42  145   60   69  138  122   89   62  139   57   11    9   75   20  150   90    7   72
94   10   22   16   88  137   70   18   79  134   53   24  106   38   19  104  111   66   84   90  102   65    4   10   36  129   99   75   49   97    6  124   26   72  118  113   63  119  127  143   21   56   74   92  139   59  141    8    1  130   47   80
95   10  126   13   82   76   33  146  103  147  116   37    5   50   44    2   39   96   78  114   52  144  101   73   68   85  121   30  107   64   40   54   69  112   48  135   81  132   25  140   29   14  100   61   34  125  145  108   51   46   87    3
96   10   78   52    5   39  101   30   37  121  107  147   48  112  103  132   85  146   14  100   33   13   29  116   68   76   71  135   82    3   50   95   46  126  136   41   34   73  140   44   43  123  114   83   55  117  128   81  144    9   25  149
97   10  143   56   75  119  139    4   19   65   80   92    8  122   66  118   42   31   49   53    6  134   90  124  106   89   26   63  129   79   88  130  137   16   70    1   22  133   10   94  113  148   18   84  142  138  105   24   47   28   72   67
98   10   91   23  109   45   32  110  131   47   60   77   11   15   17   62   93   28  150  113   58    1   21   74  141  130   63   20   72   59   51   86   35  125  105   57  142   87   61  145   27   67  108    6   12  127    7    9   10   49   92  117
99   10  102  104  111   36   38   24  127   18   84   59   72  141   10   74   21   79  137   94  106   88   16   90  134  113   22   53   17   11   15   49   70    6   63   19   32   47  109   75   45   91    1   66   92    4   97   98  130   65  131   23
100   10   71   41   48   14  136    3  132   29   43   46  128  112   52   30  121   78  123  107   96  101   34   39    5  115  120   37  135   83   55  149   85  147  140  117   68  103   12    7    9   27  146   57   33  145   20   86   87   13   50  116
101   10  121   39   30  107   96   78  112   85   52  147  132    5   68   37  135   48   29   14   50  116  140   34   46    3   73  100  103   82   44  136  146   83   71   13  117   55  114   33   81   43    9   25  126  123   95    7   41  145   76   87
102   10  111   99  104   38   24   36   18   84  127  137   79   94   10   72   59   88  141   21  106   74   16   22  134   53   90  113   70   49   17   11   15    6   19   63   32   75   47   66  109    4   65   92   97    1   45   91  129  130   98  139
103   10  146   33   13   76   37    5  147   95  126   82   78   96   52   39  116  101  121   30  107   50   48   85   44   68  112   73    2  114  132  144  100   14   29  135   71   64   41    3   69  140   40   46  136   54   81   34   25   43   83  117
104   10  102  111   38   99   24   36   18   84  127  137   79   10   94   72  106   59   88   21   74  141   16  134   22   90   53  113   70   49    6   19   11   17   63   15   75   47   32   66  109    4   92   97    1   65   91   45  130  129   98  139
105   10  142   67  148   28   93  108   58  130    1  131  133    8   92  138   42   61   89  122   47   63   69   25   81   51  139  125    6   31   40   80   64   49   98   54   91  110   87  109   77   56   75  145   23  113  144  143   32   73  114   97
106   10   79   90  134  137   53   19   18   10   84   88   49   16    6   24   75   22   94   38   63  113   70   72   36   97    4  104   92   66   21   65  111  102   74  139    1  127   99   56  143  130   59  141    8  119   47  129  118  124   26   11
107   10  121   30  101  112   39  132   85   96   29  135   78   52   48   14   68   34   46    3  147  140    5   37   83  100  136   55   50  117   43   71  123   73  116    9    7  149   41  145   81   87   25   57   44  115  120  128   12  125  103  114
108   10   58   67   61  105   69   25   81   28  142   93  148   51  125   64   40   87  145  131   73   54  144  114  133  130  138  140   68    1   57  110    9   77   44   50    7  117    8   85    2  135   89   20   98   42   47   92   23   60   91  122
109   10   91   32   98   45   23   47   11   15   17  131  113   21   74  141  110   60   72   59   77   93   63    1   28  130   62  127   10    6   58   49   84  150  105  142   90   92   67   36   20   51  125   86  108   35   61  148   57   87    8  145
110   10   77   60   62   23  150   98   20   57   86   91   51   87   35   45  125  145   27   12    7  131    9  109   58   61  117   93   32   28  149   47   25   55  140   83   81  108   11  105   34   67   15  135   17  142  120  115    1  130   69  148
111   10  102  104   99   38   24   36   18   84  137   94   79  127   88   10   16  106   22   72  134   59   21   74  141   53   90   70  113   49   19    6   11   17   63   15   75   66   47   32    4   65   97  109   92  129    1   91  130   45  124  139
112   10  132   29  107   30  121   46   14  101    3  135   34   48   39  136   85   43   83  123   96   55  140   78   52  100   71  117  149   68  115    9   41    7  128  120   12   57  145    5  147   87   37   27   81   25   20  125   50   73   51   86
113   10   72   10   63   47   21    6   49   84   90   74  141   59    1   11   32  109  127  106  130   17   15   92   36   91  131   79   75   98   38   45   24   18   19  134  137   93   53   28   23    8  104  142   99  139   88  105   97  102  111   16
114   10  144   44   73   50   64    2   40   69   54  116   68   81   85   25   82  108   61  126   39  147  140  125  101   51   95  135  145  107   87   58   67  121   30   13   96    9   37  105  138  117  148  112    5   76   33    7   57  146   78  142
115   10  120  123  149   55   83   43   46   34   27   12  128    3   29   86   35  117  136   20    7    9  132   57  150  112  135   14  140  145   62   87   71   41  107  100   30  121  125   51   60   77   48  110   85  101   25   68   81   61   39   96
116   10   50   82   44  126  114  147   73    2  144   95   68   39   85   13   64  101   33   40   76   37  146   69   54    5  103   96  107  121   30   78   81   52   25  135  140  112   61  132  125  108   51  145   87   48   29   34  117    9    7   14
117   10    7    9   57   83   55   12  145  140   87  149   34   20  135   27  125   51   86  150   25   35  120  115   61   81   29   62   46  112   77   85  123  110  132   68   60  107    3   43  121   30   58  101   69   14   73  136  108  128   39   50
118   10  124   26   65    4  129   66  119  143   97   56   19   70   75  139   80   53  134   31   16   22   88  122   42  137  106   79   94    8   89   92   90   49    6   18  133   63  130   10    1   84  138   24  148  113   38  142  105   72  104   36
119   10  143   56   97    4  118  139   65   80   75   31  124   66   19  122   26   42    8   89  129   92   53  134   49    6   90  133   70  106   16   88   79   63   22  130  137    1  138  148   94  142   10   18  105  113   84   67   28   93   24   47
120   10  115  123  149   55   83   43   34   46   27   12  128   86    3   35   29  117   20    7  136    9   57  150  132  135  112   14  140   62  145   87   71   41  107  100   60   77  125   30   51  121  110   48   85  101   25   61   81   68   39   96
121   10   30  107  101   39  112   96  132   78   52   85   29   48   14  135  147    5   68   46   37    3   34  100  140  136   71   50   83   43   55  116  123  117   41   73    9  103  149    7   81  145  146   44   82  128   25   87   13  115   57  120
122   10   42   80   31   89  139    8   56  133  143   92  138   97  119  148   75  130  142    1  105   67    6   49   19    4   63   28   93  118   65   90   66  108  131   53  106  124  134   58   26  113   47   79   10  129   54   40  137   88   64   16
123   10   43   46  115    3  120  128  136   29   34  149   83   55  132   14  112   71   12   41   27  117  135  100    7   86    9   48   35  107   20   57   30  140  121  150  101  145   87   85   39   62   96   52  125   78   51   68   77   25   60   81
124   10   26  118  129   65   66    4  119   97   70  143   19   56   53   16   22  134   75   88  139   80   94  137   79  106   31  122   90   42   49    8   92   18    6   89   63   24   10   84  133  130    1   38  113  138  104  148  111   36   72  142
125   10   51   87  145   61   25   81   57    9  140    7  117   58   20  108  135   77  110   12   69   68   83   55  150   86   62   85   27   34  149   73   60   93   28   67   35  131  105  114   50   64   23  142   98  112  144  107   40   29   44  120
126   10   95   82   13   76  116   33  146  147  103   37   44   50    2    5  114   39  144   73   96   78  101   68   85   52   64   40   54  121   30  107   69   81  112  135   25   48  140  132   29   61   14  108  125  145   51   34   87  100  117    9
127   10   59  141   74   21   72   36   84   17   11   15   10   99   38  104  113   24  102   32  111   18  109   47   90  106   79   63   45   91   49    6  137   98  134   23   53   88    1   94  131   16   19  130   22   92   75   93   70   28   60  110
128   10   43  136  123    3   46  115  120   41   14   71   29  100  132   34  149  112   83   55   48   12   27  135  107   30  117  121   86    7   35    9   20  140  101   57  150   52   78   96  145   39   85   87   62   68  125   51    5   77   60   25
129   10   26  124   66   65  118    4   70  119   22   16   53   88   19   97  134  143   94  137   56   75   79  106  139   18   90   80   49   31  122    6   92   42   24    8   84   10   89   38   63  104  111  113    1  130   36  102  133   72   99  138
130   10    1   92   63  142    8   28   93  105  131    6  148   49   47   67   42  113  139   75  122  133   58   90   89   56  108  109   97   91   80   10   31   98   19  143   32  138   72  106   23   84   21   11   45  119   61   74  110  134   53   79
131   10   93   28   47    1   98   91  130  109   58   23  105  142   32   67  110   63   45   77  113  148  108   92   60   11    6   61   51   49    8  125   62   15   17   72   21   87  145   25   74   10  150   81   90  133   57  141   20   42   59   75
132   10  112   29   14   46    3  107   30  121  136   34   48   43  101  123  135  100   71   83   55   39   41   96  128   78   52   85  149  115  140  120  117    7    9   68   12   57    5  145   87  147   27   37   20   86  125   81   25   51   50   73
133   10  138   89   42  148  122   31    8  142   80  105   67  139   92  130   56   28    1  143  108   93   97   58   75  119   54   40   63    6   64  131   49   69   61   19  144   47   81   25    4   90  114    2  113   51  125   73  118   65   44  106
134   10   53   79  137  106   88   16   19   22   94   18   90   70   75    4   66   24   84   49   10    6   65   97   38   63  104  129   36  113  119  143   92   56   72  139  124  111  118   26  102   99    8   21    1  130  127   74   59  122  141   80
135   10  140   34  117    9   85   83  112   55    7  145  107   29   87   68   57  132  149  121   30   46  125  101   25   12   81   51   39   20    3   61  123   27  115  120   73   14   43   86   50   69  136   96  150   48   35   78   52  114   44  128
136   10    3   43   14  128   71   46   41  123  100   29  132   48  112  115  120   34   30   83  107  121   55  149  135  101   52   78   96  117   12   39  140    7   27    9   85   86   57   20   35    5  145   87   68   37  150  147  125   51   25   81
137   10   79   88  134   18   53   16  106   94   22   24   70   90   84   19   38   10  104   49   36  111   75   66    6    4  102   65   99   72   97  113   63  129   21  127   92   74  124  119  143   26   56   59  139  118  141    1    8  130   47   11
138   10  133   89  148   42  122   31   80   67  142  105    8   54  139   40  108   64   56   92  130   28  143   93    1   69   58  144  119   97    2  114   75   61  131   81   25   63   73   44    6   49   51   50  125   19   47    4   90   68  118   87
139   10   56  143  122    8   42   97   80   75   92   31  119   89   19  133   49    6    4  130    1   63  148   90   65  142  138  118  105   66   53  106  134   67  124   28   26   93   79  113   10  137  129   47   88  131   16   70   84   22  108   18
140   10  135  117  145    9   87    7   57  125   51   25   34   81   83   55   85   68   61   12  149   20  112  107   29   27  132   73   86  121   69   46  101   30  150   39   50  120  115   77   58  123  108    3   35  110   62  114   43   44   14   60
141   10   59   74   21  127   72   11   17   15   36  113   32   10   84  109   47   38   45   99   91  104   24   63   98   90  102    6   49  111   18   23  106   79  131    1  137  130  134   53   92   93   88   19   75   60   94   28  110   16   77   22
142   10  105  148   67   28   93  130    1   58  108  133    8  131   92   42  138   89  122   63   61   47  139    6   31   80   49   69   25   51   81  125   56   75   98   40   64   91  113  109   54  110  143   23   77   97   87  145   90   32  144   45
143   10   56  119   97  139   80   75  122   31    4   42    8   19  118   65   89   92   66  124   26   49  133    6   53   90  134  129  130   63  106    1  138  148   79   70   16   88  142  137   22  105   10  113   67   94   28   84   18   93   47  131
144   10  114   64   44    2   40   54   73   50   69  116   68   81   82   25   85  108   61  126  147   39   95  125   67  140   51   58  101  138  135  145   87  148  105  107   13  121  142   30  133    9   76   33   37   96   28  117  146    5    7   57
145   10   87  125   51    9   57    7  117  140   61   25   81   20  135   12   83   55   34  149   27   86   77  150  110   58   62   68   85  108   35   69   60   73  112   29  120  115  107   46  132   93   28   23  123   50   67  121  131  101   30  114
146   10   33  103   13   76   37   95    5  147  126   82   96   78   52  116   39  101  121   30   50  107   44   85   48   68    2   73  114  112  144  132  100   14  135   64   29   40   69   71   54  140    3   41   81   46  136   25   34   43  117   83
147   10   37    5   39   96   13  103  146   82  116   78   33  101   52   95  126   76  121   30   50  107   85   68   44   73  114  112   48    2  132  144  135   29   14  140   69   64   81  100   40   25   34   46    3   54   71  136  117  145   83   41
148   10  142  105   67  133   28   93  130  138    8  108   42    1   89   58  122   92  131   31  139   80   61   63   69   40   56    6   64   54   47   25   49   81   75  143   51  125   97  144  113   98  114  119   91   87   73  109   90  110  145   77
149   10   55   83   12   27   34  120  115  117    7   86   20    9   57   35  123   46  150  135  140   29  145   43   87    3   62  132  112  128  125   51  136   77  110   60   14  107   25   85   61  121   81   30   68  101   71   41   48  100   39   58
150   10   86   62   20   35   27   60   12   77  110   57    7    9  149  117   55   87  145   83   51   23  120  125  115   34  140   98   61  135   45   91  123   25   58   81   46  109  131   29   43   32   93    3   28  108  112  132  128   47   85   68
    1    3    2    3    1    3    3    3    1    2    2    2    2    1    3    3    2    1    2    3    3    1    3    1    3    3    1    1    1    1    1    3    3    1    3    2    2    2    3    2    3    1    2    2    2    2    1    3    3    2    1    2    1    2    3    2    1    3    1    2    2    3    2    2    1    3    1    2    2    1    1    1    1    3    3    3    2    3    2    1    3    1    2    2    2    3    2    2    1    2    2    1    3    1    3    2    2    3    1    1    3    1    1    3    1    1    3    2    3    3    1    3    1    3    3    3    2    3    1    3    2    2    2    2    3    2    1    1    1    3    1    2    2    2    2    3    3    1    1    2    3    2    1    1    3    3    3    3    3    2


1
2
3
4
5
6
7
8
9
10
11
12
13
14
15
16
17
18
19
20
21
22
23
24
25
26
27
28
29
30
31
32
33
34
35
36
37
38
39
40
41
42
43
44
45
46
47
48
49
50
51
52
53
54
55
56
57
58
59
60
61
62
63
64
65
66
67
68
69
70
71
72
73
74
75
76
77
78
79
80
81
82
83
84
85
86
87
88
89
90
91
92
93
94
95
96
97
98
99
100
101
102
103
104
105
106
107
108
109
110
111
112
113
114
115
116
117
118
119
120
121
122
123
124
125
126
127
128
129
130
131
132
133
134
135
136
137
138
139
140
141
142
143
144
145
146
147
148
149
150
-1
