150

1  1357.000000  1905.000000
2  2650.000000  802.000000
3  1774.000000  107.000000
4  1307.000000  964.000000
5  3806.000000  746.000000
6  2687.000000  1353.000000
7  43.000000  1957.000000
8  3092.000000  1668.000000
9  185.000000  1542.000000
10  834.000000  629.000000
11  40.000000  462.000000
12  1183.000000  1391.000000
13  2048.000000  1628.000000
14  1097.000000  643.000000
15  1838.000000  1732.000000
16  234.000000  1118.000000
17  3314.000000  1881.000000
18  737.000000  1285.000000
19  779.000000  777.000000
20  2312.000000  1949.000000
21  2576.000000  189.000000
22  3078.000000  1541.000000
23  2781.000000  478.000000
24  705.000000  1812.000000
25  3409.000000  1917.000000
26  323.000000  1714.000000
27  1660.000000  1556.000000
28  3729.000000  1188.000000
29  693.000000  1383.000000
30  2361.000000  640.000000
31  2433.000000  1538.000000
32  554.000000  1825.000000
33  913.000000  317.000000
34  3586.000000  1909.000000
35  2636.000000  727.000000
36  1000.000000  457.000000
37  482.000000  1337.000000
38  3704.000000  1082.000000
39  3635.000000  1174.000000
40  1362.000000  1526.000000
41  2049.000000  417.000000
42  2552.000000  1909.000000
43  3939.000000  640.000000
44  219.000000  898.000000
45  812.000000  351.000000
46  901.000000  1552.000000
47  2513.000000  1572.000000
48  242.000000  584.000000
49  826.000000  1226.000000
50  3278.000000  799.000000
51  86.000000  1065.000000
52  14.000000  454.000000
53  1327.000000  1893.000000
54  2773.000000  1286.000000
55  2469.000000  1838.000000
56  3835.000000  963.000000
57  1031.000000  428.000000
58  3853.000000  1712.000000
59  1868.000000  197.000000
60  1544.000000  863.000000
61  457.000000  1607.000000
62  3174.000000  1064.000000
63  192.000000  1004.000000
64  2318.000000  1925.000000
65  2232.000000  1374.000000
66  396.000000  828.000000
67  2365.000000  1649.000000
68  2499.000000  658.000000
69  1410.000000  307.000000
70  2990.000000  214.000000
71  3646.000000  1018.000000
72  3394.000000  1028.000000
73  1779.000000  90.000000
74  1058.000000  372.000000
75  2933.000000  1459.000000
76  3099.000000  173.000000
77  2178.000000  978.000000
78  138.000000  1610.000000
79  2082.000000  1753.000000
80  2302.000000  1127.000000
81  805.000000  272.000000
82  22.000000  1617.000000
83  3213.000000  1085.000000
84  99.000000  536.000000
85  1533.000000  1780.000000
86  3564.000000  676.000000
87  29.000000  6.000000
88  3808.000000  1375.000000
89  2221.000000  291.000000
90  3499.000000  1885.000000
91  3124.000000  408.000000
92  781.000000  671.000000
93  1027.000000  1041.000000
94  3249.000000  378.000000
95  3297.000000  491.000000
96  213.000000  220.000000
97  721.000000  186.000000
98  3736.000000  1542.000000
99  868.000000  731.000000
100  960.000000  303.000000
101  3825.000000  1101.000000
102  2779.000000  435.000000
103  201.000000  693.000000
104  2502.000000  1274.000000
105  765.000000  833.000000
106  3105.000000  1823.000000
107  1937.000000  1400.000000
108  3364.000000  1498.000000
109  3702.000000  1624.000000
110  2164.000000  1874.000000
111  3019.000000  189.000000
112  3098.000000  1594.000000
113  3239.000000  1376.000000
114  3359.000000  1693.000000
115  2081.000000  1011.000000
116  1398.000000  1100.000000
117  618.000000  1953.000000
118  1878.000000  59.000000
119  3803.000000  886.000000
120  397.000000  1217.000000
121  3035.000000  152.000000
122  2502.000000  146.000000
123  3230.000000  380.000000
124  3479.000000  1023.000000
125  958.000000  1670.000000
126  3423.000000  1241.000000
127  78.000000  1066.000000
128  96.000000  691.000000
129  3431.000000  78.000000
130  2053.000000  1461.000000
131  3048.000000  1.000000
132  571.000000  1711.000000
133  3393.000000  782.000000
134  2835.000000  1472.000000
135  144.000000  1185.000000
136  923.000000  108.000000
137  989.000000  1997.000000
138  3061.000000  1211.000000
139  2977.000000  39.000000
140  1668.000000  658.000000
141  878.000000  715.000000
142  678.000000  1599.000000
143  1086.000000  868.000000
144  640.000000  110.000000
145  3551.000000  1673.000000
146  106.000000  1267.000000
147  2243.000000  1332.000000
148  3796.000000  1401.000000
149  2643.000000  1320.000000
150  48.000000  267.000000


1   10   53   85   40  137   27  125   15   12   46   24  117   79   13  142  107  116   32  110  132  130   29   49   18   93    4   61   20   64   65   67   37   26  147   60  143   55   31  115  120   42   47   80  105    9   77   78   19   99  141  140
2   10   35   68   30   23  102   80  104   54   77  149    6  138   62  115   91   21   50   83   89  147  122   70  134   65   41   75  111  123   95   94  133  121   31   76   72   47  113  139   22  124  126  130   67  131  112   86  107    8   59  140
3   10   73  118   59   41   69   89  140  122   74   60   30   21   57  100   36  136   14   33   68  115   77    4   81   45  143   97  102  116   35   23   10  141   99    2  144   92   80   93   19  139   70  105  111  121  131  107  147   76   65  104
4   10  116  143   60   93   14   12  140  141   99   49  105   19   40   10   36   92   57   74   18   69   27   46   29  100   33  107  115  125   45   85   81   77  142  130   37   66   41   53   15  136    1  120   59   97    3   73   13  147   80   65
5   10  119   43   56   86   71   38  101  133  124   28   39   72   50   95  126   88  148   94  123   83   62   91  129   98  113  108  138  109   76  145  111   58  121   70  114   23  131  102   22  139  112   75    2   54    8   35   90   34  134   25
6   10  149   54  134  104   75   47   31  138   22   67  147   80   65  112    8   55    2  113   62   42   83   35  106   77  130   64  108   13  115   20   68   79  110  126  107  114   72   30   50   17  124   23  133   25  145  102   15   39   90   71
7   10   82   78   26    9   32   61  117  132   24  146  142   37  135  120   16   29  127   51  137   46  125   63   18   49   44   66  128   12  103   53    1  105   93   48   40   19   84   99   92   11  141   85   52  143   10  116    4   27   14  150
8   10  112   22  106   75  114   17  108  134  113   25  138  145   90   54    6  126   34  149   47   42   83   62  109   55   98   31   72  104   67   39  124  148   58   88   28   64   20   38   71   50   65  147  101  133  110   80    2   79   56   13
9   10   78   82   26   61  146  135   37  120  132   16    7   32   51  127  142   29   63   24  117   18   44   49   46   66  125  103  128  105  137   48   19   93   12   84   92   99  141   11   52   10  143   40   53    1    4   14  150  116   96   45
10   10   92  141   99   19  105   36   14   45   57   33   74  143  100   81   93   97   66  136  144    4   48   49  103   69   18   44  120  116  128   84   63   96   60   29   16   37   11  140   12   52  150   51  127  135   46  146  142   87   40   61
11   10   52   84  150  128   48  103   96   87   44   66   63   51  127   16  144  135   97   92   45   81   19  146   10  105  120   99  141   33  100  136   36   37   57   74   14   18    9   49  143   29   93   78   82   61   26  142  132    4   69   46
12   10   40   46  125  116   93   49    4   18   29   27   53   85  143    1  142  137   24   60  132  105   37   99   19   15  141   14  107   61   32  117  120   92   10  130  140   13   26   36   66   79   57  115   16    9   74   65  135  147   63   78
13   10   79  130   15  107  110   65   67  147   27   31   64   20   47   55   85   80  104   42  115   77  149   40    6    1   53   54  134  116   12   75   60    4    2   22   30  140    8  112   68  106   35  125  138  137   46   93   41  113  143   62
14   10   36   57  143  141   99   10   74   92   19  100   33  105    4   93   45   69   81   60  116  136  140   97   49  144   66   18   12   29   48    3   73   59  103  120   44   40   37   46   63  118   41   96   16  128   84  125  142  115   11   27
15   10   13   79   27   85  130  107  110    1   64   40   20   65   67   53  147   31   55   47   42   12  115   80  116  104   77  125  137  149   60    6    4   46  134   54   93  140   75   49   24  143  142   18   29   30    2  117   22    8   68  132
16   10  135   63   51  127  120  146   44   37   66  103    9  128   78   18   29   48   61   82   84   49   26  105   19  142  132   11   52   92   99  141   10   32   46   93   24    7  150  143   96  125  117   45   14   12   36   81   33   97   57    4
17   10   25   90  114  106   34    8  145  112  108   22  109  113   98   58   75  134  126  148   88  138   42   39   83   54   28    6   62   55   72   47  124  149   38   71  101   31   67   64   20  104   56   50  133  119  110   65  147   86    5   79
18   10   49   29   37   46  142  120   93   61  125  105  132   12   19   24   16  143   99   32   66  141   26  135    9   63   92  146   44    4   10   40  117   78  116   51  127   14  137   82  103   53   48   36  128    1   57   60   45   85   27    7
19   10  105   99   92  141   10  143   14   93   66   36   45   57   49   33   74   81  100   18    4   48   44  120  103   97   29   63   37   16  144  136  128  116   84   12   51  135  127   60   46   69   96   11  142   52  146   61  150  140  125   40
20   10   64  110   55   42   79   67   13   47   31   15  130   65  147  107  104    6  134  149   27   75   85  106   54   80    8  112   22    1  115   77   53   17   40  138  114  113   25  108   90    2   62  116   83   12   35  145   34   68   30  126
21   10  122  102   23   89   70  139  111  121   68   30  131   76   35   41   91    2  123   94   59  118   95   73    3  129   77   50  115   80  133  140   62  104   83   86   54  138  149    6   72   69  147  124   60   65  134   75    5  126   71   31
22   10  112    8   75  113  134  106  108  114  138   54   17    6  126   83   62  149  145   25   90   47   72   34  109  104   42   31  124   98   39   55   67  148   28   88   50   71   38   58  133   64    2  147   65  101   20   80   35   56  110  119
23   10  102   35   68   70    2   91   21  111  121  122   76   30  123   94  139   95  131   89   50  133   62   41   83  129   77  138   80   86   54   72  104  149  115    6  124   59   75  134  118  126  113  147   71   65    5    3   73  119   39   38
24   10   32  117  132  142  125   61   46  137   26   29   37   18    9   49   78   53   12    1  120    7   82   40  146   85   93   16  135   63   51  127  105   27  116  143   66   44   19    4   99  141   15   92   10  103   14   60  128  107   48   13
25   10   90   17   34  114  145  106    8  109  108  112   58   98   22  113  148   75   88  126  134   39  138   28   83   42   62   38   72   54  124  101    6   71   55   47  149   56   31   67   64   20  119  104   50  133    5  110   86   65  147   79
26   10   61   78    9  132   32   82    7  142  117   24   37   29  146  120  135   18   46   16  125   51  127   49   63  137   44   66   12   93  105   53  103   19  128    1   40   99   48   92  143  141   84   10   85    4  116   11   52   14   27   36
27   10   15   85   40  107   13  130    1   79   53   12  116  110   65  147  115    4   60   67  125   64   46   20   80   31   77  137   93   47   55  104  143   49  140   42   18   29  142   24  149    6   14  132  117   32   99   54  141  105   30   19
28   10   39   38  101   71   88  148   56  124  126  119   98   72  109    5  108  145  113   83  133   86   58   62   43   50  114  138   90   34   22  112   25    8   17   95   75  106  134   94  123   54   91    6  149    2  129   23   35   76  102   70
29   10   18   49   37  142   46   61  120  132  125   24   32   93   12   26   16    9  105  117  135  146   78   19   63   66  143   99   44  137   40   51  127  141   82   92    4  116   10   53   14    1  103    7  128   48   85   36   27   60   57   84
30   10   68   35    2   89   41   77   23  115  102   80   21  122  104   59  140  147  149   65  118   70   54    6    3   91  111   73  121   60  139  107   76  130   31  138  123   62   94   50  131   47   95  134   83   75   69   67   13  133  116    4
31   10   47   67   65  104  147   55  149    6  130   42   13   64  134   79   54   20  110   80   75  107   77   15  115   22  112    8  138  106    2   27  113   35   62   68   30   83  108   85  114   17  126   25   40   72   23   60   90   50  116  145
32   10  132  117   24   61   26  142  125   46   29    9  137   78   37    7   18   82  120   49  146  135   12   53   16    1   40   51  127   63   93   85   44   66  105   19  143  116   99   27    4  141   92  103  128   10   48   15   14   84   60   36
33   10  100   45   81   74   57   36  136   97   10  144   14   92  141   99   19   69  105  143   96   48   66   93    4  103  140   60   84  150   11    3   73  128   44   52   49  116   87   59   18   63  118  120   16   29   37   12   51  127   41  135
34   10   90   25  145   17  109  114   58   98  108  106    8  148   88  112   22  113  126   28   39   75   38  101  134  138  124   71   72   83   62   56   54   42  119    6  149   55   47  133   50    5   31   86   67  104   64   20   43  110   95    2
35   10    2   68   23   30  102   80   77   21  104   54   91  149  122   89   70  115    6   62  138   50  111   41   83  123  121   95   94  147   76  133   65  139  134   75   72  131   31   47  113  124   22   86   59  130  126   67  107  140  112  118
36   10   57   74  100   33   14   45   10   81  141   99   92  136   19   97  143   69  105  144   93    4   60  140   66  116   48   49   96  103    3   73   18   44   84   59  128   12   11  118  120  150   29   63   52   16   37   41   87   51   46  127
37   10  120   29   18   61  142   16    9   49  135  146  132   26   78   63   46   51  127   32   44   66   24   82  105  125   93  117   19  103   12   99   92  141  128    7  143   48   10  137   84   40    4   14  116   11   52   53   36   45    1   57
38   10   71   28   39  101   56  119  124   88   72  126  148    5   86  133   98   83   43   50   62  108  109  113  145   58  138  114   95   22  112   90   34   94  123    8   75   25   17   91  134  106   54  129    6  149    2   76   23   70   35  111
39   10   28   38   71  101  124  126   88  148   72   56  119   98  108   83  113  109  133    5   62   86  145   50  138   58  114   43   22  112   90    8   34   75   95   17   25  106  134   54   94  123   91    6  149    2   35   23  129  102   76  104
40   10   12   27   85   53    1  116  125   46   15    4  107   93  137   49   18   29   60  142   13  130  143   24   79  132  117   32  110   65  115   37  147   61  105  140   14   99  141   19   77   67  120   80   92   64   20   10   26   31   36   57
41   10   89   59   30  118    3   73  140   68  122   21   77  115   69   35   60    2  102   23   80    4  147  116   70  104   65   14  107   74  111  139   57  121  130   36  143   91   76  149  131  100   54    6   33  136  123   31   93   94   27  141
42   10   55   64   20   67   47  110   31   79  134  106    6   13   75    8  149   65  112  104   22  147   54  130   15   17  107   80  114   25  138  113  108   90   27   77  115  145   85   34   62   83  126    2  109   35    1   72   53   98   40   68
43   10    5  119   56   86  101   71   38  133   28  124   39   95   72   50   94   88  123  129  148  126   91   83   62   98   76  109  113  111  121  108   70  138   58  131  145  139   23  102  114   22  112   75    2   35   34   90    8   54  134   25
44   10   63   66  103   51  127   16  128  135   48  120   84  146   11   52   37  105   19   92    9   18  150   99   10   96   29  141   49   78   82   61   45   93   26  142   81  143   97  132  144   36   33   87   14   57   46  100   32   74   24  136
45   10   81   33  100   97   36   57   74  136   10  144   92  141   99   14   19  105  143   69   96   48   66  103   93   84  150   11    4  128   52   44   87   49   60   63  140   18  116  120   16    3   73   51  127   29   37   59  135   12  118  146
46   10  125  142   29   18   12   24   49  132   32   61  137   40   37  117   93   53    1   26  120  116   85  143    4    9  105   27   78   19   16   99  141  135  146   82   66   92   63   10   14   60   44    7   51   15  127  107   36  103   57   13
47   10   31   67   55    6  149  104  134   42   65  147   54   64   20   75  110   79   13  130   80   22  112    8  107  106  138   77   15  115  113    2   62   83   27   35  108  114   17   68   30   25  126   85   90   72  145   50  124   34   23   40
48   10  103   84  128   11   52   66   44   96  150   63   51  127   16   92   19  105   10  135   45   87  144   97   99   81  141  120  146   33   36  100   37   57  136   74   14   18   49  143   93   29    9   78   61   82  142    4   26   46  132   69
49   10   18   29   93   46   37   12  105  142  120  143   19  125   99  141   61    4  132   92  116   66   10   24   16   40   14   32   63  135   44   26    9  146  117   51  127   78  137   36   60  103   57   53    1   48   45   74   82   27   85  128
50   10  133   72   62   83  124   95   86   91  123   94   71  126  138   38   39    5  119  113   56   23   28  102  101    2   35   76   70  111   43  121   54  108  129   75   22   88   68  148  134    6  112  139  149  131   98    8  114  104  145  109
51   10  127   63  135   16  146   44  120  128  103   66   37    9   48   84   78   82   11   52   61   29   18   26  105   19   49  142  150   92  132   99   96   10  141   32    7   93   46   24   45  143  117   87  125   81   97   14   36  144   33   57
52   10   11   84  150  128   48  103   96   87   44   66   63   51  127   16  144  135   97   92   45   81  146   19   10  105  120   99  141   33  100  136   36   37   57   74   14    9   18   49  143   29   78   82   93   61   26  142  132    4   69   46
53   10    1   85  137   40  125   27   12   15   46   24  117  142   79   13   32  132  107  116   29   49  110  130   18   93   61    4   20   64   37   26   65   60  143   67  147   55  120  115   31    9  105   78   42   47   80   19   99   77  141   14
54   10    6  149  134   75  104  138   47   22   31  112   62  113   83   80    8    2  147   67   65   35  108   55  106  126   42   77   72   68   50  114  130  115  124   30   64  133   13   17   20   23   79  107  110  102  145   39   25   71   90   91
55   10   42   64   20   67   47   31  110   79   13  134   65    6  149  147  130  104   75   54  106   15    8  112   22  107   80   17   27  138  113  114   77  115   85   25  108   90   62    2   83  145    1   34   35  126   53   40   68   30   72  109
56   10  119  101   38   71    5   28   39   43  124   86   88  148   72  133  126   50   98   83   62  109  108   95  113   58  145  138   94  123  114   91   22  112  129   34   90    8   75   25   17   76   54  134  111  106   70  121   23  102    2    6
57   10   36   74  100   33   14   45   81   10  141  136   99   92   97   69   19  143  105  144    4   93   60  140   66  116   48    3   73   49   96   59  103   18  118   44   84  128   12   11  150  120   29   52   63   41   16   37   87   46   51   40
58   10  109   98  145  148   34   88   90   25  114  108   28   17   39  101  126   38  113   71   56  106    8  112  124   22   72  119   83  138   62   75    5  133  134   43   86   50   54    6  149   42   95   47   55  104   31   94  123   67   91    2
59   10    3  118   73   41   89   69  140  122   30   21   60   68   74   77  115   57   14   36  100   35  102  136    4   23   33    2  116   80  143   81   45  141  139   10   70   99   97  111  121   92   93  147  131  107  144   76   65   19  104  105
60   10  140    4  116  143   14   93  115   69   12   77  107   57   41   36  141   40   99   74   27   59   10   19  105  130   92    3   80   49   73  100   33  147   30   65  118   89   45   18   13   85   15   46   81   68  136   29  125   79  104   53
61   10  132   26  142   32   37    9   78   24   29  117  120   18   82   46  146  125  135   49   16    7   51   63  137  127   44   12   66   93  105   19   40   53    1  103   99  143  128  141   92   48   10    4  116   85   84   14   27   11   52   36
62   10   83  138   72   50  126  124  113  133   54   75  108   39   71   22   38  134  112   86    6   28    2   95  149    8   35  101  119  114   91   56  123   94  104   23   88  148    5  145   98  102  106  109   68   17   47   70   80   43   31   90
63   10   44   16   51  127  135   66  146  120  103  128   48   37   84    9   11   52  105   78   18   29   19   82   61   49   92   26   99   10  141  150  142   96  132   93   46   32   45  143   81   24    7   97   14   36   33  144   87  125   57  100
64   10   20  110   55   42   67   79   13   47   31   15  130   65  147  107  104    6  149  134   27   75   54  106   80   85    8  112   22  115   77    1   53   17  138   40  114  113   25  108    2   90   62   83  116   35   12  145   34   68   30  126
65   10  147  130   80   31  104  107   67   13   47  115   77   79  149    6  110   55   15   54   64   20   27  134   42   75    2   30   35   68   85  138   60   22  116   40  112    8  140   41  106   62  113    4   83    1   53   12   23   89  102  108
66   10   44  103   63   48  128   16  105   19  120   51  127   92   84  135   10   99  141   11   37  146   52   18   49   29   45   96  150   93   81  143   36   97   14   33    9   57  144  100   61   74  142   78   82   46   26  136  132   87    4   12
67   10   31   47   55   64   79  110   20   65   13   42  147  130  104  149    6  107  134   80   15   54   75   77  115   27   22    8  112  106  138   85    2  113   35   17  114   62   68   30  108   40   83    1   53   25  116  126   60   90  145   72
68   10   30   35    2   23  102   77   89   21   80   41  122  115  104   70   91  149   54  111    6  147  121   65   76   59  139  123   62  138   50   94   95  140   83  131  118  134   31  133    3   75   47   73  130  107   72   60   67  113  124   22
69   10   74   57    3   73  140   36  100   14   59   33  136  118   60   45   81  143   41   10    4  141   99   97   92   19  116  144   89   93  105  115   30   77   49  122   12   66   68   21   18   96   48   80  107   40  103   27   29   35  147  130
70   10  111  121   76  139  131   91  123  102   94   23   95   21  129  122   35   50   68    2  133   86   30   89   62   83   72  124   41    5  138   71   43  119   54  126   77   59  118   38   56   80   39  149  104    6  113  115   73  101    3   28
71   10   38   39  124   28   56  101  119   72  126    5  133   86   88  148   50   83   62   43   98  113  108  109  138   95  145   58  114   94  123   22  112   91   75    8   90   34   54   17  134   25  129  106   76    6    2   23   70  111  102  149
72   10  124   83  126   62  133   71   50   39   38   28  138  113   86  119  101   56  108    5   88   95  148   22   98   75  112  145  114   94  123   43  109   54   91    8  134    2    6  149   35   23   58  106  102   17   90   25   34   76   70  111
73   10    3  118   59   41   69   89  140  122   74   30   21   60   57  100  136   36   14   33   68  115   77   81    4   45  143  102   97   35   23  116   10  141   99    2  144   92   80  139   93   19   70  111  105  121  131  107   76  147   65   91
74   10   57   36  100   33   45   81   14  136   10   69   97  141   99   92   19  144  143  105    4   93  140   60    3   73  116   66   59   48   96  118   49  103   18   84   44   41  128  150   11   12   52   63  120   29   87   16   37   89   46   40
75   10  134   22  112   54    8    6  138  113  149  106  108   47   62   83  104  114   31  126   17   42   67   55   72  145   25  124  147   65   90   80    2   50   39   64  109   35   20   34   98  133   71   28   38  148  110   88  130   77   79   13
76   10  121  111   70  131  139   91  123   94  129   95  102   23   21  122   50  133   86   35   68    2   30   89   62   72    5   83  124   43  119   71  138   41   56   38  126   39   54  101   28  113   77  118   59  149   80    6  104   75  115   73
77   10  115   80  147   30   65  104   68  107  130    2   35   41  149  140   31    6   60   13   54   47   89   67   27   79   23  116  102  134   15   59    4   21  122   75  110   55  138   64    3  118   73   20   40   62   42   69   85   83   22   12
78   10    9   82   26   61  146    7  135   37  132   32  120   16  142  127   51  117   29   24   63   18   44   46   49  125   66  103  128  137  105   48   19   93   12   84   92   99   11  141   52   10  143   53   40    1    4  150  116   14   96   85
79   10   13  110   15   64  130   67   20  107   55   65   31  147   27   47   42   85  104   80  149    6    1  115   40   53   77  134   54   75  116   12    8   22  106  112   60    4    2  138  137  125   30   35  140   68   46  113   17   93  114   62
80   10   77  147  104  115   65  149  130   31    6  107    2   30   47   54   68   35   67   13  134   79   75   55   41  110   15  138   27  140   64   60   23   42   20   89  102   62   22  116   83  112    8  113   21  122    4   85   40   59   50  106
81   10   45   33   97  100  136  144   36   74   57   10   92  141   99   14   19  105   96   69   48  143   66  103   84  150   11   93   52   87  128    4   44  140   60   49   63    3   73   18  116   16  120   59   51  127  118   37   29  135   12  146
82   10   78    9   26    7  146   61  135   37   16  120  127   51  132   32   63  142  117   24   29   44   18   66   46   49  128  125  103  137   48  105   84   19   11   93   52   12   92   99  141   10  143   53   40  150    1   96    4   14  116   45
83   10   62   72  138  126  124  113   50  133   39   71  108   75   22   54   38  112   28   86  134    6    8   95  101  149  119  114    2   56   88  148  145   35   91    5   98  123   94  109  104   23  106  102   17   68   90   43   47   25   58   70
84   10   11   52   48  128  103  150   96   44   66   63   51  127   87   16  135  144   92   97   19  105  146   45   10  120   81   99  141   33   37  100   36  136   57   74   18   49   14    9   29  143   93   78   82   61   26  142  132    4   46   69
85   10    1   53   27   40   15   12   13   79  107  125  137  130  110   46  116   20   64   65   24  147   67    4  142   93   49   60   29  117   31   18   55  115  132   32   47   80  143   42   77   61  104  140   37  149   26   14  105    6   99  141
86   10  133    5   50  119   95   71  124   43   72   56   38   94  123  101   39   91   28   83   62  126  129   76  111  138   70   88  121  148  113   23  102  108  131  139   98    2   35  109   22  145   54   75  112  114   68   58  134    8   21    6
87   10  150   96   52   11   84   48  144  128  103   97   81   45  136   66   44   33  100   92   63   10   51  127   36   19   57   74  141  105   99   16  135   14  146  120  143   37   69   93   49   18   29    9    4   78   82   61  142   26   60    3
88   10  148   98   28   39  109  101   38   58   71  145  126   56  108  124  119   72  114  113   34   90    5   83   25   62   17  133   86  112   43   22  138    8   50  106   75  134   95   54    6   94  123  149   91    2   47  104   35  129   23   42
89   10   41  122   59   21   30  118   68    3   73  102   23   35  140    2   77  115   70  139  111   69  121   80  131   76   60   91  123  104   94  147   65   95  149    4   54  107  116    6   74   50   14  130   57   62  129   36  138  100   31   83
90   10   34   25   17  145  114  109   58  106  108   98    8  112   22  148  113   88  126   75   39   28  134  138   38  101   83  124   72   71   62   54   42    6   56  149   55   47  119  133   50   31   67  104    5   64   20   86   43  110   65  147
91   10  123   94   95   70   76  111  121  102   23  139  131   50  129  133   86   35   21    2   62   68  122   72   83  124    5   30   71  138  119   43  126   38   56   89   39   54  113  101   28  149    6  104   75   41   80  134   77  108   22   88
92   10   10   99   19  141  105   36   14   45   57  143   33   81   74  100   66   93   97   48   49  144  103  136    4   44   18  120   63  128   84   16   29   96   69   37  116   11   60   52   51  127  135   12  150  140   46  146  142   61   87  125
93   10  143   49    4  105   99  141   19  116   18   12   14   92   10   29   46   60   36   40   57   37  125  120  142   66   74   45   33  100  140   16   81   61  132   27   44   69   24   63  135   85  103   53   97   48   32    1  136   51  146  127
94   10  123   95   91   76  111   70  121  129   50  131  133   86  139  102   23   72    5  124   62   21   35   83    2   43  119   71  122   68   56   38  138  126   39  101   30   28  113   54   89  149    6  108   75   88  148  104  134   22   41   80
95   10   94  123   91  133   50   86   76  111   70  121  129   23  102   72  131  139  124    5   62   83   71  119   43   35   56   38    2  138  126   39   21  101   68   28  122  113   30   54  108   88   75  148  149    6   22  134   89  104  112   98
96   10  150   87   11   52   84   48  144  103  128   97   81   45   66   44   33  136   92   10  100   63   19   36  105  141   99   57   51  127   74   16  135   14  120  146  143   37   93   49   18   69   29    9    4   78   61   82  142  116   60   26
97   10  144   81   45  136   33  100   74   36   57   10   92   96  141   99   14   19   48  105  150   69   84   87   66  103   11   52  143  128   44   93    4   63   49   16    3  140   73   60  120   51  127   18  116   59  135  118   37   29  146   12
98   10  109  148   88   58  145   28  108   39   34  114   90  126  101   38   25  113   71   17  124   56   72  112    8   22  119  106   83   62  138    5   75  133   50   86  134   43   54    6  149   95   47   42   94  104  123   91   55   31    2   35
99   10  141   19   92   10  105   14  143   36   57   93   45   74   33  100   81   66   49    4   97   18  136   48  116  144  103   44   29  120   69   60   37   63   12   16  128   84  140   46   96   51  135  127   11  142   52  146   40  150  125   61
100   10   33   74   57   45   81   36  136   97   10   14  144   92  141   99   69   19  105  143   93    4   96   66   48  140   60    3   73  103   84  116  150   59   49   11  128  118   44   52   87   18   63  120   16   41   12   29   37   51  127  135
101   10   38   28   56   71   39  119   88  148  124    5  126   72   98   43   86  133  109  108   58   83   50  145  113   62  114  138   95   34   90   22  112   25   94    8   17  123   75   91  106  134   54  129    6   76  149    2   23  111   70  121
102   10   23   70   21   35  111   91   68  121    2  122   76  139  123   30   94  131   95   89   50  133   41   62  129   83   77   86  138   80   54   72  104  149  115  124    6   59  118  126   75  134   71  147  113    3   73    5   65  119   38   39
103   10  128   48   84   44   66   11   52   63   51  127   16  150   96  135  120   92  105  146   19   10   99  141   45   37   87   97  144   81   18   33   49   36   29    9  100   57   93   14  143   74   78  136   82   61  142   26  132   46    4   32
104   10  149    6   80  147   54   31   65   47  134   67   77   75  130    2  115  138   35   55   13  107   68   22   42   79   30  112   64  110   20   62    8   83  113   15  106   23  102   27  108   50  126   72  114   41  124   17  133   89  140   60
105   10   19   99   92  141   10  143   93   66   14   49   36   18   45   57  120   33   74   44   29    4   81  100   37   48  103   63   16   97  128  116   12  135   51  127   84   46  144  136  142   60  146   11   96   69   61   52  125  132  150   40
106   10    8   17  112   22  114   25   90   75  108  134  113  145   34   42  138    6  109   54   55   47  126  149   98   31   83   58   67   62   64   20  148  104   88   39   72  124   28  110   38   71   65  147  101   79   50   80   13  133  130    2
107   10  130   13   65  147   27   15   79  115   80   77   67   31  110   85  104   40   47  116   64   20   60   55  149    6   12    4    1   53  140   42   54   30  134    2   68   35   93   41   75  143  125   46  137   49   14  138   89   22  112    8
108   10  113  114  145  126  112   22    8  109   98   17   90  106  138   25   39   75   83  148   88   34   72   62   28  124  134   58   38   71  101   54    6   50   56  133  149  119   86   47    5  104   42   31   55    2   95   67   43   35   91   80
109   10   98  145   58  148   88   34   90  114  108   25   28   39   17  126  113  101   38  112   71    8  106   22  124   72   56   83  119  138   62   75  134    5  133   50   86   54   43    6  149   42   47   95  104   55   31   94  123    2   67   91
110   10   79   64   20   13   67   55   15   42  130   31   47   65  107  147   27   85  104  149    6   80  134    1   53   54  115   75   40   77  106    8   22  112  116   12  138   17    2  137  113   60  114  125   35   25   30    4  108   68   62   46
111   10   70  121   76  139  131   91  123   94  102   23   95  129   21  122   35   50   68  133    2   86   30   89   62   83   72  124    5   41  138   43   71  119   54   56   38  126  118   59   77   39   80  149  104  113    6  101   28   73  115    3
112   10   22    8   75  106  113  114  108  134   17  138   54   25  145    6  126   90   83  149   62   34   47  109   42   72   98   31   55  104   39  124  148   67   88   28   58   38   71   50   64   20  133  101   65  147    2   80   56  110   35  119
113   10  108  126   22  138  112   83   75   62    8  114   72  134  124  145   39  106   54   17   98   28  109   71   38    6  148   25   88   90   50  149  133   34  101   58   56  104  119   47   86   31    2    5   42   35   95   55   67   80   91  123
114   10  145   17  108   25   90    8  112  106   34   22  113  109   98  126   75   58  148   88  138  134   39   83   28   62   72  124   38   54   71    6  101  149   42   47   56   50   55  133  119   31  104   67   86    5   64   20    2   65  147   80
115   10   77   80  147   65  107  130   30  104  140   68   60   41    2   13   35   31  149   27  116    6   67   47   89   79   54   15    4   59  110   23  134   40  102   55   64   85    3   21  122   75   20   73   69  118   12  138  143   42   14   93
116   10    4   60   12   93  143   40  140   27   14   49  107   99  141   46   18  105  115   85   19  125   10  130   92   36   29   57   15   77   69   53   74    1   13  142  147   65   80  100   33   41   79   37   45  137   24  120   59   81  132   66
117   10   32   24  132  142  137   26   61  125   46   29    7   78    9   37   18   82   53    1   49  120   12  146   40  135   16   85   93   51  127   63   27   44  105   66  116  143   19    4   15   99  141   92  103   10  128   14   48  107   60   13
118   10   73    3   59   41   89   69  122  140   21   30   68   60   74   57  100  136   36   77  115   14  102   23   33   35    4    2   81  139   45   70  143  116  111   80  121   97  131   10  141   99   76  144   92   91   93   19  147  107  105   65
119   10   56    5   71  101   38   43   28   86   39  124  133   72   88  148  126   50   83   95   62   98  109  113   94  108  123  138  145   58   91  129  114   22  112   76   75   90   34  111   70    8  121   23   25   54   17  102  134    2  131  106
120   10   37   16  135  146   63   29   51   18  127   44    9   66   61   49   78  142   26  132  105   82  103   19   46  128   32   48   93   92   24   99  141  125   10   84  117  143   12    7   11   52   14    4   45   36  137  116  150   57   40   96
121   10  111   76   70  139  131   91  123   94  102  129   23   95   21  122   50   35  133   68   86    2   89   30   62   72   83    5  124   41   43  138   71  119   56   38  126  118   54   59   39   77   80  149  101  113  104   28    6   73    3  115
122   10   21   89  102   23  139   70   68   30  111   41  121  131   35   76  118   59    2   91   73    3  123   94   95   77  129  115  140   80   50  133   69  104   62   54   83  149   86   60  138  147    6   72   65  124  134  107   75  130   31   47
123   10   94   91   95   76  111   70  121  129  131   50  139  133   86  102   23   72   21    5   62   35  124   83    2   43   71  119  122   68   56   38  138  126   39   30  101   28  113   89   54  149    6   75  108   88  104  134  148   22   41   80
124   10   72   71   39  126   38  133   83   28   50   62  119  101   86   56  113    5  138   88  108  148   95   98   43  109  145   22  114   94  112  123   75   91    8   54   58  134    2    6   90   17  106   23  149   34   35   25  102   76   70  129
125   10   46  142   24  137   12  132   29   40   53   32  117   18    1   49   61   37   85   93   26   27  116  120    9    4  143   78  105   15   16   19   82  146   99  135  141    7   60   66   92   63  107   14   10   51  127   44   13  130   79   36
126   10   72   39  124  113   83  108   62   28   71   38  138  148   88  101   98  145  114   22  133   50  109  112   56  119   75    8   86    5  134   58   90   17   54  106   25   34    6   95  149   43   94  123   91    2  104   35   47   23  102   31
127   10   51   63  135   16  146   44  120  128  103   66   37    9   48   84   78   82   11   52   61   29   26   18  105   19   49  150  142   92  132   96   99   10  141    7   32   93   46   24   45  143  117   87  125   81   97   14   36  144   33   57
128   10  103   84   48   11   44   52   63   66   51  127  150   16   96  135  146  120  105   92   87   19   10   37   99  141   45  144   97   81    9   18   33   49   29   78   82   36  100   57   61   93   14  143  136   74   26  142  132   46   32    4
129   10   76   94  123  131  121  111   95   91  139   70   86  133   50  102   43   23    5   21  119  122  124   72   71   56   62   35   83   38    2  101   68   39   28  126  138   30   89  113   88  148   54  108   41   75  149    6   98   22  104  134
130   10  107   13   65  147   79   15   67   31   27   80  110  115   47  104   77   64   20   55  149   85    6   42   40   54  116  134   60    1   53   12   30   75    2  140    4   68   35   22  138   41  112    8   93  106  125  143   46   89  113   62
131   10  139  121   76  111   70  129   91  123   94   21  102   23   95  122   50   35   86  133   68   89    2   30    5   62   41   72   43   83  124  119  118   71   59  138   56   38   73    3  126   77   39   54  101   80   28  149  104  113  115    6
132   10   32   61  142   24  117   26   29   46   37  125    9   78   18  137  120   49   82    7  146  135   16   12   53   63   51    1   93  127   40   44  105   66   19   85  143   99  116  141    4   92  103   27   10  128   48   14   84   15   60   36
133   10   50   86   72  124   95   71   83   62    5  119   94   38  123  126   39   91   56   28  101  138   43  113   76   23   70  111  129  102  108   88  121  148    2   35   54   75   22   98  139  131  112  134  109   68  145    6  114  149    8   21
134   10   75    6   54  149   22  112    8   47  138  104   31  113  106   67   55   42  108   62   83  114  147   65   17  126   80   64    2   20   72   25  145   35   90  130  110  124   13   79   50   77   39   34  109   68  115  133  107   98   71   28
135   10  146   16   51  127   63  120   44    9   37   78   66   82  103  128   61   26   29   18   48   84  142  132   49  105   11   52   19   32    7   92   46   24   99  141   10   93  117  150  125   96  143   12   45   14   36   81   97   33   57  137
136   10  100   81   33   97   45  144   74   57   36   69   10   14   92  141   99   19   96  105  143   48    3   73  150   66   87  140   84  103    4   93   59   11  118   52   60  128   44  116   49   63   41   18   16  120   51  127   29   37   12   89
137   10  125   24   53  117    1   46   32  142  132   85   40   12   61   29   26   18   49   27   37   15    9   78    7   93  120  116   82    4   79  107   13  143  146   16  135  110  105  130   19   60   99   63  141   51  127   66   20   64   44   92
138   10   62   83  113   75   54   22  134  126   72  112    6  108  149    8  124   50  133  104  114   39    2  106   71   35   38   47   28  145   31   17   86   98   95  148  109   80   88  101   23   25   68   90   91  119   56   67  102  147   65  123
139   10  131  121  111   70   76   91  123   21   94  102  129   23  122   95   35   68   89   50    2  133   30   86   41   62   83   72    5  118  124   59   43  138  119   71   73    3   77   56   54   38   80  126   39  115  104  149    6  101  113   28
140   10   60   69   41    4   59  116  115    3   14   73   77  143  118   89   74   57   30   36   93   80  107  100  141   99   33   68   10   12  147   92  130   19   27   45   65  105   40  136   81   35  122    2   49   21  104   13   97   15   18   23
141   10   99   10   92   19  105   14  143   36   57   93   45   74   33  100   81   66    4   49   97   18  136  116   48  144   69  103   60   44   29  120   37   12   63   16  128  140   84   96   46   51  135  127   11   52  142  150   40  146  125   61
142   10  132   24   29   61   46   32  125   18   37  117   26   49  120    9  137   78   12   16   82   93  146  135   40   53    7    1   63  105   51  127   66   19  143   44   85  116   99    4  141   92   10   27  103   14  128   48   60   15   36   84
143   10   93   14    4   99  141   19  105   10   92  116   36   49   57   60   74   12   18   33  100   45  140   29   69   81   66   46   40   37  120   97  136  125  142   44  144   16   48   27  103   63   61  132  135  107  115  128   85   24   51    3
144   10   97   81  136   45   33  100   96   74   36   57   10   92  150   48   87  141   99   19   84   11   14   52  103  105   66   69  128  143   44   63   93    4   16   51  127   49  120    3   73  140   60   18  135   59   37  118  116   29  146   12
145   10  109  114   90   98   34  108   25   58   17  148   88  113  126    8  112  106   22   39   28   38  101  124   75   71   72  138   83   62  134   56  119   54  133   50    6    5  149   86   42   47   55   43  104   31   67   95    2   64   20   35
146   10  135   16  127   51   63    9  120   78   82   37   44   61   26   66  128  103   29   18  132  142    7   48   32   49   84  105   11   24   52   19   46  117   92   99  125   93  141   10  150   96  143   12  137   45   14   36   81    4   97   33
147   10   65   80  130  104   31  107   67   13  115   77   47  149    6   79   54  110   55   15   64  134   20   27   42    2   75   30   68   35  138   85   60   22  116  140  112   40    8   41   62  106  113   83    4   23   89  102    1   12   53  108
148   10   88   98   28  109   39  101   58   38  145  126   71   56  108  124  119  114   72   34  113   90   25    5   83   17   62  112   22  133    8  138   86   43   50  106   75  134   54   95    6  149   94  123   91    2   47  104   35   42   31   23
149   10    6   54  104  134   47   31   75   80  147   65   67  138   22    2  112   55    8   77   62   35   42  113  130   83  115   13   68  106   64   79  107   20  110   30  108  126   72  114   50   23   17  124  102   15  133   25  145   39   27   90
150   10   96   52   11   87   84   48  128  103  144   44   66   97   63   81   45   51  127   92   10   33   16  136   19  100  105  135   99  141   36   57  146  120   74   14   37  143   18   49   93    9   29   78   82   69   61    4   26  142  132   46
    1    3    2    3    1    3    3    3    1    2    2    2    2    1    3    3    2    1    2    3    3    1    3    1    3    3    1    1    1    1    1    3    3    1    3    2    2    2    3    2    3    1    2    2    2    2    1    3    3    2    1    2    1    2    3    2    1    3    1    2    2    3    2    2    1    3    1    2    2    1    1    1    1    3    3    3    2    3    2    1    3    1    2    2    2    3    2    2    1    2    2    1    3    1    3    2    2    3    1    1    3    1    1    3    1    1    3    2    3    3    1    3    1    3    3    3    2    3    1    3    2    2    2    2    3    2    1    1    1    3    1    2    2    2    2    3    3    1    1    2    3    2    1    1    3    3    3    3    3    2


1
2
3
4
5
6
7
8
9
10
11
12
13
14
15
16
17
18
19
20
21
22
23
24
25
26
27
28
29
30
31
32
33
34
35
36
37
38
39
40
41
42
43
44
45
46
47
48
49
50
51
52
53
54
55
56
57
58
59
60
61
62
63
64
65
66
67
68
69
70
71
72
73
74
75
76
77
78
79
80
81
82
83
84
85
86
87
88
89
90
91
92
93
94
95
96
97
98
99
100
101
102
103
104
105
106
107
108
109
110
111
112
113
114
115
116
117
118
119
120
121
122
123
124
125
126
127
128
129
130
131
132
133
134
135
136
137
138
139
140
141
142
143
144
145
146
147
148
149
150
-1
