100

1 3140 1401
2 556 1056
3 3675 1522
4 1182 1853
5 3595 111
6 962 1895
7 2030 1186
8 3507 1851
9 2642 1269
10 3438 901
11 3858 1472
12 2937 1568
13 376 1018
14 839 1355
15 706 1925
16 749 920
17 298 615
18 694 552
19 387 190
20 2801 695
21 3133 1143
22 1517 266
23 1538 224
24 844 520
25 2639 1239
26 3123 217
27 2489 1520
28 3834 1827
29 3417 1808
30 2938 543
31 71 1323
32 3245 1828
33 731 1741
34 2312 1270
35 2426 1851
36 380 478
37 2310 635
38 2830 775
39 3829 513
40 3684 445
41 171 514
42 627 1261
43 1490 1123
44 61 81
45 422 542
46 2698 1221
47 2372 127
48 177 1390
49 3084 748
50 1213 910
51 3 1817
52 1782 995
53 3896 742
54 1829 812
55 1286 550
56 3017 108
57 2132 1432
58 2000 1110
59 3317 1966
60 1729 1498
61 2408 1747
62 3292 152
63 193 1210
64 782 1462
65 2503 352
66 1697 1924
67 3821 147
68 3370 791
69 3162 367
70 3938 516
71 2741 1583
72 2330 741
73 3918 1088
74 1794 1589
75 2929 485
76 3453 1998
77 896 705
78 399 850
79 2614 195
80 2800 653
81 2630 20
82 563 1513
83 1090 1652
84 2009 1163
85 3876 1165
86 3084 774
87 1526 1612
88 1612 328
89 1423 1322
90 3058 1276
91 3782 1865
92 347 252
93 3904 1444
94 2191 1579
95 3220 1454
96 468 319
97 3611 1968
98 3114 1629
99 3515 1892
100 3060 155


1   10   95   90   98   21   12   71   32   46   29    9   25    3    8   10   59   99   86   68   49   27   76   38   11   97   93   85   20   91   61   28   80   34   73   35   30   75   94   53   57   69   72   40   39   37    7   84   58   26   70   65
2   10   13   42   16   78   63   14   82   64   77   48   17   18   45   31   36   24   41   50   33   96   83   92   15   19   55   89    6   43   51    4   44   87   52   22   60   88   23   54   74   66   58   84    7   57   94   34   72   37   61   27
3   10   11   93   28   91    8   29   99   85   97   95   73   76   32    1   59   98   21   90   10   12   68   53   71   86   49   39   46   70    9   25   40   38   27   20   30   80   69   75   61   35   67   34    5   26   62   94  100   57   72   56
4   10   83    6   87   33   15   66   64   89   14   60   74   82   43   42   50    2   16   57   94   52   84    7   58   48   13   51   63   77   54   61   31   35   34   78   55   27   24   18   45   17    9   25   71   88   36   72   22   46   37   23
5   10   67   62   40   39   26   69   70  100   56   53   68   75   30   10   49   86   80   81   79   20   38   73   85   65   21   47   90    1   93   11   37   95   72    3   46   25    9   98   12   71   29   34   28    8   32   91   99   27   97   59
6   10    4   15   83   33   64   82   14   87   42   89   66   60   74    2   48   43   51   16   50   63   13   31   78   77   52   57   94   84    7   58   18   24   55   54   17   61   45   35   34   36   27   41   96   88   22   92   23   72    9   19
7   10   84   58   57   34   52   54   94   60   74   72   43   27   25    9   37   89   87   46   61   35   66   71   50   38   20   80   88   65   55   12   90   83   22    4   23   21   30   47    1   86   75   49   79   98   14   95   77   64    6   16
8   10   99   29   97   76   59   32   91   28    3   98   95   11   93    1   12   90   85   21   71   73   10   46    9   25   68   27   35   61   86   53   49   38   34   94   20   39   80   70   40   30   57   75   69   72    7   84   26   58   37   62
9   10   25   46   27   71   34   90   12   21    1   38   61   57   94   98   20   95   72    7   35   80   84   58   86   49   37   30   32   75   68   10   52   74   65   54   60   29   59   69    8    3   99   79   76   66   26   43   87   47  100   97
10   10   68   86   49   21   53   85   73   40   90   39    1   95   69   30   38   70   75    3   20   80   11   93   26   62   98    5   46   12  100   67   25    9   56   29   32    8   71   99   28   91   59   97   65   79   76   72   27   37   34   81
11   10   93    3   85   28   73   91    8   99   97   29   95   76   10   32    1   53   59   98   21   90   68   12   70   39   40   86   49   71   46    9   25   38   69   30   20   67   80   75   27    5   62   26   61   35  100   34   56   94   72   57
12   10   98   71    1   95   90   32    9   46   25   27   21   29   59   61   35    8   99   76   34    3   94   97   38   86   57   49   10   20   68   91   80   11   28   93    7   84   85   30   72   58   75   73   37   74   60   69   53   52   66   65
13   10   78    2   63   42   16   17   48   31   45   82   36   41   18   14   64   77   24   96   92   33   19   50   51   83   15   44   55    6   89   43    4   87   22   52   23   88   60   54   74   66   58   84    7   57   94   34   37   72   61   27
14   10   64   42   82   83   33    2   16    6   13   50   89   15    4   77   63   48   78   43   87   31   18   24   60   45   17   55   51   74   36   52   66   41   96   54   84   58    7   92   19   22   88   57   23   94   34   44   72   61   37   27
15   10   33    6   82   64   83    4   14   42   51   48   31   87   63    2   89   13   66   16   60   78   43   50   74   77   17   18   24   45   52   36   55   57   41   84    7   94   58   54   96   92   61   35   34   19   27   88   22   23   44   72
16   10    2   77   78   42   18   13   24   14   50   45   64   17   36   82   63   55   96   41   48   43   92   89   31   83   19   33    6   15   22    4   52   87   88   23   44   54   60   51   74   58   84    7   66   57   94   37   72   34   47   27
17   10   45   36   41   78   96   92   18   13   19    2   16   24   44   63   77   42   31   48   14   82   50   64   55   33   51   22   43   23   83   89   88   15    6    4   52   54   87   60   58   74   84    7   66   57   37   72   34   94   47   65
18   10   24   77   45   36   96   16   17   78   92   19    2   41   13   55   50   42   44   14   63   22   23   64   88   82   43   48   31   89   54   83   52   33   87    6   15    4   60   58   51   84    7   74   37   72   57   66   47   34   94   65
19   10   92   96   36   44   45   41   17   18   24   78   77   16   13    2   55   63   50   42   22   23   31   48   88   14   64   82   43   89   54   33   52   83   51   15    6   87    4   58   60   84    7   37   74   47   72   65   57   66   34   79
20   10   80   38   30   75   49   86   65   72   69   37   79   46   21   25   26   68    9  100   56   90   10   81   47   62   34    1   95   27   12   71   58    7   40   84   54   98    5   57   39   52   94   53   61   70   67   85   73    3   35   32
21   10   90    1   95   86   10   49   68   46   12   38   98   25    9   20   71   80   30    3   75   32   29   85   27   69   73   11    8   93   34   99   59   53   40   72   76   26   39   61   97   37   91   28  100   35   62   65   70   94   56   57
22   10   23   88   55   54   50   24   77   52   43   47   18   37   72   58   65   16   84   96    7   89   79   45   19   81   36   92    2   60   78   17   34   14   57   42   80   87   74   20   13   41   64   38   75   30   83   44   94   25    9   56
23   10   22   88   55   54   24   50   77   52   47   37   43   18   72   65   58   84   16   96   79    7   89   81   19   45   36   92    2   60   78   17   34   14   80   57   20   42   87   74   41   38   13   75   30   64   56   44   83   25   94    9
24   10   18   77   16   45   96   55   36   50   78   17   19   92    2   41   13   22   23   42   88   14   43   44   64   63   89   54   82   52   48   31   83   33   87   58   60   84    7    4    6   15   74   37   72   51   47   57   66   34   65   94
25   10    9   46   27   34   71   90   12   38   21    1   57   61   94   20   72   80    7   98   95   84   86   35   58   49   37   30   75   32   68   10   52   65   74   54   60   29   59   69   79    8    3   99   76   26   47   43  100   66   87   56
26   10  100   56   69   62   75   30    5   79   81   49   80   86   20   40   68   38   65   67   10   47   39   70   37   21   53   72   90   46   25    9   73    1   85   95   34   12   98    3   71   54   58   27   11   93    7   84   88   52   57   23
27   10   61   71    9   94   34   25   35   46   57   12    7   84   90   98   58    1   74   95   21   60   72   32   38   52   20   66   37   80   59   86   87   54   29   49    8   43   30   76   89   99   75   10   68   65    3   97   79   69   91    4
28   10   91   97   99    8    3   11   93   29   76   59   32   85   95   73   98    1   12   90   21   10   53   71   68   46   86   39   49   70    9   25   27   40   35   61   38   20   80   30   69   75   34   94   67    5   57   26   62  100   72   56
29   10    8   99   32   59   76   97   98   91    3   95   28    1   12   11   93   90   71   21   85   73   10   46    9   25   27   35   61   68   86   49   53   38   34   94   20   80   57   30   39   40   70   75   69    7   72   84   58   37   26   74
30   10   75   80   20   49   38   86   69   26  100   56   65   79   68   62   81   10   21   37   72   47   46   90   40   25    9    5    1   39   95   34   67   53   70   12   71   27   58   98    7   84   73   85   54   57    3   52   94   11   61   93
31   10   48   63   13   51   82    2   42   78   64   17   14   33   16   41   45   15   36   18   77    6   83   96   92   24   19   50    4   44   89   43   55   87   60   66   52   74   22   54   23   88   58   84    7   57   94   34   72   37   61   35
32   10   59   29   98    8   76   99   95   97   12    1    3   91   71   90   28   21   11   93   27   46   35    9   61   25   85   10   73   68   86   94   34   49   38   57   20   80   53   30    7   75   84   72   58   39   40   69   74   70   37   66
33   10   15    6   82   64   83   14    4   42   48    2   51   63   31   87   13   89   16   78   50   43   66   60   77   74   18   17   24   45   52   36   55   41   84    7   58   57   54   96   94   92   19   34   88   22   61   35   23   27   44   72
34   10   57    7   27   84   25    9   94   58   46   61   72   71   35   52   74   60   37   54   12   38   90   20   80   21   43    1   87   98   89   66   86   95   49   65   30   75   32   79   47   50   68   88   10   59   29   69   55    4   83   22
35   10   61   27   94   71   57   12   34    9   25   74   46   98   66    7   60   84   32    1   90   58   95   59   87   29   21   76   52    8   99   72   89   38   43   97   54   20   37    4   80   86   49    3   83   91   10   30   28   68   75    6
36   10   45   17   96   41   92   19   18   78   24   44   13   77   16    2   63   42   31   55   48   50   14   82   64   22   23   88   43   33   89   83   51   15   54   52    6    4   87   60   58   84    7   74   37   66   72   57   47   34   94   65
37   10   72   65   80   20   47   54   79   38   58   84    7   30   34   75   52   25   81   46    9   88   49   86   57   23   22   56  100   69   27   26   94   43   21   90   55   60   71   68   74   62   61   89   12    1   50   10   35   95   87   98
38   10   20   80   86   49   30   75   46   21   72   25   69    9   65   37   68   90   79   10   26  100   56    1   34   62   81   95   47   12   71   27   58    7   98   84   40   57   54    5   94   39   61   53   52   85    3   32   73   70   35   67
39   10   70   40   53   67    5   68   10   73   62   85   69   26   49   86  100   30   75   56   93   21   11    3   38   80   20   90   95    1   79   81   28   98   46   65   91   29    8   12   25    9   99   32   97   47   72   37   71   76   59   27
40   10   39   70   67    5   53   68   62   10   69   26   49   73   86  100   85   56   30   75   21   80   38   20   93   90   11    3   79    1   95   81   65   46   25   98    9   12   47   72   37   29   28    8   91   32   99   71   97   59   76   34
41   10   17   36   45   92   96   19   78   44   18   13    2   24   63   16   77   31   42   48   82   14   50   55   64   51   33   22   23   43   88   83   89   15    6    4   52   54   87   60   58   74   84    7   66   37   57   72   47   34   94   65
42   10    2   14   64   82   13   16   63   48   78   33   31   83   77   15   50   18    6   17   45   24   89    4   36   51   43   41   96   87   55   92   19   60   52   74   66   54   44   22   88   23   58   84    7   57   94   34   72   37   61   27
43   10   89   52   50   60   54   87   58   84    7   74   55   83   14   57   77   16   64    4   88   66   34   94   22   42   24   23   72    6    2   37   33   18   82   27   61   13   15   78   25    9   35   46   45   65   36   17   63   96   47   71
44   10   92   19   41   96   36   17   45   18   78   24   13   77   16    2   63   31   42   55   48   50   22   23   14   82   64   88   51   43   33   89   83   54   52   15    6    4   87   60   58   84    7   74   47   37   72   65   66   57   34   79
45   10   36   17   96   41   18   92   78   19   24   13   16   77    2   44   63   42   31   55   50   48   14   82   64   22   23   88   43   33   89   83   51   15   54   52    6    4   87   60   58   84   74    7   66   37   72   57   47   34   94   65
46   10   25    9   90   71   27   34   12   21   38    1   20   95   80   98   86   61   57   72   49   94    7   35   84   37   58   30   75   68   10   32   65   29   52   54   59   69   74   60    3    8   79   99   76   26  100   47   56   85   97   11
47   10   79   65   81   37   72   56   75   80  100   30   20   26   88   38   69   23   22   54   62   49   86   52   58   84    7   46   25   34   55    9   68    5   21   10   57   43   90   40   27   50   67   94    1   71   39   60   89   12   74   95
48   10   31   63   82   13   51   42    2   78   64   33   14   16   15   17   41   45    6   36   83   18   77   24    4   96   50   92   19   89   44   43   87   55   60   66   74   52   22   54   88   23   58   84    7   57   94   34   72   61   37   35
49   10   86   30   38   20   68   80   75   10   69   21   90   26  100   46   62   56    1   25   40    9   65   95   79   72   39   37   53    5   12   81   98   70   85   73   71   34   47   67    3   27   11   93   32   29    7   58   84   57    8   61
50   10   43   55   77   89   16   24   52   14   54   18    2   42   64   88   22   83   23   87   60   58   78   84   13    7   45   82   74   36    4   96   33   17    6   57   63   92   19   41   66   72   37   15   48   34   94   31   47   65   27   44
51   10   48   31   63   82   15   33   42   64   13    2   14    6   78   83   16    4   17   41   45   36   77   18   89   50   87   24   96   92   43   19   66   44   60   55   74   52   54   84   58    7   57   22   88   94   23   34   61   35   27   72
52   10   54   58   84    7   43   89   60   57   50   74   34   72   37   55   87   88   94   22   23   27   25    9   77   66   46   83   65   61   14   16    4   47   24   20   38   35   80   64   71   79   18   42    6    2   30   75   33   12   81   90
53   10   70   39   73   40   85   10   68   67    5   93   11    3   49   86   69   62   21   26   30   95   90   75    1  100   38   56   28   20   80   91   29    8   98   99   97   12   32   46   76   25   59    9   79   71   65   81   72   37   27   47
54   10   52   58   84    7   43   72   37   88   55   50   22   89   23   34   57   60   74   65   94   87   47   25    9   77   46   27   20   80   79   38   24   16   61   83   66   81   14   30   75   18   71   35    4   64   86   49   42    2   90   12
55   10   22   50   88   23   77   24   18   54   43   16   52   89   96   45    2   58   36   14   78   84   19   42    7   92   17   13   37   64   60   72   87   41   83   74   47   82   57   65   34   63    4   44   33   94   79    6   48   66   31   81
56   10  100   26   62   69   75   81   79   30   65    5   80   20   49   47   86   38   40   68   67   37   10   39   72   70   21   53   46   90   25    9    1   73   34   95   85   54   88   58   84    7   12   23   71   27   22   52   98    3   57   11
57   10   94   34    7   84   58   27   74   60   61   35    9   25   52   46   71   87   66   54   43   89   72   12   37   90   38   20   98    1   80    4   21   50   83   95   65   86   49   32   30   88   55   75    6   14   59   22   47   79   29   23
58   10   84    7   52   54   57   34   60   72   94   43   74   37   89   27   25    9   87   46   61   50   35   66   88   71   38   20   55   65   80   22   23   12   47   83   90   30   79    4   75   21   86   49   77    1   14   98   81   16   95   64
59   10   76   32   29   99    8   97   98   91   95   28   12    3    1   71   11   90   93   21   35   61   27   46    9   85   25   73   10   68   94   86   34   49   38   57   53   20   80   30    7   75   84   39   40   74   58   72   70   69   66   60
60   10   74   87   89   57   66    7   84   43   94   58   52   34    4   83   54   61   27   35   50    6   14    9   25   64   72   46   71   33   37   55   15   42   16   77   82   88   12   22    2   23   38   24   20   90   80   65   98   18    1   13
61   10   35   27   94   71   57   34    9   25   12   46   74    7   84   98   60   66   58   90    1   32   95   87   59   21   52   72   29   38   89   76   54    8   43   37   99   20   80   86   49   97    4    3   30   83   10   68   75   91   65   28
62   10   26  100   69   56    5   40   75   30   67   49   68   39   86   81   79   80   20   70   10   38   65   53   47   21   37   73   72   90   85   46    1   25    9   95    3   93   11   12   34   98   71   27   54   58    7   84   29   32   88    8
63   10   31   48   13    2   78   42   82   17   16   51   64   14   41   45   36   33   18   77   15   96   24   92   83    6   19   50   44    4   89   55   43   87   60   52   22   74   66   23   88   54   58   84    7   57   94   34   72   37   61   27
64   10   14   82   42   33   83    2    6   15   16    4   13   48   63   89   50   78   31   87   77   43   51   18   24   60   17   45   74   66   55   36   52   41   96   54   84   58    7   92   19   57   22   88   94   23   34   44   61   35   72   27
65   10   79   47   37   81   80   72   75   20   30   38   56  100   26   69   49   86   62   54   46   88   25   58    9   34   84    7   52   68   23   22   21   90   10    5   57   27   40    1   55   71   94   43   12   95   67   39   60   61   50   98
66   10   74   87   60    4   94   57   89   83   35   61    6    7   84   43   58   27   34   52   33   15   64   14   71   54   50    9   25   82   46   42   12   72   16   37    2   55   98   77   90    1   32   95   88   13   48   38   59   21   24   20
67   10    5   40   39   70   62   53   69   26  100   68   56   10   73   49   75   86   30   85   80   20   38   81   79   21   93   11   65   90    3    1   95   47   46   37   72   25    9   98   12   28   29   91    8   99   32   71   97   34   76   59
68   10   10   86   49   21   40   69   30   53   39   75   38   90   20   80   73   26   85   70   62    1   95  100    5   56   67    3   46   11   93   25    9   98   12   79   65   71   29   72   32   81    8   37   99   28   27   91   34   59   47   97
69   10   26  100   62   75   30   56   49   86   80   68   20    5   38   40   79   10   81   65   39   67   21   70   53   47   37   72   90   46   25    1    9   73   85   95   12   34   98    3   71   11   93   27   58    7   84   54   32   29   57   52
70   10   39   53   40   67    5   73   10   68   85   62   69   26   49   86   93  100   11   30   56   75   21    3   38   80   20   90   95    1   28   91   79   98   29   81    8   46   99   65   12   32   25   97    9   76   59   71   47   72   37   27
71   10   12   27    9   25   46   61   98   35    1   90   95   34   94   32   21   57   59   29    8   38    7   76   99   84   86   58   20   49   80    3   72   74   97   10   68   60   37   30   91   66   75   28   11   52   93   54   85   87   65   73
72   10   37   65   20   80   58   38   54   34   84    7   25   52   46    9   47   79   30   75   57   49   86   81   27   88   94   21   90   69   43   56  100   71   22   23   26   60   74   61   12   68    1   55   89   35   10   62   50   95   98   87
73   10   85   53   93   11    3   10   70   39   68   40   28   21   95   91    1    8   29   90   86   99   49   97   67   98   32   76    5   69   59   12   30   62   38   75   26   20   80   46  100   71   25    9   56   27   79   65   34   72   61   37
74   10   60   87   66   57   94   89    7   84   58   43   52   34   61    4   35   27   83   54    6   50    9   25   71   46   14   72   64   33   37   15   12   55   42   82   16   77   88   90   38   98   20    2   22    1   80   23   21   65   24   95
75   10   30   80   20   69   49   38   86   26  100   56   79   65   62   68   81   37   72   10   47   21   40    5   46   90   25    9   39    1   67   34   53   70   95   12   71   58   27    7   84   54   73   98   85   57   52    3   94   88   11   61
76   10   99   59    8   97   29   32   91   28   98    3   95   11   12    1   93   90   71   21   85   73   35   61   27   46    9   10   25   68   86   49   94   53   34   38   57   20   80   39   30   70   40   75    7   69   84   72   58   74   66   37
77   10   24   18   16   50   55    2   45   78   36   96   17   13   42   14   92   19   43   41   22   64   23   88   89   63   82   52   54   83   48   31   44   33   87   60   58    4    6   84    7   15   74   37   51   57   72   66   34   94   47   65
78   10   13   17    2   45   16   36   41   63   18   42   77   96   24   31   48   92   19   14   82   64   50   44   55   33   51   83   15   43   89    6   22    4   23   88   87   52   54   60   74   58   84    7   66   57   37   72   94   34   47   65
79   10   81   65   47   56   75  100   30   80   26   20   37   69   72   38   62   49   86   68    5   54   88   46   25    9   23   21   10   40   22   58   34   84    7   52   90   67   39    1   57   27   70   55   71   53   95   12   94   43   98   61
80   10   20   38   30   75   49   86   65   69   72   37   79   26  100   46   68   56   21   25    9   81   90   47   10   62   34    1   95   40   27   58   12   71    7   84    5   54   98   57   39   52   53   94   67   70   61   85   73   88    3   35
81   10   79   47   65   56  100   26   75   30   69   80   62   37   20   72   38   49   86    5   88   68   23   54   40   22   10   67   46   25   21    9   58   34   52   39   84    7   90   70   55   53    1   57   27   95   71   12   43   94   73   50
82   10   64   42   33   14   48   15    2   63   31   13   83    6   16   51   78    4   77   89   50   17   87   18   45   43   24   36   41   60   96   55   66   74   92   52   19   54   84   58    7   44   22   57   88   23   94   34   61   35   27   72
83   10    4    6   64   33   14   87   89   15   82   42   60   43   66   74   50    2   16   48   52   13   77   63   84    7   78   58   57   31   51   94   54   55   24   18   34   45   17   61   35   36   27   88   22   41   96   23   72   92   37    9
84   10    7   58   52   57   34   54   60   94   74   43   72   27   89   37   25    9   87   46   61   35   66   50   71   38   20   88   80   55   65   12   22   83   23   90    4   47   30   21   79   75   86   49    1   14   98   77   95   64    6   16
85   10   73   93   11    3   53   10   68   70   39   28   91   95   21   40    1    8   29   99   90   97   86   98   49   32   76   59   67   12   69    5   38   30   75   62   20   46   80   71   26    9   25  100   56   27   34   61   79   65   72   35
86   10   49   38   30   68   20   80   75   21   10   69   90   26   46  100    1   25   62    9   56   40   95   65   79   72   37   39   12   53    5   98   71   81   85   73   70   34    3   27   47   67   11   93   32   29    7   58   84    8   57   61
87   10   60   74   89   66    4   83   43    6   57   84    7   94   52   58   14   64   50   33   54   34   15   61   35   42   27   82   16   55   77    2    9   25   72   71   46   37   88   24   13   22   18   78   48   23   63   12   31   51   45   38
88   10   22   23   55   54   52   50   37   47   24   43   77   72   58   65   84   18    7   79   89   16   81   96   34   60   45   57   80   19   36   20   92   74    2   14   87   38   78   75   30   17   42   25   94    9   64   46   13   56   83   41
89   10   43   87   60   74   50   83   52    4   14   84   58    7   54   64   66   57    6   55   16   42   33   94   77   82   34    2   15   24   88   22   18   61   72   27   13   23   37   78   35   25    9   63   48   45   46   17   36   71   31   96
90   10    1   21   95   12   98   46    9   25   71   86   49   10   38   68   32   27   20   29    3   80    8   59   30   34   99   75   61   76   11   85   35   93   73   97   72   69   94   91   57   28   37   53    7   40   84   26   58   65   39  100
91   10   28   97   99    8   76    3   29   11   93   59   32   95   85   98   73    1   12   90   21   10   71   53   68   46    9   86   25   49   27   39   35   70   61   40   38   20   80   30   34   94   69   75   57   67    5   26   62   72  100    7
92   10   19   96   36   45   41   44   17   18   24   78   77   13   16    2   63   55   42   50   31   48   22   23   14   88   82   64   43   89   33   54   83   51   52   15    6   87    4   60   58   84    7   74   37   47   72   57   66   65   34   79
93   10   11    3   85   73   28   91    8   99   97   29   95   53   76   10   32    1   59   98   21   68   90   70   39   12   40   86   49   71   46   38    9   25   67   69   30   20   80   75    5   27   62   26   61   35  100   34   56   94   72   57
94   10   57   61   27   34   35   74    7   84   60   58    9   71   25   66   46   87   52   12   89   43   54   72   90   98   37    1   38   95   21    4   20   32   83   80   50   59   86   49   29   65    6   30   75   76    8   99   55   14   88   64
95   10    1   98   90   12   21   32   29    3    8   71   59   99   46   76   10    9   25   11   97   68   93   86   91   85   28   49   27   38   73   61   20   35   80   34   30   53   75   94   57   69   40   39   72   70    7   37   26   84   58   62
96   10   92   19   36   45   18   17   41   24   44   78   77   16   13    2   55   63   50   42   22   23   31   14   48   88   64   82   43   89   33   54   83   52   51   15    6   87    4   58   60   84    7   74   37   72   47   57   66   65   34   94
97   10   99    8   76   91   29   28   59   32    3   11   93   98   95    1   12   85   90   73   71   21   10   46   35    9   68   27   25   61   53   86   49   38   39   94   34   70   20   40   80   57   30   75   69    7   72   84   26   58   67   62
98   10   12   95    1   32   29   90   71   59    8   99   21   76    3   46    9   97   25   27   91   61   35   28   11   10   93   86   68   34   49   85   38   94   73   20   57   80   30   75    7   53   72   84   58   69   37   40   74   39   70   60
99   10    8   97   76   29   59   91   32   28    3   98   95   11   93    1   12   90   85   71   21   73   10   46    9   35   27   25   68   61   86   53   49   38   34   94   20   39   80   70   40   57   30   75   69    7   72   84   58   26   37   74
100   10   56   26   62   69   75   30   79   81    5   80   65   49   20   86   38   40   47   68   67   10   39   37   72   70   21   53   90   46   25    9    1   73   85   95   34   54   12   58   84    7   88   71   98   27    3   23   52   11   93   22
 

   3    1    3    2    3    2    2    1    3    3    2    3    3    2    1    2    2    2    3    2    3    1    1    3    1    3    3    3    3    3    1    1    3    2    3    1    1    2    1    1    3    2    2    1    3    2    2    1    3    2    2    3    3    3    1    1    3    1    3    2    2    1    1    3    2    2    3    2    3    1    2    1    3    1    3    3    1    3    3    3    2    2    2    1    3    3    2    2    2    2    3    3    1    3    1    1    3    1    3    3


1
2
3
4
5
6
7
8
9
10
11
12
13
14
15
16
17
18
19
20
21
22
23
24
25
26
27
28
29
30
31
32
33
34
35
36
37
38
39
40
41
42
43
44
45
46
47
48
49
50
51
52
53
54
55
56
57
58
59
60
61
62
63
64
65
66
67
68
69
70
71
72
73
74
75
76
77
78
79
80
81
82
83
84
85
86
87
88
89
90
91
92
93
94
95
96
97
98
99
100
-1