200

1  3140.000000  1401.000000
2  556.000000  1056.000000
3  3675.000000  1522.000000
4  1182.000000  1853.000000
5  3595.000000  111.000000
6  962.000000  1895.000000
7  2030.000000  1186.000000
8  3507.000000  1851.000000
9  2642.000000  1269.000000
10  3438.000000  901.000000
11  3858.000000  1472.000000
12  2937.000000  1568.000000
13  376.000000  1018.000000
14  839.000000  1355.000000
15  706.000000  1925.000000
16  749.000000  920.000000
17  298.000000  615.000000
18  694.000000  552.000000
19  387.000000  190.000000
20  2801.000000  695.000000
21  3133.000000  1143.000000
22  1517.000000  266.000000
23  1538.000000  224.000000
24  844.000000  520.000000
25  2639.000000  1239.000000
26  3123.000000  217.000000
27  2489.000000  1520.000000
28  3834.000000  1827.000000
29  3417.000000  1808.000000
30  2938.000000  543.000000
31  71.000000  1323.000000
32  3245.000000  1828.000000
33  731.000000  1741.000000
34  2312.000000  1270.000000
35  2426.000000  1851.000000
36  380.000000  478.000000
37  2310.000000  635.000000
38  2830.000000  775.000000
39  3829.000000  513.000000
40  3684.000000  445.000000
41  171.000000  514.000000
42  627.000000  1261.000000
43  1490.000000  1123.000000
44  61.000000  81.000000
45  422.000000  542.000000
46  2698.000000  1221.000000
47  2372.000000  127.000000
48  177.000000  1390.000000
49  3084.000000  748.000000
50  1213.000000  910.000000
51  3.000000  1817.000000
52  1782.000000  995.000000
53  3896.000000  742.000000
54  1829.000000  812.000000
55  1286.000000  550.000000
56  3017.000000  108.000000
57  2132.000000  1432.000000
58  2000.000000  1110.000000
59  3317.000000  1966.000000
60  1729.000000  1498.000000
61  2408.000000  1747.000000
62  3292.000000  152.000000
63  193.000000  1210.000000
64  782.000000  1462.000000
65  2503.000000  352.000000
66  1697.000000  1924.000000
67  3821.000000  147.000000
68  3370.000000  791.000000
69  3162.000000  367.000000
70  3938.000000  516.000000
71  2741.000000  1583.000000
72  2330.000000  741.000000
73  3918.000000  1088.000000
74  1794.000000  1589.000000
75  2929.000000  485.000000
76  3453.000000  1998.000000
77  896.000000  705.000000
78  399.000000  850.000000
79  2614.000000  195.000000
80  2800.000000  653.000000
81  2630.000000  20.000000
82  563.000000  1513.000000
83  1090.000000  1652.000000
84  2009.000000  1163.000000
85  3876.000000  1165.000000
86  3084.000000  774.000000
87  1526.000000  1612.000000
88  1612.000000  328.000000
89  1423.000000  1322.000000
90  3058.000000  1276.000000
91  3782.000000  1865.000000
92  347.000000  252.000000
93  3904.000000  1444.000000
94  2191.000000  1579.000000
95  3220.000000  1454.000000
96  468.000000  319.000000
97  3611.000000  1968.000000
98  3114.000000  1629.000000
99  3515.000000  1892.000000
100  3060.000000  155.000000
101  2995.000000  264.000000
102  202.000000  233.000000
103  981.000000  848.000000
104  1346.000000  408.000000
105  781.000000  670.000000
106  1009.000000  1001.000000
107  2927.000000  1777.000000
108  2982.000000  949.000000
109  555.000000  1121.000000
110  464.000000  1302.000000
111  3452.000000  637.000000
112  571.000000  1982.000000
113  2656.000000  128.000000
114  1623.000000  1723.000000
115  2067.000000  694.000000
116  1725.000000  927.000000
117  3600.000000  459.000000
118  1109.000000  1196.000000
119  366.000000  339.000000
120  778.000000  1282.000000
121  386.000000  1616.000000
122  3918.000000  1217.000000
123  3332.000000  1049.000000
124  2597.000000  349.000000
125  811.000000  1295.000000
126  241.000000  1069.000000
127  2658.000000  360.000000
128  394.000000  1944.000000
129  3786.000000  1862.000000
130  264.000000  36.000000
131  2050.000000  1833.000000
132  3538.000000  125.000000
133  1646.000000  1817.000000
134  2993.000000  624.000000
135  547.000000  25.000000
136  3373.000000  1902.000000
137  460.000000  267.000000
138  3060.000000  781.000000
139  1828.000000  456.000000
140  1021.000000  962.000000
141  2347.000000  388.000000
142  3535.000000  1112.000000
143  1529.000000  581.000000
144  1203.000000  385.000000
145  1787.000000  1902.000000
146  2740.000000  1101.000000
147  555.000000  1753.000000
148  47.000000  363.000000
149  3935.000000  540.000000
150  3062.000000  329.000000
151  387.000000  199.000000
152  2901.000000  920.000000
153  931.000000  512.000000
154  1766.000000  692.000000
155  401.000000  980.000000
156  149.000000  1629.000000
157  2214.000000  1977.000000
158  3805.000000  1619.000000
159  1179.000000  969.000000
160  1017.000000  333.000000
161  2834.000000  1512.000000
162  634.000000  294.000000
163  1819.000000  814.000000
164  1393.000000  859.000000
165  1768.000000  1578.000000
166  3023.000000  871.000000
167  3248.000000  1906.000000
168  1632.000000  1742.000000
169  2223.000000  990.000000
170  3868.000000  697.000000
171  1541.000000  354.000000
172  2374.000000  1944.000000
173  1962.000000  389.000000
174  3007.000000  1524.000000
175  3220.000000  1945.000000
176  2356.000000  1568.000000
177  1604.000000  706.000000
178  2028.000000  1736.000000
179  2581.000000  121.000000
180  2221.000000  1578.000000
181  2944.000000  632.000000
182  1082.000000  1561.000000
183  997.000000  942.000000
184  2334.000000  523.000000
185  1264.000000  1090.000000
186  1699.000000  1294.000000
187  235.000000  1059.000000
188  2592.000000  248.000000
189  3642.000000  699.000000
190  3599.000000  514.000000
191  1766.000000  678.000000
192  240.000000  619.000000
193  1272.000000  246.000000
194  3503.000000  301.000000
195  80.000000  1533.000000
196  1677.000000  1238.000000
197  3766.000000  154.000000
198  3946.000000  459.000000
199  1994.000000  1852.000000
200  278.000000  165.000000


1   10   95   90  174   98   21   12  161  123  107   71   32   46  108  142   29  146    9  167   25  152  166    3  175  136    8   10   59   99  138   86   68   49   27   76   38  158   11   97   93   85   20  134   91  181  129  122  176   61   28   80
2   10  109  155   13   42   16   78  110  126  120  187  125   63   14  105  183  106   82   64  103  140   77   48   17   18   45  192   31  118  121   36   24  159  153   41   50  195  147  156   33  185  182  119   96  162  137   83   92  160  148  164
3   10  158   11   93   28  129   91    8   29  122   99   85  142   97   95  136   73   76   32    1   59   98  167  123  175   21   90   10  174   12  107   68   53  189  161  170  108  111  166   71   86  138   49  152  190  149   39   46  146   70    9
4   10   83    6  182   87  114  168   33  133   15   66   64   89   14  145  112  147  165   60  118   74  125  120   82  186  185  196   43  128   42  199  121  178  131  106  159  110  140  183   50  109    2  164  103   16   57  157   94   52  156  116
5   10  132  197  194   67   62   40  117  190   39   26  198   69   70  100  111  149  150   56  189  101  170   53   68   75   30  134   10   49  181   86  138  113  166   80   81  127  123   79   20  142  188   38  179  124   73  108  152   85   65   21
6   10    4   15   83   33  182  112  147   64   82   14  128  125   87  121  120  114  168  133  118   42   89   66  110  145  156  185   60  165  109   74  106    2   48  140   43  186  159  195  183   51  196   16   50   63  199  103   13   31  155  178
7   10   84   58   57  169   34   52  186  196  116   54   94  163   60  180   74  165  115  176   72   43  178  154   27  191   25    9   37   89  177  131   87  199   46  114   61  168  146  164  184  133  145  139  185   35  143  173   66  157   71  172
8   10   99   29  136   97   76   59   32  167   91  129  175   28    3  158   98   95   11   93    1  107  174   12   90  142  161  122   85   21   71  123   73   10   46    9  108   25   68   27  146   35  166   61  152  172   86  138  189   53   49  176
9   10   25   46  146   27  161   71   34  176   90   12  152  174  108  169   21    1  180   38   61   57   94  166  107   98   20   95   72    7   35   80   84  138   58   86   49  181   37  123  172  134  178   30  184  115  131   32  157   75   68  199
10   10   68  123  142  111  189   86   49   21  138  166  190  108  117  170   53   85   73   40  134   90  152   39  181  122    1   95   69  194  149   30   38   70   75    3   20  198   80  150   11   93  146   26  174   62  101  132   98    5   46  158
11   10   93  158    3  122   85   28   73  129   91  142    8   99   97   29   95  136   76  123   10   32    1   53   59  167   98  170  175   21  189   90   68  174   12  111  149   70   39  107  190  198  108  161  166   40   86  117  138   49  152   71
12   10  174  161   98   71  107    1   95   90   32    9   46   25   27  167   21  175  146   29  136   59   61  176   35  108    8  152  123   99   76  172   34  166  180    3   94  142   97  138   38   86   57  157   49   10  158   20   68   91  129  169
13   10  155  126  187   78    2  109   63  110   42   16   17  192   48   31   45  120  125   82  105   36   41   18   14  195  121   64   77  183  103  106  140  156  119   24   96  148  153  118  137  147   92  162  102  159   33  151   19   50  200   51
14   10  125  120   64   42  118   82  182  109  110   83  106   33    2  140  183   16  147  185  159  121  103    6   13  155   50   89   15    4   77   63  126   48   78  187  112  105   43   87  128  156  164   31  195   18   24  196  153  186  114  168
15   10  112   33  147    6  128   82  121   64   83    4  182   14  156  125  120  110   42   51  195   48  109  118   31   87   63    2   89  114  168  133   13  106  126  187   66  155  185   16  140  183  159  145   60  103  165   78   43   50   74  186
16   10    2  103  183  105   77  106  140  109  155   78   42  120   18  125   13   24  159   14  153  118   50  110   45  126  187  185   64   17   36  192   82   63  162  160  164   55   96  119  144   41  137  182   48   43   92   89  121  104   31  151
17   10  192   45   36   41   78  119   96  148   92  155  137  102   18   13  151   19  187  200  126  162  105    2   16   24  109  130   44   63   77  135  153  110  103   42   31  183  160   48  140  106  120  125   14  144   82  195  159   50   64   55
18   10  105   24  153   77  162   45   36   96  137   16  160  119   17  103   78   92  192  151   19  183  155    2   41  140  144  135  106   13  200  109  102   55   50  159  193  104  130  148  187  126   42  120  125  164  118  185  110   44   14   63
19   10  151   92  137  200  119   96  102  130  135  162   36   44   45  148   41   17  192   18   24  105  153  160   78   77  155   16   13  144  187    2  103  193  126  109  183   55  104  140  106   63   50   42  159  110   22   23  120  171   31  125
20   10   80   38  181   30  134   75  152  138  166   49   86  108  127  124  146  150   65  101   72   69  188   37  184   79   46  141   21   25   26   68  113    9  100  179   56   90  123  169  111   10   81   47   62  115   34    1  194  161  190  117
21   10   90  123  108    1  166  152   95  138   86   10  146   49  174  142   68   46   12  161   38   98   25    9  134  181   20   71   80  111   30    3  107  189   75   32   29   85   27  167   69  190   73  122  136   11    8  175  150  158   93  117
22   10   23  171   88  104  193  143  144  139   55  177  173  191  154  160  164  163   54  153  116  115   50   24   77   52  159  103  141  105  183  140  184   43  185   47   18   37  162  106   72   58  196   65  135   16  169  118   84  186   96    7
23   10   22   88  171  104  193  143  139  144   55  173  177  191  154  160  164  163   54  153  115  116   24   50   77   52  141  159  103   47  184   37  105  183   43  140   18  162  185  106   72   65   58  135  196  169  179   84   16  188  118  124
24   10  153   18  105   77  160  162  103  144   16   45   96   55  183  137   36  140  193  106  119  104   50   78   17  151  159   19   92  135    2  192  155  164  109  200   41   13  143  102  185  171   22  118   23  130  120   42  125  177   88  148
25   10    9   46  146   27   34  161   71  152   90  176   12  108  174  169   38   21    1  166  180   57   61   94   20   72   80  107    7   98   95  138   84   86   35   58   49  181   37  134  123  172   30  184  178  115   75  131   32  157   68   10
26   10  100  150  101   56   69   62   75   30  194  132  134  181  113    5  127   79   81  188   49  111  117  124   80  179   86  190  138   20   40   68   38   65  197  166   67  189  152  108   10   47   39  141  184  198  123   70  149  170   37   21
27   10  176   61   71  180    9   94   34   25   35  161   46   57  172   12  146  107  178  174  157  131    7  169  199   84   90   98   58    1   74  165  152   95   21  108   60   72  145   32   38  186  166  175  167  196   52   20  168   66  114  133
28   10  129   91  158   97   99    8    3   11   93   29   76  136   59   32  167  122  175   85   95   73   98  142    1  174  107  123   12   90   21   10  161   53   71  170   68  189  108  111  166   46  149   86  152  138  146   39   49   70    9   25
29   10    8  136   99   32   59   76  167  175   97   98   91  129    3   95   28  158  107    1  174   12   11   93   90  161  142   71   21  123  122   85   73   10   46    9  108   25   27  146   35   61  166   68  152  172   86  138  176   49  189   53
30   10   75  181  134   80   20  150   49   38  138   86  101   69  127  166   26  152  124  100  108   56  188   65   79   68  113  111   62  179  146  184   81  141  194   10   21   37   72  123  190  117   47   46  189  132   90   40   25    9    5  142
31   10   48   63  195  126  187  156  110  121   13  155   51  109   82    2   42   78  147  128  120  192   64  125   17   14   33   16   41  112   45   15   36  148  105   18  106  183  140  103  119   77  182  118    6   83   96  102   92   24  137  159
32   10  167  175  136   59   29   98    8   76   99  107   95  174   97   12    1  161    3   91  129   71   90   28  158   21   11   93  142  123   27   46   35    9   61   25  172  146  122   85  108  176   10  152  166   73  157   68  180  138   86   94
33   10  147   15    6   82   64  112  121   83  128  182   14  125  120    4   42  110  156  109   48  118  195    2   51   63   31  106   87   13   89   16  155  140  126  185  183  187  114  159  168  133  103   78   50   43   66   60   77  165  186  145
34   10   57  169    7  176   27  180   84   25    9   94   58   46  146   61   72   71  178  161   35   52   74  186  131  165  115   60   37  196  199   54  163  172  116  152   12  157   38  174  108   90  184   20   80  154  107  191  166  145  114  168
35   10   61  172  157  176   27  180   94  131   71  178  199  107   57  161   12   34    9  145   25  174   74   46  165   98   66    7  133   60  175  168   84  146  114   32  167    1   90   58  169   95   59  186   87  136  196   29   21   76  152  108
36   10   45  119   17   96  192   41  137   92  151   19  102  162   18  200  148   78  105  130   24  135  155   44   13  153   77   16  187    2  126  160  109  103   63  183  140  106   42  144  110  120   31   55  193  125   48  159   50  104   14  118
37   10   72  184  141  115   65  169  124  173  127  188   80   20   47   54  139  163   79   38  191  154   58  179   84  113    7  181  146   30   34   75   52  116  152  134   25   81   46  177    9  108  166   88  138  101   49  143   86  150   57  171
38   10   20   80  152  181  166  134  138  108   86   49   30   75  146  127   46   21  124   72   25  150   69    9   65  101   37   68   90  184  123  188   79  141   10   26  111  169  100  113   56    1  179   34  161  115  174   62   81  142   95   47
39   10   70  149  198   40  170  190  117   53  189  197   67  194  111    5  132   68   10   73   62   85  142   69  122  123   26   49  150   86  138  134  100  101  166   30  181   75   56   93   21  108   11  152    3   38   80   20   90  158   95    1
40   10  117  190   39  194  189  198   70  149  111  197  170   67    5  132   53   68   62   10   69   26  150   49  142   73   86  100  123  138  101  134   85   56   30   75  181  166  122  108   21   80   38  152   20   93  127   90   11  113    3  124
41   10  192   17  148   36   45  119  102   92   96  200  137  151   19   78   44  130  162  155   18   13  187  126  135  105    2   24   63   16  109   77  153   31  110  160   42   48  103  183  140  106  120  125  195  144   82   14  159   50  156   55
42   10  120  109  110  125    2   14   64   82   13  155   16  121  126   63  187  106   48   78  118  183   33  140  147  103  182   31  156   83  105  195   77  159  185   15   50   18    6  128  112   17   45  192   24   89  153    4   36   51  164   43
43   10   89  196  185  186  164  116   52  159   50  118  177   60  163   54   87  140  106   58  154   84  191  183  165  143    7   74  103  182   55  114  168   83   14  125  133   57  115   77  104  120  169  139   16  171   64  144    4   88  178   66
44   10  102  130  200  148   92   19  151  119  137   41   96  135   36  192   17   45  162   18   78   24  105  155  153   13  160  187  126   77   16    2   63  109  144  103  193   31  183  110  140   42   55   48  106  104  120   50  125  159  195   22
45   10   36   17  192  119   96   41   18  137   92   78  162  151   19  102  105  200  148   24  155   13   16   77  153  130    2  135  187  126   44  109  160  103  183   63  140  106   42  110  144  120  125   31   55  159   50   48  193   14  104  118
46   10   25    9  146  161  152   90   71   27   34  108   12  174   21   38    1  166  176  169   20  138   95   80   98   86  180   61  107   57   72   49   94  181  123  134    7   35   84   37   58   30   75  184  172   68   10   32  115  142  178  127
47   10  179  188   79   65  141   81  113  124  127  184  173   37   72  139  101  115   56   75   80  100   30   20  150   26  181   88   38  134  191   69  154   23  171   22   54  169  163   62   49  138  152  143  177   86  166  108  116  146   52   58
48   10   31  195   63  156  110  121  126  187   82   13   51  109  155   42    2  147   78  128   64  120  125   33   14  112   16   15  192   17   41   45  106  182    6   36  183  105  140   83  118  103   18   77  148  119  159   24    4   96  185   50
49   10   86  138  166  134  181  108  152   30   38   20   68   80   75  111   10   69  123   21  150  101  146   90   26  189  190  127  142  117  100   46  194  124   62   56    1   25   40    9  188   65   95   79  113   72  132  174   39   37  184  170
50   10  159  185  164  140  183  106  103  118   43   55   77  177  143   89   16  153  105  116  104  144   24  125  196  120   52   14  154  191  160  163  186   54   18  171  182  193    2   42  109   64   88   22   83   23  139   87   60   58  155   78
51   10  156  195  128  121   48   31  147  112   63   82  110   15   33  126  187   42   64   13  109  155    2  120   14  125    6   78   83  182   16    4  192   17  118  106   41  183  140   45  103  105   36   77   18  159  148  185   89   50  119   87
52   10  116  163   54   58  196   84  154  186    7  191   43  177  164  115  169  143   89   60  185  139   57   50  165   74   34  159   72  173   37   55   87  171   88  118   94  184  180  104  114  140  168  106   22  178  183   23  176  103  141  133
53   10  170  149   70   39  189  198   73   40  190  117   85  111  122   10  142   68  194   67  197  123    5   93  132   11    3   49   86   69  138   62   21  158  166  134  150   26  108  181   30   95   90   75    1  152  101  100   38   56   28   20
54   10  163  154  191  116   52  177  115   58  139  143   84    7  169  164  173  196   43  186   72   37   88  171  184   55   50   22  104  185   89   23   34  159  141   57   60  144  165   74  193  118   65  140  106  183   94  103   87  180   47  124
55   10  104  144  143  193  171  164  160  177  153   22   50   88   23   77  103  159   24  183  140  191  154  105  106  185  139  116   18  163   54   43   16   52  118  173  162   89  196  115   96  186   45  137  125    2  120  135   58   36   14  109
56   10  100   26  101  150   62   69  113   75   81   79  179  127   30  188  124  134  132  194  181   65    5   80   20   49   47   86  138  117  111   38  190  141   40  197  166   68  184   67  152  108  189   37   10   39   72  123  198   70  149  146
57   10   94  180   34  176    7   84  178   58   27   74  165   60  131   61  199  169  186  196   35    9   25  157   52  172  145  114  168   46  133   71   87  116   66   54  146  163  161   43   89   72  115   12   37  154  191  107  174  177  152  184
58   10   84    7   52  169  116   54  163  196   57   34  186  115   60  154  191   72   94   43  180   74  165  177   37  176   89  178   27   25  164    9  184  139   87   46  143  114  173  131  168  185  146  199   61  133  141   50  145  159   35   66
59   10  136  167  175   76   32   29   99    8   97   98  107   91  129   95   28  174   12    3    1  158  161   71   11   90   93   21  142   35  123   61   27  172  122   46    9   85   25  146  176   73  108   10  157  152  166  180   68   94  138   86
60   10  165   74  186   87  114  168  196  133   89  178  145   57   66    7   84  199   43  131   94   58  180   52  116  185   34  176  182    4   83  157  118  163   54  169  164   61   27  159   35   50  172  177  154  191    6  115  106  140   14  183
61   10   35  176  172   27  180   94  157  131   71  178   57  199  161   34  107    9   25   12   46   74  174  145  165    7   84   98   60  146   66   58  133  168  169  114   90    1  175   32  186  167   95  196   87   59   21  152  136   52  108   72
62   10   26  100  132   69  194   56  150    5  101  117  197  190   40   75  111   30   67  134  181   49  113   68   39  189   86  127  138   81   79   80  188  179  124  198   20   70  149   10  166   38  170   65   53  108  152  123   47  141  142   21
63   10  126  187   31   48   13  110  155  195  109    2   78  156   42  121   82  120  192   17  125   16   51   64  147   14   41   45   36   33  128  105   18  106  183  148  112  140   77  103   15  119  118   96   24  182   92  102  137   83  159  153
64   10   14  125  120   82   42   33  182  110   83  147  109  118  121    2    6   15  106   16  140    4  112  183   13  185   48  155  128  159   63  103  156   89  126  187   50  195   78   31   87   77   43  105   51  164  114  168   18  196  186  133
65   10  124  188  127  141   79  184  179   47  113   37   81   80   72   75   20   30  101  181   38  173  115  150  134   56  100   26   69  139  152  169  138   49   86  166  108  146  191  154   62   54  163   46   88   25   58    9   34   84    7  171
66   10  145  133  168  114  199   74  165   87  131  178   60  157    4   94  180  186   57   89   83  172  196  182   35   61    6  176    7   84   43   58   27   34   52  118  185   33   15  116   64   14  169  159  125   71  164  163   54  120   50  112
67   10  197    5  132   40  198  194   39  117   70  149  190   62  170  189   53  111   69   26  100  150   68   56  101   10   73   49   75  134   86   30  138  181  142   85  123  122  166   80   20  108  113   38  127   81  152   79   21  188  179  124
68   10   10  111  123   86  189   49  138  166  190  142  117  134  108   21  181   40   69  152   30  170  194   53   39   75   38  150   90   20   80  149   73   26   85   70   62  101    1  198   95  132  122  146  100    5  197   56   67    3   46  174
69   10  150   26  101  100   62   75   30   56  134  181  194   49  111   86  138  132  117  190   80   68   20    5  127  166   38   40  113  124   79  188  189   10  108  152  179   81  197   65   39   67  123   21  170  198   70  149  141   53   47  142
70   10  149  198   39  170   53   40  190  117  189   67  197  194  111    5  132   73   10   68   85  122  142   62   69  123   26   49   86  150  138   93  100  134   11  101  166   30  181   56   75   21    3  108  158  152   38   80   20   90   95    1
71   10  161   12   27  107  174    9   25   46   61   98  176   35    1   90  146   95  172  180   34   94   32   21  175  167   57  157  108  152   59  136   29  178  131  166  169  199  123    8   38    7   76   99   84  138   86   58   20   49  142   80
72   10   37  184  115  169  141   65   20  124   80   58   38  127   54  173  163   34   84    7  146  188  154  191  139   25  152   52   46    9   47   79  181  116   30   75  179  134  108  113  166   57  177  138   49   86   81   27  143  101  196  176
73   10   85  122   53   93  142   11  170  189    3   10  158  149   70   39  123   68  198  111  190   40  117   28  129   21   95   91    1    8   29   90  194   86   99   49  138  166   97   67  108  197   98  136   32  174   76    5  152  134  132   69
74   10  165   60  114  168   87  133  178  186  145  199   66  131  196   57   94  180   89    7   84   58   43  176  157   52   34   61  116    4  172   35   27   83  182  185  169  163   54  118  164  159    6   50  154  177    9  191   25  115   71   46
75   10   30  181  134  150   80  101   20   69  127   49   38  138   86   26  100  124   56  166  188   79  152   65  113  108   62  179   68  111   81  141  184  194   37  146   72   10   47  190  117   21  123  132  189   40    5   46   90   25    9  169
76   10   99  136   59    8   97   29  167  175   32   91  129   28   98  158    3  107   95  174   11   12    1   93  161   90   71  142  122   21   85  123   73   35   61   27  172   46    9   10   25  146  108  176  166   68  152  157   86  138  180   49
77   10  105  103   24  153   18  183   16  140  106   50  159  160   55  144  162    2   45   78  164  185  118  109  104   36  155   96  120  193  125   17   13   42  137  119  143   14  192  177   92  151   19   43  171  110  126   41  187   22  135   64
78   10  155   13   17    2  187  126  192   45  109   16   36   41   63   18  105  110   42  119   77   96   24  120   31  103   48  137   92  148  162  183  125  106  153  140  102  151   19   14   82  200   64  195  121  159  118  160   50  156  130  135
79   10  188  113  179  124  127   81   65   47  141  101   56   75  184  100  150   30   80   26   20   37  181  134   69   72   38   62  173   49  138  115   86  152  166  139  108  169  194  146  132  111   68  191  154    5   54  163   88  117   46  190
80   10   20   38  181   30  134   75  152  138   49   86  166  127  108  124  150   65  101  146  188   69   72  184   37   79  141   26  113  100  179   46   68   56   21   25    9  111   81  123  169   90   47   10   62  115  194   34  190    1  117  189
81   10  113  179   79  188   47  124  127   65   56  101  100  141   26  150   75  184   30   69   80   62  181   37   20  134  173   72   38   49  138  115   86  139  132  194  166  152    5  108  111  169   88  117   68  191  146  190  154   23   54  163
82   10  121   64  110  147   42   33  120   14  125  109   48  156   15    2  128  112   63  195  182   31   13   83  126    6  155  187   16  118   51  106   78    4  140  183  103  185  159  105   77   89   50   17  192   87   18   45   43   24   36  164
83   10  182    4    6   64   33   14   87  125  118   89   15  120  114  147   82  168  133  185   42  112  106   60   43   66  165  159  140  121  186   74  183  110  196  145   50  109  128    2   16  103  164  199  156  178   48   52   13  155  116   77
84   10    7   58  169   52   57   34  186  196  116   54  163   60   94  180  115   74  165   43  154   72  176  191  178   27   89   37  177   25    9   87  131  114  164  199  168   46   61  184  139  146  133  185  143  145  173   35   66   50  157   71
85   10  122   73   93   11  142    3   53  158  170   10  189  123  149   68   70   39   28  111  129   91  190  198   95   21   40  117    1    8   29   99   90   97   86   98  136   49  138  166   32  108   76  174  194  167   59  152  197  175   67   12
86   10  138   49  166  134  181  108  152   38   30   68   20   80   75  123   21   10  111   69  150  146   90  101   26  189  142  190   46  127  117  100    1  194   25  124   62    9   56   40   95   65  188   79  174   72  113  161   37  170   39  184
87   10  114  168   60  133  165   74   89   66  186  145  196    4   83  182   43  178  199  131  185  118    6   57   84    7   94   52   58  180  116  159   14   64  164   50  157  125  106   33  120  140  176  163  183   54   34   15   61  177  172   35
88   10  171   22   23  139  143  104  193  173  177  191   55  154  144  163   54  164  115  160  116   52  153   50  141  184   37  159   47   24   43   77  103   72  185  140  183   58   65  105  169  106  196   84   18    7  186  162  188  124  179  118
89   10   43  196  186  185   87  118   60  182  159  165  114   74   50  164   83  168   52  116  106  140  133  183    4   14   84  125   58    7  177  163  120  103   54   64   66  145  154   57  191  178    6  143  199   55   16   42  131   33   94   77
90   10    1   21   95  174   12  161  108  123   98  146   46  152  166    9   25   71  138   86  142  107   49   10   38   68   32   27   20   29  181  134  167    3   80  175  136    8   59   30   34  111  176   99   75   61  189  158   76   11   85   35
91   10  129   28   97  158   99    8   76    3   29   11  136   93   59  167   32  175  122   95   85   98   73    1  142  174  107   12  123   90   21  161   10   71   53   68  170  189  108  166   46  111    9  152  146   86  138   25   49  149   27   39
92   10  151   19  119  200  137   96  102   36  130  162   45  135   41  148   44   17  192   18   24   78  105  153  160   77  155   13   16  187  126    2  144  103  109  193  183   63  140   55  106  104   42  110   50  159   31  120  125   48   22   23
93   10   11  158  122    3   85   73   28  129   91  142    8   99   97   29   95  123  136   53   76   10  170   32    1   59  189  167   98   21   68  175   90  174  149  111   70   39   12  190  198   40  117  107  108  166   86  161  138   49  152   71
94   10  180   57  176  178   61  131   27   34  199   35   74  157  172  165    7   84   60   58  145    9   71   25  186  168  114  169  133   66  196   46  161   87   52  146   12  107  116   89  174   43   54   72  163  115   90   98   37    1  152  154
95   10    1   98  174   90   12   21   32  161   29  123  107  167    3  142  136    8  175   71   59   99  108   46   76   10  146    9  158  166   25  152   11   97   68   93  138   86   91  129   85   28   49   27  122   38   73  111  134   61  189   20
96   10  137  119   92  151   19  162   36   45  200  102  135   18   17  130   41  192  148   24  105   44  153   78  160   77   16  155   13  103  144    2  187  126  109  193  183  140   55  106  104   63   50   42  159  110  120  125   22  164  171   23
97   10   99    8   76   91  129  136   29   28   59  167  175   32  158    3   11   93   98   95  107    1  174   12  122   85  142   90  161   73   71   21  123   10   46   35    9  108   68   27   25   61  146  172  166   53  152  189  170   86  138  176
98   10  174   12   95    1   32  107  161  167  175   29   90   71  136   59    8   99   21   76    3   46    9   97   25  123   27  146  142  158  108   91  129   61   35  152   28   11  176  166   10  172   93  138   86   68   34   49   85  180   38  122
99   10    8   97   76   29  136   59  167   91  129   32  175   28  158    3   98   95   11   93  107    1  174   12   90  161  142  122   85   71   21  123   73   10   46    9  108   35   27   25  146   68   61  166  172  152   86  189  138  176   53   49
100   10   56   26  101  150   62   69   75  113   30   79   81  127  194  134  188  132  179  181  124    5   80   65   49   20   86  117  111  138  190   38   40   47  197   68  166  141   67  152  189  108  184   10   39   37  123   72  198   70  149  170
101   10  150  100   26   56   69   75   30   62  127  134  113  181   79  188  124   80  179   81   20   49   65  194   86  138   38  132  111  166    5  117   47   68  190  141  152  108  184   40   10  197   37  189   72   67  123   39  146   21  198  170
102   10  200   92  151   19  119  148  130   44  137   96   41   36   45  192   17  135  162   18   78   24  105  155  153   13  160  187  126   77   16    2  109   63  103  144  183  193  140   31  110   42  106   55   48  104  120   50  159  125   14  195
103   10  183  140  106   77  159   50   16  105  153   24  118  185  164   18   55    2  125  120  109  144  160   14   42  104   43   78  155  143   13   45  177   64   89  162  193  110   36  182   17   96  171  116  126  187  192  137   82   22  196  119
104   10  144   55  193  171   22  143   23   88  160  177  153  164  139  191  154   24   50   77  103  159  173  105  163   54  183  140  116   18  106  185  162   43   52  115   16  118   96  135  196  137   89   45  186   58   36  151  119   19   37  184
105   10   77   18   24  153   16  103  183  140   45  106  162  160   78   36    2   96   17  155   50  159  109  144  137   55  119   13  192   92   42  120  151  118   19  104  125   41  185  164  193  187  126  135   14  110  200  102  143   64  148   63
106   10  140  183  103  159  118   50  185   16   77  125  120   14  105  164    2   42  109  153   43   24   64   89   55   18  182  155  110   78   13  144   83  177  160  143   82  104  196  116   45  186  126   52  187   33  193  162   87   17  154   36
107   10   12   98  174   71  161   32  175  167    1   59   95  136   29   35   27   90   61   76  172    9    8   99   46  176   25   21  146   97  180  157   94    3   34  108  123  152   91  129   57  131  158  178  142   28  166  199   11  138   38   10
108   10  152  166  138   86   49   38   21  146   20  181  134   90   80  123   46   30   68   25   10    9   75    1   95  111  174  142  161   69   12  150  127   71   72  101   98  189  124   37   34   26   27  190  169   65  184  117  100  188  107  194
109   10    2   42  110   13  155  120   16  125   78  126  187   14   63   82   64   48  106  183  140  105  103  121   31   77  118   17   18  192   45  195  147  159   33  156   36   24  182   50  185  153   41   83  119   96   15  162  128  137  112    6
110   10   42  109   82    2   63   13   48  120  126  121  155  187  125   64   14   31  195  156   78  147   16   33  106  183  128  140  118   15  182  103  112   51   17  105   83  192   77   45    6   18  159  185   36   41   50   24    4  153   89  119
111   10   68  190  189  117   10   40  194   49   86   69   39  138  170  123   53  134  142  166  149  150   70  181   62  132   30  198   26   75    5  108  197  101   21   67  152  100   38   73   80   20   85   56  122   90    1  127   95  146  124    3
112   10   15  128  147   33    6  121   82  156   64   51   83    4  182  195   14  110   48   42  125  120   31   63  109    2  118  126  187   13  155   87  106   16   89  114  133  168  140  183   66  185   78  159  103  145   50   60   43  165   74   77
113   10  179   79   81  188  124  127   65   47   56  101  141  100   75  150   26   30  184   80   69  181   20  134   37   62   38   72  173   49  138   86  115  166  152  194  132  108  139    5  111  169   68  146  117  190  191  154   88   54   40  163
114   10  168  133   87  165   66   74  145   60  199  178  186  131   89    4  196   83  182   94   57   43  180  157    7   84    6   58  185  118   52  176  172   61  116   35   34   14  159   64   27   33  164   50  125  163   54   15  169  106  120  140
115   10   37   54   72  163  154  191  184  173  169  139  116   52  141   58  177   84    7  143   65   88   34  171  124   47  196  127  188  164   22  186   23   43   20   80   79   57   38  179  104  146   25   55    9  113   46  152   60   81  181   50
116   10   52  163   54  154  177  191   43  196   58  164  186   84  143    7  115  139  185   89  169   50  159   60   55  173  171   88   72  104   57  165   37   74  118   34   22  140   87  106   23  183  184  103  144   94  114  193  180  168  141   77
117   10  190   40  194  111   39  189  132   70  149  198  197    5  170   67   68   53   62   69   10   26  150   49   86  100  138  134  101  123  142   30   75  181   56   73  166   85  108  122   80   21   38   20  152  127   90  113  124   79  188   93
118   10  185  106  159  140  183   50   14  125   89  120  182  103   43   64  164   16   83   42   77  109  196    2   87  186  105   82  110    4   33   55  116   60  177   52  153    6   24  114  155  143   13  168  165   18  147   74   78  163   54  144
119   10   92   96  137   36  151   19  200  102   45   41  162   17  192  130  148  135   18   44   24   78  105  153  155   77  160   13   16  187  126    2  103  109  144  183   63  140  193  106   55   42  110  104   50   31  159  120  125   48   14  118
120   10  125   14   42   64  109  110   82    2  118   16  106  140  183  182   33  103   13  155   83  159  121  147  185   50   78  126  187   77   63   48  105    6   89   15    4   31  156   43  112   18  195  164   24  128  153   87   45   17  192   55
121   10   82  147  156   48  195  110  128   33  112   64   42   31   51   15   63  120   14  109  125  126  187    2   13  155    6  182   83   78   16    4  118  106  183  140  103   17  192  159  185  105   77   45   89   50   18   41   36   87   24   43
122   10   85   73   93   11    3  142  158   53  170   10  189  123   28  129   91  149   68   70   39   95  111    8  198  190   29   99   21    1   40   97  117   90  136   98   76   32   86   49  166   59  167  174  138  108  194  175   12  152  197   67
123   10   10  142   21   68   90  166  108   86  138   49    1   95  111  152  189  134   85  181   38  174    3   73  146  190  122   98   20  170   30   53  117   12   46   80   11  161   75   93   40   69   25    9   39  158   29  194  150   32  149   71
124   10  127   65  188   79  179  113  141  184   47   81   75   80   30   20   37  101  181  150   72  134   56   38  100   26   69   49  115  138  173   86  152  166  108   62  169  146  139   46   68   25  191   54  154  111  163  194    9   21   34   58
125   10  120   14   64   42  109  118   82  110    2  106  182   16  140  183   83   33  103  159  185   13  155  147  121   50   77   78   89  126    6  187   63  105   15   48    4   43  164  112   31  156   18  195  128   24   87  153   45   17  196   55
126   10  187   13   63  155   78   31    2  109  110   48   42  192   17  195   16   82   45   41  121  156  120   36  125   14   64  105   18  148  119   77  147  183  106  103   96   51  140   24   92  137   33  102  162  118  151  153  128   19  200  159
127   10  124  188   65   79  113  179   75  141   80   30   81  101  184   20   47  181  150  134   56   37   38  100   26   72   69   49  138   86  152  166   62  108  115  173  146  169   68  139  111  194   46   25    9  132   21   54  191  117   10  154
128   10  112  147   15  121   33  156   51   82  195    6   48   64  110   31   42   14   83   63  120  125  182    4  109  126  187    2   13  155  118   16   78  106  140  183   87   89  185  103  114  159  168  133   66   50  105   17  192   77   43  145
129   10   91   28   97  158   99    8    3   76   29   11  136   93   59  167   32  175  122   95   85   98   73  142    1  174  107   12  123   90   21  161   10   71   53   68  170  189  108  166   46  111    9  152  146   86  138   25   49  149   27   39
130   10  200   19  151  102   44   92  135  137  119   96  148  162   36   41   45   17  192   18   24  160  105  153   78   77  155   13  144   16  187  193  126    2  103  109   55  104  183   63  140  106   22   42  110   23   50   31  159  171  120   48
131   10  199  178  157  145   94  180  172   74   66   61   35  165  133  176   57  168  114   60   27   87   34  186    7   84  196   58   71   89    9   25  161  169    4  107   52   46   43   12  116   83  182  174  146   54  163  185   98    6   72  118
132   10    5  194  197   62   67  117   40  190   26   69  100   39  150  111   56  198   70  101  149  189  170   68   75   53   30  134   49  181   10   86  138  113  166   80  127   81   79   20  123  188  179   38  124  142  108  152   73   65   85   21
133   10  168  114   66  145   87  165   74   60  199  178  131    4  186   89  196   83  157   94  182   57  180    6   43    7  172   84  176   61   35   58  118  185   52   34  116   27   33   14   64   15  159  125  164   50  169  163  120   54  106  140
134   10  181   30   75   49  138   86   80   20   38  166  150   69  152  108  101   68  127   26  111  100  124   56   10   21  146  123  188   62   65   79  113  194  190  117  179  189   90   46  184   72   37  141   81   25   40  142    9  132    1    5
135   10   19  151  137  162  130   92  200   96  119  102   36   44   45   18  160   24  148   41  153   17  192  105  144  193   77   78  104   55   16  103  155   22   13   23  183    2  171  140  106  187  126  109   88   50  143  159  164   63   42  177
136   10   59   29   76  167   99    8   32  175   97   98   91  129  107   28   95    3  158  174   12    1   11  161   90   93   71   21  142  123  122   85   35   46   27    9   61   73   25  172   10  146  108  176  166  152   68  157  138   86   49  180
137   10   96  151   19   92  119  162  200   36  135  102   45  130   18   41   17  192  148   44   24  105  153  160   78   77   16  155  144   13  103    2  193  187  126  109  183   55  140  104  106   63   50  159   42  110   22  120   23  171  125  164
138   10   86   49  166  134  108  181  152   38   30   20   80   68   75   21  123   10  111   69  150  146   90  101   26   46  142  127  189  190   25    1  100  117  124    9  194   62   56   95   65   40  188   72   79  174   37  161  113  184   12  132
139   10  173  191  154   88  171  143  177  115   54  163   22   23  116  104  184   37  141   52   55   72  164  193  144   47  169   58   65   84   43    7   50  124  188  196  160  179  159   79  127  186  185  113  153   81  103   34  140   89  183   77
140   10  183  106  103  159   50  118  185   16   77  105  164  125  120   14  153    2   24   55  109   42   43   18   89   64  182  144  155  160   78  143  177  104   13  110   83  116  196   82   45  186  193   52  162  126  187  154  191  171   17   36
141   10  184   65   37  124   47  188  127   79   72  179  173  113  115   81  139   80   20   75   30  169   38  181  191  154  101   54  163  134  150   56   88  100  152   26   58  171  177  146  138   69   49  116   23   52  166   86   22  143   84  108
142   10  123   10   85   68   73  122   21  189    3   95  111   11    1   93   90   53  170   86  166  158  108  138   49  190  117  152   98   39  174   40  149   29   70  134    8   12  181  198   32   28   99   38  129   91  146  136  161  194   30   69
143   10  177  171   55  104  191  154   88  164   22  139   23  163   54  144  116  193   50  173   52  159   43  115  160  185  153  103  140  183   77  106  196   24   58  186  118   89  105   84   37    7  169  184   72   18  141   16   60  162   47   65
144   10  104  193   55  160  153   22  171   23  143   24   88   77  105  164  103  177   50   18  162  159  183  140  139  191  154  106   16  185   96  135  163  137  116   54  173   43   45  118   36  151  119   19   52   92  115   78    2   17  200   89
145   10   66  133  199  168  114  131  178   74  165   87   60  157   94  180   57  172    4  186   61   35  176  196   89   83    7   84  182   27   58   34    6   43   52  185  116  118   71  169    9   33   25   15  163   54   14   64  159  164  161   46
146   10   46   25    9  152  108   38   90  166   21   20  161   80  138   34   86   71   27   49    1  174   12  181  169  134   72   30  123   95  176   37   75   98   57  107   68  180  184    7   10   61   94   84   58  127  124   65  115  142   35  141
147   10   33  121   15  112   82  128   64  156    6  110   14   42  120  195   48  125   83   51  182  109    4   31   63    2  126   13  187  118  155   16  106   78  140  183   89  185   87  103  159  114   50  168  133   77  105   43   66   17  192   60
148   10   41  102   44  200   92  119  192   36   17  151   19  130   45   96  137  162   78  135   18  155  187  126   13  105   24   63    2   16  153  109   77   31  160  110   48  103   42  183  140  106  144  195  120  125  193   55   82   14  156  159
149   10   70  198   39  170   53   40  189  190  117   67  197  111  194    5   73  132   10   68   85  122  142   62  123   69   26   49   86  150   93  138   11  134  100  166  101  181   30   21   75   56    3  108  158  152   38   80   20   90   95    1
150   10  101   69   26  100   75   56   30   62  134  181  127   80   49  194   86   20  138  113  124   79  188  111   38  132  179   81  166  117   68   65  190    5  152  108   40   10  189  141   47  197  184  123   67   39   37   21  146   72  170  198
151   10   19   92  137  200  119   96  102  130  135  162   36   45   44  148   41   17  192   18   24  105  153  160   78   77  155   16   13  144  187    2  103  126  193  109  183   55  104  140  106   63   42   50  159  110   22   23  120  171   31  125
152   10  108  166   38  138   86  146   20   49   80  181  134   21   46   30   90   25    9   75  123   68    1   10  161   72  127   69  150  174  111   95  124   12   37  142  101  169   71   34  184   65   27   26  188   98  141  189   79  100  190   56
153   10   24   77  160  105   18  144  103   55  162  104  193  183   16  140   50  106   96   45  159  137   36  164  119  143  135  151  171   78   19   22   92   17    2  185   23  192  177   88  118  155  109  200   13   41  102  120  125   42  130   43
154   10  191  163   54  177  116  139  143  115   52  173   88  171  164   58   22   55  104   43   23   84  169   37  196    7   72  184   50  186  185  144  159  141  193   89  140   34  103   60  183   65  106   57  118   47  160  153   77  165   74  124
155   10   13   78    2  126  187  109   63  110   16   42   17  192   45   48   31  120  105   36  125   18   41   82   77   14  103  183  106   64  140  121   24  195  119   96  156  153  148  137  162   92  118  102  159  151  147   19   50  200   33  185
156   10  195  121   51   48   31  128   63  147   82  110  112  126  187   33   42   15  109   13   64  155    2  120  125   14   78    6   16  182   83  192   17  118    4  106  183  140   41   45  103  105   36   77   18  159  185  148   50  119   24   89
157   10  172  131   35  199   61  178   94  180  176  145   66   27   57   74  133  165  168  114   71   60   34  107  161   87    7    9   12   84   25  186   58   46  174  196   98  169  175  146   89  167    4   32   52    1   90   59   43   95  116  136
158   10   11    3   93   28  129   91    8   99   97  122   29   85  136   76   73  142   32   59   95  167  175   98    1  123  174   10   90   21   12   53  107  170  189   68  161  111  108   71  166  149   39   86   70  138  190   49  152  198   46  117
159   10   50  185  140  106  183  103  118  164   43   77   89   55   16  125  105  177  120   14  153  143  116   24  196  144  104  182   52  186   42    2   64   18  109  154  191  160  163   54   83  171  193   87   60   88  155   22  110   78   13   82
160   10  144  153   24  193  104   55  162   18   77  105   22  103  171   23   96  137  135  143   88  183   50  140   45  151   16   19  164  119   36  159  106   92  177  200   17  185   78  130  139  102  191  192  154    2   41  118  155  109   43  116
161   10   71   12  174  107   98    9   46   90    1   25   27   95  146   21  176   61   32   35  167   34  175  108  152  180  172   94   29   59  136  166  123   57   38    8  138  157   86   99   76  169   49  142   20  178    3  131   10   80    7  181
162   10   96  137  151   18   19  119  135   92   24   36   45  153  200  160  105  102  130   17   77  192   41  144  148   78   44   16  193  103   55  104  155  183    2   13  140  106  109   50  187  159  126   22   23  171  143  164   42   88  120  185
163   10   54  154  191  116   52  177  115   58  139  143   84    7  164  169  196  173   43  186   72   37   88  171  184   55   50  185  104   22   89   23  159   34  141   60   57  144  165   74  193  118  140   65  106  183  103   87   94  180   47  124
164   10   50  159  177  185   43  143   55  116  140  183  154  106   52  103  191  163   54  118  104   89  196  144   77  171  186   88  153  139   22  193  105   24  160   16   23   58   84  115    7   60  125  173   14  120   18   87  182  165   74  169
165   10   74   60  114  168   87  133  186  178  145  196   66  199  131   57   94   89  180    7   84   58   43   52  176  157   34    4  116   61   83  182  185  172   35   27  169  118  163   54  164  159    6   50  154  177  191    9  115   25  106   14
166   10  108  138   86  152   49   38  134  181   20   21   80   30   68  123  146   75   90   10   46  111   69   25    1  150    9  142  101   95  127  189  174   26  161  124  190   12   72  117  100   65  194   37  188   56   98   71   62  184   40   79
167   10  175   32   59  136   29   76    8   99   98  107   97  174   95   12    1   91  129  161    3   28   71  158   90   11   21   93   35  142   27   61  123  172   46    9   25  146  176  122   85  108   10  157  152   73  166  180   94   68   34  138
168   10  114  133   87   66  165  145   74   60  199  178  131  186    4   89  196   83  182   94   57  180  157   43    7    6   84   58  176  185  118   52  172   61   35  116   34   14   27   64  159   33  164   50  125   15  163   54  169  106  120  140
169   10   58   72    7   84   34  115   37   54  163   52   57  184   25  116    9   46  146  154  191  180   94   27  176  196  186  141   38   20  173  139   80  177  152   65   60   74  124  165   43  108  127  178   61   71  161  181  143  166  188  164
170   10   53  149   39   70  189  198   40  190  117   73  111   85   10   68  122  142  194   67  197  123    5  132   93   11   69   49   86   62  138    3   21  166  134  150   26  108  158  181   30   75  100  101  152   90   95    1   56   38   20   80
171   10   88   22   23  104  143  193  139   55  144  177  191  154  173  160  164  163   54  116  115  153   50   52  159   24   77  103   43  185  140  183  141  184   37  105  106   47   18   72   58  196  162  169   84  118  186   65    7   16   89  135
172   10   35  157   61  131  176  199  180  178   94   27   71   57  107  145  161   34   12   66   74  165    9  133   25  174  168  114   60   46   98    7  175   84  167   32   87   58  146  186    1   59   90  169   95  196  136   29   76   21   52   89
173   10  139  115  191   88  154  141  184  171   37   54  163   23   22  143  177   47   72   65  116  104   52  124  188  169  179   79   55  127  193   58  164  113  144   81   84    7   43   80   20  196   50  186  160   34   38   75  159   30  185  181
174   10   12   98  161    1   95   90  107   71   32   21   46    9  167   25  175   29  146   27  136   59  123  108    8  152   99   61   76  176  166   35    3  142   34  138   97   86   10  172   38   49  180  158   94   68   91  129   11   20   57   28
175   10  167   59   32  136   76   29   99    8   98  107   97   12  174   95    1   91  129  161   71    3   28  158   90   11   35   21   61   27  172   93    9  142   46  123   25  176  146  157  122   85  108  180   10  152  166   94   73   34   68  138
176   10  180   27   94   61   57   35   34  178  172   71  131    9  157   25  199  161   46    7   84   74   58   12  165  169  146  107   60  174  145  186  168   66  114  133  196   90   98    1   52   72   87  152   95  108   21  116  115   54   38  163
177   10  143  154  191  163   54  116  164  139   52   55  171   88  104   43   50   22  115  173   23  159  185  144  196   58  193  186   84  140  103    7   89  183  106  169  160  118  153   77   37   72  184   24   60  141  105   16  165   57   74   34
178   10  131  199   94  180   74  145  165  157   57  176   61   66   60  133  168  172  114   35   27   87   34    7  186   84  196   58   71   89  169    9   52   25   43  161   46    4  116  107   12   83   54  163  146  182  185  174   72  115  118  154
179   10  113   79   81  188   47  124   65  127  141   56  101  184  100   75  150   26   30   80   37   20  181   69  134   72  173   38   62  115   49  138  139   86  152  166  108  194  169  132  191   88  146  154  111    5   54  163   68   23  171  117
180   10   94  176   57  178   61   27  131   34   35  199  172  157   74    7  165   84   60   58   71    9   25  145  169  186   46  168  114  161  133   66  196   87  146   12   52  107  174  116   89   72   54   43  163   90   98  115    1  152   37  108
181   10  134   30   80   75   20   49   38  138   86  166  152  108  150   69  101  127  124   26   68  100  111  146  188   65   56   21   79   10  123  113   62  184   72  179   37   46  141  194   90  190  117   25   81  189    9  142   47   40  132    1
182   10   83    4   64   14    6  118  125   33  120   89   87  185   82   15   42  147  114  106  168   43  159  140  133  183   60  112   50  110  186  196  165  109  121   74   66  103   16    2  164  145  128   77   13  155   52  116   48  156  105   63
183   10  140  106  103  159   50   16   77  118  185  105  125  120  164  153   14   24    2  109   55   42   18   43   64   89  144  155   78  160  182   13  104  143  110  177   45   83   82  116  196  162  193  126  187   17   36  186   52  171  154  191
184   10   37  141   72   65  124  115  127  188  173   47   79  179  169   80   20  113  139   38   54   81  191  163  154   75   30  181  134   58  152  146  101   84   52    7  116   34   88  177  150  138  166  108   25   49   46   86   56    9  143  171
185   10  159   50  118   43  164  106  140   89  183  103  196  186  116  125   14  182  177  120   52   77   55   16  143   87   83   64   60  163   54  105  154  191   42  153  104  165  144   24    2  109  114   74   58   84  168    4    7   18  171  160
186   10  196   60   43   89  165   74   52   84    7   58   87  116  114  168   57  185  163   54  133  164  178   94  180  177  118  154  169  159   34  145   50  191   66  199  131  182  115   83  176  143  106  140    4  183   27   72   61  103  139   55
187   10  126   13   63  155   78   31    2  109  110   48  192   42   17  195   16   41   45   82  156  121  120   36  125  105   14   64   18  148  119   77  147  183  103   96  106  140   51   24   92  137  102   33  162  151   19  118  153  200  128  159
188   10   79  124  179  127  113   65   81   47  141  184  101   75   56   30   80  150  100   37   20  181   26  134   72   38   69  173  115   49   62  138   86  152  166  139  108  169  146  194  191  154  111   68   54  132  163   46   88   25    5    9
189   10  190  111  170  117   40   53   39   10   68  149   70  198  194  142  123   73   85  197   49   86   67  132   69  122  138    5  166   62  134   21  150  181  108   26   30   75  152  101   93  100   11   38   90    3   20   80   56    1   95  158
190   10  117   40  189  111   39  194  170  149   70  198   68   53  132  197    5   10   67   69   62   26   49  150   86  123  142  138  134  100  101   73   30  181   75  166   85   56  108  122   21  152   80   38   20   90  127   93   11    1    3   95
191   10  154  163   54  177  139  116  143  115   52  173   88  171  164   22   58   55  104   23   43   84   37  169  196   72    7  184   50  186  144  141  185  159  193   89  140  103   34   65  183   47   60  106  160  118   57  153   77  124  165   74
192   10   17   41   45   36   78  119  148   96   92  102  155  137   13  187  151  126   19  200   18  162    2  105   44  130   16  109   63   24   77  135  153  110   31   42   48  103  183  160  140  120  106  125  195   14   82  144  159   64  121  156
193   10  144  104   22   23  160  171   55   88  143  153   24  177   77  139  164  162  105   18  191  154   50  103  173  159  183  135  140  163   54  106   96  137  116  185   16  151   19   45   43   52  119  115   36   92  118  200  130   17   78  102
194   10  132  117    5   40  190   62  197  111   69   67   39   26  189  150  100  198   70  149   68  101   56  170   53   75   10  134   49   30   86  181  138  166  123   80   20  142   38  108  127  152  113   73   79  124  188   81   21  179   85   65
195   10  156   48   31   51  121   63  110   82  126  187  128  147   13   42  109  155  112    2   33   64   15  120   78  125   14   16  192   17    6  182   83   41   45  106  118  183   36  140  105  103    4   18   77  148  119  159  185   24   96   50
196   10  186   43   52   60   89  116   84   58  165    7   74   87  185  163   54  164  114   57  168  177  154  159  191   50  118  133  169  178   94   34  180  115  145  143  182   66  199  131  106  140   83  183  176    4   55  139  103   72   14   27
197   10   67    5  132  194   40  117  198   39  190   70  149   62  170  189  111   53   69   26  100  150   68   56  101   10   75   49  134   30   86  138   73  181  142  123   85  166  122   80   20  113  108   38  127   81   79  152   21  188  124  179
198   10   70  149   39  170   40   53   67  117  190  197  189  194    5  111  132   73   68   10   85   62  122  142   69  123   26  150   49   86  100  138  134  101   93   56  166   30   11  181   75   21  108    3  152   38   80  158   20   90   95    1
199   10  131  178  145  157   66   74   94  133  165  180  168  172  114   61   35   57   60  176   87   27  186   34    7   84  196   58   89   71    4    9   52   43   25  169  161   83  107   46  182  116   12    6  163   54  185  146  174  118   98  115
200   10  102   92   19  151  130  119  137   44   96  135  148   36   41  162   45   17  192   18   24   78  105  153  160   77  155   13   16  187  126    2  144  103  109  193   63  183   55  140  104  106   42  110   31   50  159  120   48   22  125   23
    2    1    2    3    1    2    2    2    3    2    2    3    3    2    3    1    1    3    2    3    1    2    3    3    3    2    1    1    3    2    2    3    1    1    1    1    3    1    1    3    1    2    2    3    2    1    2    2    2    2    3    2    1    1    2    1    3    2    3    1    3    3    1    3    3    3    2    2    1    3    1    1    1    2    1    1    3    1    2    3    2    3    1    2    1    3    3    2    2    3    2    2    1    3    1    1    1    2    2    1    3    2    2    1    1    1    3    3    1    1    2    1    1    1    2    3    2    3    1    2    3    2    3    3    1    3    3    2    1    1    2    1    3    1    3    2    3    3    3    2    1    2    1    3    1    3    2    3    3    1    3    2    2    1    2    2    1    1    1    2    2    3    1    1    3    2    2    2    1    3    1    1    2    3    3    2    3    1    2    3    1    1    1    3    1    1    3    1    1    2    3    3    1    2    3    2    3    1    3    3


1
2
3
4
5
6
7
8
9
10
11
12
13
14
15
16
17
18
19
20
21
22
23
24
25
26
27
28
29
30
31
32
33
34
35
36
37
38
39
40
41
42
43
44
45
46
47
48
49
50
51
52
53
54
55
56
57
58
59
60
61
62
63
64
65
66
67
68
69
70
71
72
73
74
75
76
77
78
79
80
81
82
83
84
85
86
87
88
89
90
91
92
93
94
95
96
97
98
99
100
101
102
103
104
105
106
107
108
109
110
111
112
113
114
115
116
117
118
119
120
121
122
123
124
125
126
127
128
129
130
131
132
133
134
135
136
137
138
139
140
141
142
143
144
145
146
147
148
149
150
151
152
153
154
155
156
157
158
159
160
161
162
163
164
165
166
167
168
169
170
171
172
173
174
175
176
177
178
179
180
181
182
183
184
185
186
187
188
189
190
191
192
193
194
195
196
197
198
199
200
-1
