100


1 1357 1905
2 2650 802
3 1774 107
4 1307 964
5 3806 746
6 2687 1353
7 43 1957
8 3092 1668
9 185 1542
10 834 629
11 40 462
12 1183 1391
13 2048 1628
14 1097 643
15 1838 1732
16 234 1118
17 3314 1881
18 737 1285
19 779 777
20 2312 1949
21 2576 189
22 3078 1541
23 2781 478
24 705 1812
25 3409 1917
26 323 1714
27 1660 1556
28 3729 1188
29 693 1383
30 2361 640
31 2433 1538
32 554 1825
33 913 317
34 3586 1909
35 2636 727
36 1000 457
37 482 1337
38 3704 1082
39 3635 1174
40 1362 1526
41 2049 417
42 2552 1909
43 3939 640
44 219 898
45 812 351
46 901 1552
47 2513 1572
48 242 584
49 826 1226
50 3278 799
51 86 1065
52 14 454
53 1327 1893
54 2773 1286
55 2469 1838
56 3835 963
57 1031 428
58 3853 1712
59 1868 197
60 1544 863
61 457 1607
62 3174 1064
63 192 1004
64 2318 1925
65 2232 1374
66 396 828
67 2365 1649
68 2499 658
69 1410 307
70 2990 214
71 3646 1018
72 3394 1028
73 1779 90
74 1058 372
75 2933 1459
76 3099 173
77 2178 978
78 138 1610
79 2082 1753
80 2302 1127
81 805 272
82 22 1617
83 3213 1085
84 99 536
85 1533 1780
86 3564 676
87 29 6
88 3808 1375
89 2221 291
90 3499 1885
91 3124 408
92 781 671
93 1027 1041
94 3249 378
95 3297 491
96 213 220
97 721 186
98 3736 1542
99 868 731
100 960 303



1   10   53   85   40   27   15   12   46   24   79   13   32   29   49   18   93    4   61   20   64   65   67   37   26   60   55   31   42   47   80    9   77   78   19   99   14    7   92   82   16   10    6   66   63   36   57   44   51   54   74   69
2   10   35   68   30   23   80   54   77    6   62   91   21   50   83   89   70   65   41   75   95   94   31   76   72   47   22   67   86    8   59   71   13   55   39   38   60   79   42    3   73   28    5   64   20   56   15   27   17   88   43   98
3   10   73   59   41   69   89   74   60   30   21   57  100   36   14   33   68   77    4   81   45   97   35   23   10   99    2   92   80   93   19   70   76   65   91   12   27   49   40   94    6   54   13   66   96   18   95   31   48   15   47   67
4   10   60   93   14   12   99   49   19   40   10   36   92   57   74   18   69   27   46   29  100   33   45   85   81   77   37   66   41   53   15    1   59   97    3   73   13   80   65   24   61   16   44   30   79   63   48   89   32   51   68   26
5   10   43   56   86   71   38   28   39   72   50   95   88   94   83   62   91   98   76   58   70   23   22   75    2   54    8   35   90   34   25   17    6   68   21   30   47   80   31   77   89   65   67   42   55   41   64   20   13   79   59    3
6   10   54   75   47   31   22   67   80   65    8   55    2   62   42   83   35   77   64   13   20   68   79   72   30   50   17   23   25   15   39   90   71   91   27   38   28   95   34   98   86   88   94   41   89   21   70   56   58   85   60   76
7   10   82   78   26    9   32   61   24   37   16   29   51   46   63   18   49   44   66   12   53    1   93   48   40   19   84   99   92   11   85   52   10    4   27   14   96   36   45   15   57   81   33   60   74  100   97   87   13   79   69   65
8   10   22   75   17   25   90   54    6   34   47   42   83   62   55   98   31   72   67   39   58   88   28   64   20   38   71   50   65   80    2   79   56   13   35   86   77    5   68   95   23   15   91   30   94   43   27   70   76   85   21   41
9   10   78   82   26   61   37   16    7   32   51   29   63   24   18   44   49   46   66   48   19   93   12   84   92   99   11   52   10   40   53    1    4   14   96   45   36   85   57   81   33   97   74  100   27   60   87   15   69   13   79   65
10   10   92   99   19   36   14   45   57   33   74  100   81   93   97   66    4   48   49   69   18   44   84   63   96   60   29   16   37   11   12   52   51   46   87   40   61    3   73    9   59   24   26   78   32   41   27   82   85   53    1   77
11   10   52   84   48   96   87   44   66   63   51   16   97   92   45   81   19   10   99   33  100   36   37   57   74   14   18    9   49   29   93   78   82   61   26    4   69   46   32   12    7   24   60   40    3   73   59   53    1   27   85   41
12   10   40   46   93   49    4   18   29   27   53   85    1   24   60   37   99   19   15   14   61   32   92   10   13   26   36   66   79   57   16    9   74   65   63   78   77   44   45   33   69  100   51   80   81   82   67   48   64   31   20    7
13   10   79   15   65   67   27   31   64   20   47   55   85   80   42   77   40    6    1   53   54   12   75   60    4    2   22   30    8   68   35   46   93   41   62   83   49   17   89   18   24   23   14   29   25   59   69   90   72   99   50   32
14   10   36   57   99   10   74   92   19  100   33    4   93   45   69   81   60   97   49   66   18   12   29   48    3   73   59   44   40   37   46   63   41   96   16   84   11   27   51   52   77   61   89   85   24   87   30   53    9    1   80   32
15   10   13   79   27   85    1   64   40   20   65   67   53   31   55   47   42   12   80   77   60    6    4   46   54   93   75   49   24   18   29   30    2   22    8   68   35   32   14   41   61   99   37   19   17   69   89   10   62   92   26   83
16   10   63   51   44   37   66    9   78   18   29   48   61   82   84   49   26   19   11   52   92   99   10   32   46   93   24    7   96   45   14   12   36   81   33   97   57    4  100   74   87   40   60   53    1   69   85   27   15    3   73   59
17   10   25   90   34    8   22   98   58   75   88   42   39   83   54   28    6   62   55   72   47   38   71   31   67   64   20   56   50   65   86    5   79   80    2   13   35   43   95   77   68   15   91   23   94   30   27   70   76   85   21   89
18   10   49   29   37   46   93   61   12   19   24   16   99   32   66   26    9   63   92   44    4   10   40   78   51   14   82   53   48   36    1   57   60   45   85   27    7   74   33   84  100   81   11   97   52   96   69   15   13   79   87   77
19   10   99   92   10   14   93   66   36   45   57   49   33   74   81  100   18    4   48   44   97   29   63   37   16   84   12   51   60   46   69   96   11   52   61   40    9   24   26   78   32   87   82   27    3   73   59   53   85    1   41    7
20   10   64   55   42   79   67   13   47   31   15   65    6   27   75   85   54   80    8   22    1   77   53   17   40   25   90    2   62   83   12   35   34   68   30   60    4   72   46   98   50   39   23   41   58   93   88   28   24   71   38   49
21   10   23   89   70   68   30   76   35   41   91    2   94   59   95   73    3   77   50   80   62   83   86   54    6   72   69   60   65   75    5   71   31   47   43   38   22   39   67   56    4   28   74   13   14   57    8   36  100   79   27   55
22   10    8   75   54   17    6   83   62   25   90   47   72   34   42   31   98   39   55   67   28   88   50   71   38   58   64    2   65   20   80   35   56   86   79   13   68   77   95    5   23   91   30   94   43   15   70   76   27   21   89   41
23   10   35   68   70    2   91   21   76   30   94   95   89   50   62   41   83   77   80   86   54   72    6   59   75   71   65    5    3   73   39   38   22   31   47   56   43   28    8   67   60   88   13   69   55   98   42   79   17   64   20    4
24   10   32   61   46   26   29   37   18    9   49   78   53   12    1    7   82   40   85   93   16   63   51   27   66   44   19    4   99   15   92   10   14   60   48   13   79   36   84   57   45   74   11   33   52  100   81   65   20   64   97   69
25   10   90   17   34    8   58   98   22   75   88   39   28   83   42   62   38   72   54    6   71   55   47   56   31   67   64   20   50    5   86   65   79    2   80   43   13   35   95   91   94   77   68   23   15   30   70   76   27   85   21   89
26   10   61   78    9   32   82    7   24   37   29   18   46   16   51   49   63   44   66   12   93   53   19    1   40   99   48   92   84   10   85    4   11   52   14   27   36   45   57   60   96   15   33   81   74  100   97   13   87   79   69   65
27   10   15   85   40   13    1   79   53   12   65    4   60   67   64   46   20   80   31   77   93   47   55   49   42   18   29   24    6   14   32   99   54   30   19   37   41   61   68   10    2   92   69   75   35   36   57   74   26   59   89   22
28   10   39   38   71   88   56   98   72    5   83   86   58   62   43   50   90   34   22   25    8   17   95   75   94   54   91    6    2   23   35   76   70   47   68   31   42   55   80   67   30   65   21   77   64   20   13   79   89   41   15   27
29   10   18   49   37   46   61   24   32   93   12   26   16    9   78   19   63   66   99   44   40   51   82   92    4   10   53   14    1    7   48   85   36   27   60   57   84   45   74   33  100   81   11   52   15   97   96   69   13   79   87   65
30   10   68   35    2   89   41   77   23   80   21   59   65   70   54    6    3   91   73   60   76   31   62   94   50   47   95   83   75   69   67   13    4   72   79   22   27   55   86   15    8   14   42   64   20   74   40   71   57   36   39   93
31   10   47   67   65   55    6   42   13   64   79   54   20   80   75   77   15   22    8    2   27   35   62   68   30   83   85   17   25   40   72   23   60   90   50    1   53   41   34   39   12    4   89   98   71   91   28   38   21   95   88   94
32   10   24   61   26   46   29    9   78   37    7   18   82   49   12   53   16    1   40   51   63   93   85   44   66   19   99   27    4   92   10   48   15   14   84   60   36   11   52   57   45   13   79   74   33   81  100   96   97   65   69   20
33   10  100   45   81   74   57   36   97   10   14   92   99   19   69   96   48   66   93    4   60   84   11    3   73   44   52   49   87   59   18   63   16   29   37   12   51   41   46   40   89   61    9   77   27   30   78   24   26   32   82   85
34   10   90   25   17   58   98    8   88   22   28   39   75   38   71   72   83   62   56   54   42    6   55   47   50    5   31   86   67   64   20   43   95    2   65   80   79   35   13   94   91   23   68   77   15   30   70   76   27   21   85   89
35   10    2   68   23   30   80   77   21   54   91   89   70    6   62   50   41   83   95   94   76   65   75   72   31   47   22   86   59   67    8   71    3   73   13   39   60   55   38   79    5   42   28   56   64   20   27   15   69   43   17   88
36   10   57   74  100   33   14   45   10   81   99   92   19   97   69   93    4   60   66   48   49   96    3   73   18   44   84   59   12   11   29   63   52   16   37   41   87   51   46   40   89   61   27   77    9   30   24   85   26   32   78   80
37   10   29   18   61   16    9   49   26   78   63   46   51   32   44   66   24   82   93   19   12   99   92    7   48   10   84   40    4   14   11   52   53   36   45    1   57   33   81   74  100   85   96   60   97   27   69   87   15   13   79   77
38   10   71   28   39   56   88   72    5   86   98   83   43   50   62   58   95   22   90   34   94    8   75   25   17   91   54    6    2   76   23   70   35   68   47   31   80   30   42   21   55   67   65   77   64   20   89   13   79   41   15   59
39   10   28   38   71   88   72   56   98   83    5   62   86   50   58   43   22   90    8   34   75   95   17   25   54   94   91    6    2   35   23   76   70   47   68   31   42   80   55   67   30   65   21   77   64   20   13   79   89   41   15   27
40   10   12   27   85   53    1   46   15    4   93   49   18   29   60   13   24   79   32   65   37   61   14   99   19   77   67   80   92   64   20   10   26   31   36   57   55   47    9   66   74   16   69   78   42   63  100   33   45   44   41   30
41   10   89   59   30    3   73   68   21   77   69   35   60    2   23   80    4   70   65   14   74   57   36   91   76  100   54    6   33   31   93   94   27   13   99   10   45   47   95   81   67   50   92   62   12   40   19   15   79   83   97   75
42   10   55   64   20   67   47   31   79    6   13   75    8   65   22   54   15   17   80   25   90   27   77   85   34   62   83    2   35    1   72   53   98   40   68   30   39   58   50   88   28   71   38   23   60   12    4   41   56   86   95   91
43   10    5   56   86   71   38   28   39   95   72   50   94   88   91   83   62   98   76   70   58   23   22   75    2   35   34   90    8   54   25   17   21   68    6   30   47   80   89   31   77   65   67   42   55   41   64   20   59   13   79   73
44   10   63   66   51   16   48   84   11   52   37   19   92    9   18   99   10   96   29   49   78   82   61   45   93   26   81   97   36   33   87   14   57   46  100   32   74   24    7   12    4   40   60   69   53    1   85   27    3   73   59   15
45   10   81   33  100   97   36   57   74   10   92   99   14   19   69   96   48   66   93   84   11    4   52   44   87   49   60   63   18   16    3   73   51   29   37   59   12   46   41   40   61    9   89   78   26   24   27   82   32   77   30   85
46   10   29   18   12   24   49   32   61   40   37   93   53    1   26   85    4    9   27   78   19   16   99   82   66   92   63   10   14   60   44    7   51   15   36   57   13   48   74   79   45   33  100   81   84   65   69   97   11   77   52   80
47   10   31   67   55    6   42   65   54   64   20   75   79   13   80   22    8   77   15    2   62   83   27   35   17   68   30   25   85   90   72   50   34   23   40   39   60    1   98   53   41   71   28   38   88   89   91   95   12   58    4   86
48   10   84   11   52   66   44   96   63   51   16   92   19   10   45   87   97   99   81   33   36  100   37   57   74   14   18   49   93   29    9   78   61   82    4   26   46   69   12   32   24   60    7   40    3   73   59   53   27    1   85   41
49   10   18   29   93   46   37   12   19   99   61    4   92   66   10   24   16   40   14   32   63   44   26    9   51   78   36   60   57   53    1   48   45   74   82   27   85   33  100   81   84   97    7   69   11   52   15   96   13   79   77   65
50   10   72   62   83   95   86   91   94   71   38   39    5   56   23   28    2   35   76   70   43   54   75   22   88   68    6   98    8   21   30   80   58   17   47   90   77   31   25   34   89   65   67   41   55   42   64   13   20   79   59    3
51   10   63   16   44   66   37    9   48   84   78   82   11   52   61   29   18   26   19   49   92   99   96   10   32    7   93   46   24   45   87   81   97   14   36   33   57   12  100   74    4   40   60   53    1   69   85   27   15    3   73   59
52   10   11   84   48   96   87   44   66   63   51   16   97   92   45   81   19   10   99   33  100   36   37   57   74   14    9   18   49   29   78   82   93   61   26    4   69   46   32   12    7   24   60   40    3   73   59   53    1   27   85   41
53   10    1   85   40   27   12   15   46   24   79   13   32   29   49   18   93   61    4   20   64   37   26   65   60   67   55   31    9   78   42   47   80   19   99   77   14    7   82   92   16   10   66   63    6   36   44   51   57   74   54   69
54   10    6   75   47   22   31   62   83   80    8    2   67   65   35   55   42   77   72   68   50   30   64   13   17   20   23   79   39   25   71   90   91   95   38   28   98   86   34   94   15   88   70   56   21   41   89   27   76   58    5   60
55   10   42   64   20   67   47   31   79   13   65    6   75   54   15    8   22   80   17   27   77   85   25   90   62    2   83    1   34   35   53   40   68   30   72   98   50   39   60   12   58   23   88   28   71   38    4   41   89   91   95   46
56   10   38   71    5   28   39   43   86   88   72   50   98   83   62   95   58   94   91   22   34   90    8   75   25   17   76   54   70   23    2    6   35   68   47   21   30   31   80   42   67   55   65   77   89   64   20   41   13   79   59   15
57   10   36   74  100   33   14   45   81   10   99   92   97   69   19    4   93   60   66   48    3   73   49   96   59   18   44   84   12   11   29   52   63   41   16   37   87   46   51   40   89   77   27   61   30    9   24   85   80   26   32   78
58   10   98   34   88   90   25   28   17   39   38   71   56    8   22   72   83   62   75    5   43   86   50   54    6   42   95   47   55   31   94   67   91    2   64   20   35   23   65   80   76   68   70   79   13   77   30   21   15   89   27   41
59   10    3   73   41   89   69   30   21   60   68   74   77   57   14   36  100   35    4   23   33    2   80   81   45   10   70   99   97   92   93   76   65   19   91   27   12   94   54    6   40   13   31   95   49   47   50   67   15   62   18   79
60   10    4   14   93   69   12   77   57   41   36   40   99   74   27   59   10   19   92    3   80   49   73  100   33   30   65   89   45   18   13   85   15   46   81   68   29   79   53    1   97   35    2   31   67   66   37   47   21    6   24   23
61   10   26   32   37    9   78   24   29   18   82   46   49   16    7   51   63   44   12   66   93   19   40   53    1   99   92   48   10    4   85   84   14   27   11   52   36   45   57   60   33   74   81   15  100   96   97   13   69   79   87   65
62   10   83   72   50   54   75   39   71   22   38   86    6   28    2   95    8   35   91   56   94   23   88    5   98   68   17   47   70   80   43   31   90   25   76   30   58   34   65   67   77   55   42   21   64   89   20   13   79   41   15   59
63   10   44   16   51   66   48   37   84    9   11   52   78   18   29   19   82   61   49   92   26   99   10   96   93   46   32   45   81   24    7   97   14   36   33   87   57  100   12   74    4   40   60   69   53    1   85   27   15    3   73   59
64   10   20   55   42   67   79   13   47   31   15   65    6   27   75   54   80   85    8   22   77    1   53   17   40   25    2   90   62   83   35   12   34   68   30   60    4   72   46   98   50   39   23   41   58   93   88   28   71   24   38   89
65   10   80   31   67   13   47   77   79    6   55   15   54   64   20   27   42   75    2   30   35   68   85   60   22   40    8   41   62    4   83    1   53   12   23   89   50   17   72   59   21   93   25   91   46   69    3   14   73   90   95   70
66   10   44   63   48   16   19   51   92   84   10   99   11   37   52   18   49   29   45   96   93   81   36   97   14   33    9   57  100   61   74   78   82   46   26   87    4   12   32   24   69   60    7   40   53    1   27   85    3   73   59   15
67   10   31   47   55   64   79   20   65   13   42    6   80   15   54   75   77   27   22    8   85    2   35   17   62   68   30   40   83    1   53   25   60   90   72   12   23   50   34    4   41   39   89   98   71   28   38   91   46   88   93   21
68   10   30   35    2   23   77   89   21   80   41   70   91   54    6   65   76   59   62   50   94   95   83   31    3   75   47   73   72   60   67   22   86   13   69    8   79   55   71   27    4   39   42   15   38   64   20    5   28   56   14   40
69   10   74   57    3   73   36  100   14   59   33   60   45   81   41   10    4   99   97   92   19   89   93   30   77   49   12   66   68   21   18   96   48   80   40   27   29   35   44   84    2   46   65   11   23   37   63   52   87   16   13   85
70   10   76   91   94   23   95   21   35   50   68    2   86   30   89   62   83   72   41    5   71   43   54   77   59   38   56   80   39    6   73    3   28   75   22   65   88   31   47    8   98   67   69   60   17   13   55   58   90   42   25   79
71   10   38   39   28   56   72    5   86   88   50   83   62   43   98   95   58   94   22   91   75    8   90   34   54   17   25   76    6    2   23   70   35   68   47   31   30   80   21   42   67   55   65   77   89   64   20   41   13   79   15   59
72   10   83   62   71   50   39   38   28   86   56    5   88   95   22   98   75   94   43   54   91    8    2    6   35   23   58   17   90   25   34   76   70   68   47   31   80   30   21   67   65   77   42   55   89   64   20   13   41   79   15   59
73   10    3   59   41   69   89   74   30   21   60   57  100   36   14   33   68   77   81    4   45   97   35   23   10   99    2   92   80   93   19   70   76   65   91   12   27   49   40   94   54    6   13   66   95   96   18   31   48   15   47   50
74   10   57   36  100   33   45   81   14   10   69   97   99   92   19    4   93   60    3   73   66   59   48   96   49   18   84   44   41   11   12   52   63   29   87   16   37   89   46   40   51   77   27   30   61   80    9   68   24   85   21   26
75   10   22   54    8    6   47   62   83   31   17   42   67   55   72   25   65   90   80    2   50   39   64   35   20   34   98   71   28   38   88   77   79   13   68   58   23   30   86   56   95   91   94    5   15   70   27   76   43   21   41   89
76   10   70   91   94   95   23   21   50   86   35   68    2   30   89   62   72    5   83   43   71   41   56   38   39   54   28   77   59   80    6   75   73    3   22   88   65    8   98   47   31   67   69   60   58   17   90   25   55   13   34   42
77   10   80   30   65   68    2   35   41   31    6   60   13   54   47   89   67   27   79   23   15   59    4   21   75   55   64    3   73   20   40   62   42   69   85   83   22   12   91   50   70   14    8   93   72   95   76   94    1   53   57   74
78   10    9   82   26   61    7   37   32   16   51   29   24   63   18   44   46   49   66   48   19   93   12   84   92   99   11   52   10   53   40    1    4   14   96   85   45   36   57   81   33   27   97   74  100   60   87   15   69   13   79   65
79   10   13   15   64   67   20   55   65   31   27   47   42   85   80    6    1   40   53   77   54   75   12    8   22   60    4    2   30   35   68   46   17   93   62   83   41   25   49   24   90   18   29   23   89   14   72   34   32   50   59   99
80   10   77   65   31    6    2   30   47   54   68   35   67   13   79   75   55   41   15   27   64   60   23   42   20   89   62   22   83    8   21    4   85   40   59   50   91   72   70    3   12   73   95   94   69    1   53   76   17   93   14   39
81   10   45   33   97  100   36   74   57   10   92   99   14   19   96   69   48   66   84   11   93   52   87    4   44   60   49   63    3   73   18   16   59   51   37   29   12   41   46   40   61    9   89   78   26   27   24   77   82   32   30   85
82   10   78    9   26    7   61   37   16   51   32   63   24   29   44   18   66   46   49   48   84   19   11   93   52   12   92   99   10   53   40    1   96    4   14   45   36   85   81   57   33   97   87  100   74   27   60   15   69   13   79   65
83   10   62   72   50   39   71   75   22   54   38   28   86    6    8   95    2   56   88   35   91    5   98   94   23   17   68   90   43   47   25   58   70   31   34   80   76   30   67   65   77   42   55   21   64   20   89   13   79   41   15   59
84   10   11   52   48   96   44   66   63   51   87   16   92   97   19   45   10   81   99   33   37  100   36   57   74   18   49   14    9   29   93   78   82   61   26    4   46   69   32   12   24    7   60   40    3   73   59   53    1   27   85   41
85   10    1   53   27   40   15   12   13   79   46   20   64   65   24   67    4   93   49   60   29   31   18   55   32   47   80   42   77   61   37   26   14    6   99   19   54   92   10    9   78   30   36   75   57   41   16   69   68   66    2   74
86   10    5   50   95   71   43   72   56   38   94   39   91   28   83   62   76   70   88   23   98    2   35   22   54   75   68   58    8   21    6   30   90   17   34   25   80   47   89   77   31   65   41   67   42   55   59   64   20   13   79    3
87   10   96   52   11   84   48   97   81   45   66   44   33  100   92   63   10   51   36   19   57   74   99   16   14   37   69   93   49   18   29    9    4   78   82   61   26   60    3   73   46   12   59   32   24    7   40   41   89   27   53    1
88   10   98   28   39   38   58   71   56   72   34   90    5   83   25   62   17   86   43   22    8   50   75   95   54    6   94   91    2   47   35   23   42   31   76   55   70   67   68   80   65   64   20   30   77   21   79   13   89   15   41   27
89   10   41   59   21   30   68    3   73   23   35    2   77   70   69   80   76   60   91   94   65   95    4   54    6   74   50   14   57   62   36  100   31   83   33   47   13   67   75   27   72   86   93   45   81   99   10   79   92   15   97   40
90   10   34   25   17   58   98    8   22   88   75   39   28   38   83   72   71   62   54   42    6   56   55   47   50   31   67    5   64   20   86   43   65    2   95   80   79   35   13   91   94   23   68   77   15   30   70   76   27   21   85   89
91   10   94   95   70   76   23   50   86   35   21    2   62   68   72   83    5   30   71   43   38   56   89   39   54   28    6   75   41   80   77   22   88    8   59   98   47   65   31   73    3   67   17   58   90   25   34   55   42   13   60   79
92   10   10   99   19   36   14   45   57   33   81   74  100   66   93   97   48   49    4   44   18   63   84   16   29   96   69   37   11   60   52   51   12   46   61   87   40    9   78   26    3   24   73   32   59   82   27   41   53   85    1   77
93   10   49    4   99   19   18   12   14   92   10   29   46   60   36   40   57   37   66   74   45   33  100   16   81   61   27   44   69   24   63   85   53   97   48   32    1   51   26    9   78   84   15   11   77   96   82   52   13   59    3   41
94   10   95   91   76   70   50   86   23   72    5   62   21   35   83    2   43   71   68   56   38   39   30   28   54   89    6   75   88   22   41   80   77   98    8   59   47   31   65   58   73    3   17   90   25   67   34   55   42   13   60   79
95   10   94   91   50   86   76   70   23   72    5   62   83   71   43   35   56   38    2   39   21   68   28   30   54   88   75    6   22   89   98   80    8   77   41   47   58   31   65   17   90   25   34   59   67   73    3   55   42   13   64   79
96   10   87   11   52   84   48   97   81   45   66   44   33   92   10  100   63   19   36   99   57   51   74   16   14   37   93   49   18   69   29    9    4   78   61   82   60   26   46   12    3   73   32   59   24   40    7   41   27   89   53    1
97   10   81   45   33  100   74   36   57   10   92   96   99   14   19   48   69   84   87   66   11   52   44   93    4   63   49   16    3   73   60   51   18   59   37   29   12   41   46   61    9   40   89   78   26   82   24   32   77   27   30   85
98   10   88   58   28   39   34   90   38   25   71   17   56   72    8   22   83   62    5   75   50   86   43   54    6   95   47   42   94   91   55   31    2   35   67   23   64   20   80   76   65   68   70   30   77   79   13   21   15   89   41   27
99   10   19   92   10   14   36   57   93   45   74   33  100   81   66   49    4   97   18   48   44   29   69   60   37   63   12   16   84   46   96   51   11   52   40   61    9   24    3   87   73   26   59   32   78   27   41   82   85   53    1   77
100   10   33   74   57   45   81   36   97   10   14   92   99   69   19   93    4   96   66   48   60    3   73   84   59   49   11   44   52   87   18   63   16   41   12   29   37   51   46   89   40   77   61   27   30    9   24   78   26   80   32   68
    1    3    3    2    3    1    1    1    2    3    2    3    1    1    3    1    2    2    2    1    2    2    2    3    2    3    1    2    1    2    1    2    2    3    1    3    3    1    1    2    2    2    1    3    2    3    1    2    3    1    1    1    3    1    3    1    1    3    3    2    1    2    2    2    3    1    3    1    1    1    3    1    1    2    3    3    2    2    2    2    2    1    3    3    2    3    3    3    2    3    2    3    2    1    2    2    3    2    2    1




1
2
3
4
5
6
7
8
9
10
11
12
13
14
15
16
17
18
19
20
21
22
23
24
25
26
27
28
29
30
31
32
33
34
35
36
37
38
39
40
41
42
43
44
45
46
47
48
49
50
51
52
53
54
55
56
57
58
59
60
61
62
63
64
65
66
67
68
69
70
71
72
73
74
75
76
77
78
79
80
81
82
83
84
85
86
87
88
89
90
91
92
93
94
95
96
97
98
99
100
-1
