100


1 2995 264
2 202 233
3 981 848
4 1346 408
5 781 670
6 1009 1001
7 2927 1777
8 2982 949
9 555 1121
10 464 1302
11 3452 637
12 571 1982
13 2656 128
14 1623 1723
15 2067 694
16 1725 927
17 3600 459
18 1109 1196
19 366 339
20 778 1282
21 386 1616
22 3918 1217
23 3332 1049
24 2597 349
25 811 1295
26 241 1069
27 2658 360
28 394 1944
29 3786 1862
30 264 36
31 2050 1833
32 3538 125
33 1646 1817
34 2993 624
35 547 25
36 3373 1902
37 460 267
38 3060 781
39 1828 456
40 1021 962
41 2347 388
42 3535 1112
43 1529 581
44 1203 385
45 1787 1902
46 2740 1101
47 555 1753
48 47 363
49 3935 540
50 3062 329
51 387 199
52 2901 920
53 931 512
54 1766 692
55 401 980
56 149 1629
57 2214 1977
58 3805 1619
59 1179 969
60 1017 333
61 2834 1512
62 634 294
63 1819 814
64 1393 859
65 1768 1578
66 3023 871
67 3248 1906
68 1632 1742
69 2223 990
70 3868 697
71 1541 354
72 2374 1944
73 1962 389
74 3007 1524
75 3220 1945
76 2356 1568
77 1604 706
78 2028 1736
79 2581 121
80 2221 1578
81 2944 632
82 1082 1561
83 997 942
84 2334 523
85 1264 1090
86 1699 1294
87 235 1059
88 2592 248
89 3642 699
90 3599 514
91 1766 678
92 240 619
93 1272 246
94 3503 301
95 80 1533
96 1677 1238
97 3766 154
98 3946 459
99 1994 1852
100 278 165


1   10   50   27   34   13   81   88   24   79   94   38   32   11   66   17   90   41   52    8   84   97   89   23   46   98   70   49   42   15   73   69   39   61   74   91   63   54   22   16   76   71   77   43    7   80   58   96    4   86   67   36
2   10  100   51   19   48   30   37   92   35   62    5   55   53   60   87   26    9    3   44   83   93   40   10    6    4   20   59   25   95   18   71   64   85   43   21   56   77   47   82   91   54   39   16   63   28   73   96   12   86   15   14
3   10   83   40    6   59    5   53   18   85   64   25   20    9   44   60    4   55   43   77   62   93   10   82   71   16   26   87   92   37   96   19   54   91   63   86   51   35   39   21  100    2   47   48   65   73   30   14   15   68   95   56
4   10   44   93   71   43   60   77   53   64   39   91   54    3   59   73    5   63   83   40   16    6   85   62   15   18   35   96   37   86   51   19   84   41   25   20   69    9  100   55   92   30    2   82   65   24   10   88   79   26   87   48
5   10   53    3   83   40    6   62   60   55   59    9   44   37   19   92   20   51   18    4   25   85   64   93   87   26   35   10  100    2   43   48   30   71   77   82   16   91   54   21   63   96   39   47   86   95   56   73   15   12   28   65
6   10   40   83    3   59   18   85   25   20    5   64    9   53   82   55   10   44   77   60   43    4   96   16   86   26   87   93   62   54   91   63   71   92   21   47   37   19   14   65   68   39   51   33   56   95   12   35   15  100    2   28
7   10   74   61   75   67   36   72   76   46   80   57    8   23   52   29   31   58   78   42   66   99   38   69   22   81   45   34   65   11   33   89   68   14   86   96   15   84   90   70   27   50   24   63   16   17   41    1   88   94   54   49
8   10   52   66   38   46   81   34   23   11   74   42   61   50   27    1   89   24   90   69   84   17   88    7   94   41   76   13   79   70   15   22   80   67   32   75   36   49   58   98   97   73   72   63   29   78   54   91   39   16   57   31
9   10   10   55   20   25   26   87    6   83   40    5    3   21   18   92   95   47   59   56   82   85   53   19   62   28   37   12   64   48   60   51    2   44  100    4   35   43   30   96   77   93   86   16   14   68   71   54   91   33   65   63
10   10    9   20   26   21   55   87   25   95   56   47    6   83   28   40   18   82    3   12    5   92   59   85   53   19   62   48   64   37    2   51   60  100   44   96   14   86   68    4   35   30   43   77   33   16   93   65   71   54   63   91
11   10   90   89   17   94   38   70   23   34   42   66   49   50   81   32   98    8   97    1   52   22   27   46   24   88   13   74   79   58   61   84   41    7   36   29   69   67   75   15   76   73   80   39   63   91   54   72   16   78   57   31
12   10   28   47   21   56   82   95   10   25   20    9   18   26   87   55    6   14   33   68   40   83   85   59    3   45   65   86    5   96   64   92   99   78   31   53   16   77   57   19   62   43   80   48   60   63   44   37    4   54   91    2
13   10   79   88   24   27    1   41   50   84   81   34   73   38   15   66   52   94   32    8   39   11   69   46   17   90   91   54   63   97   71   89   23   77   43   16   42   98   70    4   49   93   61   74   64   76   44   96   86   80   60   22
14   10   68   33   65   45   99   78   86   31   96   82   80   57   85   18   76   72   16   59   64   25   63   69    6   20   40   83   77   54   91   47   12    3   15   43    9   61   10   21   28   46   39    7    4    5   71   73   53   84   74   44
15   10   63   54   91   84   73   69   39   16   41   77   43   71   24   96   27   88   64   86   79    4   46   13   52   81   85   80   93   44   76   34   59   65    8   66   38    1   78   50   40   18    3   83    6   60   14   61   68   31   53   99
16   10   63   54   77   91   96   64   86   43   15   39   85   69   59   73   71    4   65   18   40    6   83   84    3   44   14   93   80   68   41   78   33   53   76   82   60   31   99   45    5   25   20   46   24   27   88   57   79   52    9   72
17   10   90   94   11   89   32   49   98   97   70   50   38   34    1   23   42   81   66    8   22   52   27   13   24   88   46   79   58   74   41   84   61   29   36   69    7   67   75   15   73   76   39   80   63   91   54   72   16   77   78   57
18   10   85    6   59   40   83   25   20   82    3   64    9   96   86    5   10   16   77   53   14   55   43   68   65   47   63   44   33    4   54   21   91   60   26   87   71   12   93   45   62   39   28   92   56   78   15   95   99   69   37   19
19   10   37   51  100    2   62   92   30   48   35    5   53   55   60   87   26    3    9   44   83   40   93    6   10    4   59   20   25   18   64   85   71   43   95   21   77   56   82   47   91   54   39   16   63   96   73   28   86   12   15   14
20   10   25    9   10   18    6   40   83   82    3   55   59   21   47   85   26   87    5   56   12   95   64   28   53   92   96   86   14   68   60   44   62   77   16   33   43   19   65    4   37   63   93   54   51   91   48   45    2   71  100   35
21   10   47   56   95   10   28   12   20    9   25   26   87   55   82   18    6   83   40    3   92   59   85    5   53   14   68   64   33   19   48   62   96   37   86   65    2   51   60   45  100   44   16   77   43    4   30   35   99   93   63   78
22   10   42   58   70   89   23   29   49   11   98   90   17   36   66   67   74   38    8   94   75   52   97   34   61   81    7   32   46   50    1   27   24   76   88   13   72   69   79   84   80   41   57   15   78   31   99   73   63   65   16   54
23   10   42   66    8   38   11   52   89   34   81   74   46   90   22   70   17   61   58   94   50   49    7   98   36    1   67   75   29   32   27   97   24   88   76   69   84   13   41   79   80   72   15   57   78   31   73   63   99   54   91   16
24   10   27   88   79   13   41   84    1   81   50   34   15   38   73   52   66    8   69   46   39   91   54   11   63   94   32   17   23   90   16   77   71   43   89   97   61   42   76   74    4   96   80   86   64   70   93   49   98   44    7   65
25   10   20    9   18   10    6   82   40   83    3   59   85   55   47   21   26   87    5   64   12   56   95   28   53   96   92   86   14   68   60   33   16   77   44   65   43   62    4   19   37   63   54   91   93   45   51   71   48    2  100   78
26   10   87   55    9   10   92   95   21   56   20   25    5   48   19   47   83    6    3   40   37    2   62   18   51   53   28  100   59   12   82   85   30   60   35   64   44    4   93   43   77   96   86   71   16   14   68   54   91   33   63   65
27   10   24   88   13   79   41    1   84   81   50   34   38   52   66    8   15   73   46   69   39   11   94   32   91   17   54   90   63   23   89   16   77   71   97   43   42   61   74   76   70   49   98   80    4   96   86   64   93    7   44   65
28   10   12   47   21   56   95   10   20   25   82    9   26   87   55   18    6   40   83   85    3   14   59   68   33    5   92   45   65   86   96   64   53   99   19   48   78   31   62   16   37    2   60   77   51   44   43  100    4   63   57   54
29   10   58   36   67   75   22   42   74    7   23   61   70   89    8   66   11   52   46   38   49   90   98   72   17   76   34   81   57   94   80   50   97   31   32   78    1   69   99   27   24   84   45   88   65   41   13   15   79   33   68   86
30   10  100   51    2   35   37   19   48   62   92   60    5   53   55   44   87   93   26    3    9    4   83   40    6   10   59   71   20   25   43   64   18   85   77   95   21   56   39   91   54   16   82   73   63   47   96   86   28   15   12   41
31   10   99   78   57   45   80   72   65   33   76   68   14   86   96   61   69    7   16   82   74   46   63   85   18   15   64   75   54   91   67   77   59   52    8   36    6   84   40   25   43   66   83   20   39   73    3   38   41   12   47   81
32   10   94   97   17   90   50   11   98    1   49   89   70   34   81   38   13   66   27   23   88   79   24   42    8   52   22   41   46   84   74   58   61   69   15   73   39   29    7   36   67   75   63   91   54   76   80   16   71   77   43   72
33   10   68   14   45   65   99   78   31   86   96   57   82   80   72   76   18   85   16   59   25   64   69   63   20    6   40   12   83   47   77   54   91    3   15   61   43   28   21    7   10    9   46   39   74    5    4   73   84   71   53   44
34   10   81   38   66   50   52    8    1   27   11   24   46   23   88   13   94   90   17   79   89   84   41   42   32   69   70   74   61   97   15   49   98   73   22   76    7   39   63   80   91   54   58   16   67   36   75   77   96   86   72   43
35   10   51   37   62   30  100   19    2   60   48   53   92    5   44   93    4    3   55   83   71   40    6   87   26    9   43   59   64   77   20   10   85   25   18   39   91   54   73   16   63   95   21   82   56   96   15   86   47   41   84   28
36   10   67   75   29    7   58   74   61   42   23   22   72   46    8   76   66   52   57   38   80   89   11   70   31   34   81   78   99   90   17   69   49   98   45   50   94   65    1   27   84   33   24   68   14   15   86   32   97   96   41   88
37   10   51   19   62  100   35    2   30   92   48    5   53   60   55   44    3   93   87   26    9   83   40    4    6   59   10   20   71   25   64   43   18   85   77   95   21   91   54   39   56   16   82   63   47   73   96   86   15   28   12   65
38   10   66   34    8   81   52   23   11   50   46    1   42   27   89   90   17   24   94   88   74   61   13   84   32   70   41   79   69   49   98   97   22   15    7   76   58   67   80   36   73   75   63   39   54   91   29   16   72   78   86   96
39   10   73   91   54   71   43   77   15   63   16    4   84   41   64   93   44   69   24   88   96   60   79   59   27   86   85   13   53    3   40   83    6   18    5   46   65   81   52   34    1   80   62   76   50    8   66   38   14   78   68   25
40   10   83    6    3   59   18   85    5   64   25   20   53    9   82   44   55   60   43   77    4   10   16   96   86   93   62   26   87   54   91   71   63   92   37   19   21   47   39   65   14   68   51   35   33   15  100    2   56   95   73   12
41   10   84   24   88   27   79   73   13   15   39   69   81   91   54    1   63   34   50   52   71   77   46   38   16   66   43    8    4   64   96   93   86   11   44   94   76   23   80   32   61   17   90   85   59   74   65   60   89   78   42   53
42   10   23   22   89   11   70   66   58    8   38   90   17   52   74   49   34   81   98   29   46   36   61   94   67   75    7   50   97   32    1   27   24   76   88   69   13   84   79   41   80   72   15   57   78   31   99   73   63   54   16   91
43   10   77   71    4   91   54   64   39   63   44   16   93   73   59   15   60   85   53    3   40   83    6   96   86   18    5   69   84   41   62   25   65   20   82   24    9   88   37   35   14   79   27   68   19   55   51   80   13   33   78   10
44   10    4   93   60   53   71   43    5   64    3   77   62   59   83   40   39   91   54    6   85   35   63   37   16   73   18   51   19   15  100   96    9   25   92   20   55   30    2   86   84   41   48   10   87   26   82   69   65   24   88   14
45   10   33   99   68   14   31   78   65   57   80   72   86   76   96   82   85   16   18   69   63   59   64   61    7   25   20    6   77   54   40   12   91   15   47   83   46   74    3   43   28   21   75   39   10    9   67   84   52   73    8    4
46   10   52    8   66   61   38   74   81   69   34   23   76    7   80   84   27   24   15   42   41   50   11   88    1   72   67   78   63   75   13   89   79   31   36   57   16   90   73   54   99   86   91   96   17   65   94   39   22   58   70   77
47   10   21   12   28   56   10   20   95   25   82    9   26   87   18   55    6   40   83   85    3   59   14   68   33    5   92   64   65   86   96   45   53   19   16   99   62   78   48   77   37   60   31   44   43    4    2   51   63   54  100   91
48   10    2  100   19   92   51   30   37   62   35   55   87   26    5   53    9   60   10    3   83   40    6   44   95   20   25   93   56   59   21    4   18   85   64   47   71   43   82   77   28   12   91   54   16   39   63   96   86   73   15   14
49   10   98   70   89   90   17   97   11   94   32   22   42   23   50   38   34   66    1   81    8   58   52   27   46   29   13   24   74   88   79   61   36   67   75   41    7   84   69   15   76   73   80   72   39   63   91   54   57   16   78   31
50   10    1   34   81   27   94   38   13   24   88   11   32   79   66   17   90   52    8   89   41   97   84   23   46   70   98   49   42   15   69   73   74   61   22   39   63   91   54   76    7   16   58   80   77   71   43   67   36   75   96   86
51   10   37  100   19    2   30   35   62   48   92    5   53   60   55   44   87    3   26   93    9   83    4   40    6   59   10   20   71   25   64   43   18   85   77   95   21   56   91   39   54   16   82   63   47   73   96   86   28   15   12   65
52   10    8   66   38   46   81   34   23   61   27   50   74   11   24   42    1   69   84   88   41   89   90   13   17   76    7   79   94   15   80   70   32   67   22   75   73   63   36   49   98   58   72   97   54   91   39   16   78   31   86   57
53   10   60    5   44    3   62    4   93   83   40    6   59   37   64   19   43   35   51   71   85   92   77   18   55    9  100    2   20   25   30   91   54   87   26   16   48   39   10   63   73   96   82   86   15   21   47   95   65   56   69   14
54   10   91   63   77   16   39   43   15   73   71   64    4   69   96   84   86   85   44   59   41   93   40    3   83    6   18   60   53   65   24   88   27    5   79   80   14   13   76   46   68   78   82   25   33   20   52   31   81   99   62   45
55   10   26   87    9   10   92   20    5   25    3   83    6   40   21   95   19   56   53   48   37   62   18    2   59   51   47  100   85   60   82   30   28   35   44   64   12    4   93   43   77   71   96   16   86   54   91   63   14   68   65   33
56   10   95   21   28   47   10   12   26   87    9   55   20   25   82   92   18    6   83   40    3    5   59   85   48   19   53    2   37   62   51   64  100   14   68   33   60   96   86   30   65   44   35   45    4   77   16   43   93   63   99   54
57   10   72   31   99   78   80   76   45   33   65   68   14    7   61   86   74   96   69   75   46   67   16   36   82   63   52    8   15   85   18   54   66   91   64   77   59   23   84   38   81    6   43   25   34   40   39   29   42   41   20   83
58   10   29   22   36   42   67   75   23   74    7   70   89   61   11    8   66   49   38   90   52   98   17   46   34   81   94   76   97   72   50   32    1   80   57   69   27   24   31   78   99   88   84   13   41   79   15   65   45   86   63   96
59   10   85   40    6   83    3   18   64   25    5   77   20   53   43   16   96   44    4   82   86    9   54   91   60   63   71   93   55   10   39   65   62   14   68   15   26   87   33   73   47   92   37   21   19   69   51   45   35   78   12   99
60   10   44   53   93    4   62    5    3   71   37   35   43   83   40   51   64   19   59    6   77  100   85   30   39    2   91   92   54   18   55    9   16   63   73   48   20   25   87   26   15   10   96   86   82   84   41   69   21   65   47   14
61   10   74    7   46   76   67   75    8   52   80   72   36   66   23   38   57   69   42   78   31   81   34   99   58   29   65   11   84   45   15   22   89   86   27   24   96   50   68   41   33   14   63   16   90    1   88   17   70   54   91   94
62   10   37   51   19   35   53  100   60    5    2   30   92   44   48   93    3    4   55   83   40    6    9   87   59   26   71   43   64   20   85   25   18   10   77   91   54   39   16   63   73   82   21   95   96   56   86   47   15   28   12   65
63   10   54   91   16   77   15   39   43   64   69   96   73   86   71   84   85    4   59   41   44   65   93   18   40    6   83    3   80   24   76   14   60   53   78   68   27   88   46   33   79   31    5   82   99   13   52   45   25   81   20    8
64   10   59   77   85   43   16   40   83   54    6    3   91   63   18    4   96   44   71   86   53   39   93    5   60   15   25   73   20   82   65   69    9   14   68   62   33   84   55   10   41   78   80   37   45   19   99   26   31   87   92   35
65   10   14   68   33   86   78   45   96   99   31   80   76   57   16   82   85   72   69   18   63   64   59   54   77   91   15    6   40   25   83   43   20   61    3   46   39    7   84   73   47   74    4   71   12    9   52   44   41   10    5   53
66   10    8   38   52   34   81   23   46   11   50   42    1   27   89   74   61   24   90   17   94   88   84   69   13   41   70   79   32    7   22   76   49   15   98   97   67   80   58   36   75   73   63   29   72   39   54   91   16   78   31   57
67   10   75   36    7   74   29   61   58   42   23   72   46   76   22    8   57   52   66   80   38   31   78   99   89   11   34   81   70   69   90   45   17   65   49   50   33   98   68   94   14   27   84    1   86   24   15   96   41   88   63   32
68   10   14   33   65   45   99   78   31   86   96   82   80   57   76   85   18   72   16   59   64   25   63   69    6   20   40   83   77   54   91   47   12    3   15   43   61    9   10   21   28   46    7   39    4    5   71   74   73   84   53   44
69   10   15   63   84   16   46   54   91   80   76   96   86   41   73   39   77   52   24   65    8   27   78   61   81   43   66   88   64   34   31   38   99   71   79   14   74   68   85   13   72   57   33   45   59    4    7    1   50   23   18   44
70   10   49   89   98   90   17   11   22   42   94   97   23   32   38   66   34   50    8   58   81    1   52   29   74   46   27   36   61   24   13   88   67   75   79    7   84   41   69   76   15   80   73   72   63   39   57   54   91   78   31   16
71   10    4   43   93   39   44   77   91   54   73   60   64   63   16   15   53   59    3   85   40   83   41   84    5    6   96   62   69   18   86   35   24   88   79   37   27   13   51   19   25   20   65    9  100   82   55   30   92    2   14   68
72   10   57   31   76   99   80   78    7   45   61   65   33   74   68   14   75   67   46   86   69   96   36   52    8   16   66   63   15   23   82   38   54   85   91   29   84   42   81   77   34   64   58   18   59   41   39   43   73   27   24    6
73   10   39   15   91   54   41   84   71   63   43   77   16    4   24   88   69   79   27   93   64   13   44   96   86   60   59   85   81   53    1   46   34   52    3   50   40   83    6    8   66   38   18   65    5   80   76   62   78   14   68   61
74   10   61    7   67   75   46   36   23    8   52   76   66   42   38   72   80   58   29   81   34   57   69   22   11   78   31   89   99   90   70   50   84   27   17   65   24   15    1   45   41   94   86   88   49   96   63   68   33   14   16   98
75   10   67   36    7   74   29   61   58   72   42   23   76   46   57   22    8   80   52   66   38   31   78   99   89   11   34   81   69   70   45   90   65   17   49   33   68   14   50   98   86   94   84   27    1   96   15   24   41   63   16   88
76   10   80   78   72   31   57   99   61   65   69   46    7   74   45   86   68   14   33   96   52    8   16   15   63   75   67   66   84   38   54   91   36   81   23   34   77   41   85   64   39   24   73   27   42   82   43   18   59   88   50   11
77   10   43   54   91   63   16   64   39   71    4   15   73   59   85   44   96   93   86   40    3   83    6   69   60   18   53   84   41    5   65   25   82   20   14   68   62   24   80   88   27   33   78    9   79   76   13   46   45   99   31   37
78   10   31   99   80   45   65   57   76   33   68   72   14   86   96   69   61   16    7   63   46   82   85   74   15   18   54   64   91   77   59   52   75   67    8   84    6   43   40   25   39   83   66   20   73   36    3   41   38   81   71   34
79   10   13   88   24   27   41    1   84   50   81   34   73   15   38   39   52   66    8   94   69   32   91   46   54   11   63   71   17   90   77   43   16   97   23   89    4   93   42   64   44   98   70   61   49   96   76   74   86   80   60   85
80   10   76   78   31   99   72   57   65   45   69   86   68   14   61   33   96   46    7   74   16   63   15   52    8   54   91   84   75   77   66   85   67   64   82   38   18   39   81   41   36   59   43   73   34   23   24   27    6   40   83   88
81   10   34   38   66   52    8   50    1   27   24   11   46   88   23   13   84   79   41   94   90   17   89   42   32   69   15   61   74   70   97   49   73   98   76   39   22   63    7   91   54   80   16   58   67   36   75   77   96   86   43   71
82   10   18   25   20   85   47   14    6   68   59   40   33   83   12   10   86   96   65    9   21    3   64   45   28   55   16   56    5   99   78   26   87   77   95   31   63   53   43   54   91   80   44    4   57   60   92   76   69   71   15   93
83   10   40    6    3   59   18   85    5   25   20   64   53    9   44   55   60   82    4   43   10   77   16   96   62   93   26   87   86   71   54   91   92   63   37   19   21   47   51   39   65   14   68   35  100    2   33   95   56   15   73   48
84   10   41   24   15   27   88   73   79   69   13   39   91   63   54   81   34   52   46    1   16   77   50   38   66    8   43   71   96    4   86   64   76   80   93   61   11   23   44   94   65   74   85   59   78   90   17   32   89   60   42   31
85   10   59   18   64    6   40   83    3   96   86   16   25   82   77   20   43   63    5   54   91   53    4   65   44    9   14   68   71   60   33   10   93   39   55   15   69   45   47   73   78   62   26   21   87   99   80   31   92   12   37   19
86   10   96   65   16   14   68   85   63   33   64   78   80   77   18   54   69   59   45   91   99   31   82   15   76   43    6   40   83    3   39   57   25   20   72   73   71    4   84   44   46   53    5   41   93   61    9   60   47   10   52   24
87   10   26   55    9   10   92   95   56   21   20   25    5   48   19   47   83    3    6   40   37    2   62   51   18   53  100   28   59   12   82   30   85   60   35   64   44    4   93   43   77   96   86   71   16   14   68   54   91   33   63   65
88   10   24   79   27   13   41   84    1   50   81   34   73   15   38   52   66   39    8   69   46   94   91   54   11   32   63   17   90   71   77   23   16   43   89   97    4   42   61   93   76   74   64   96   70   98   49   86   80   44   65    7
89   10   90   11   70   17   49   98   94   42   23   97   32   22   38   66   34   50   81    8   52    1   58   46   27   74   24   13   88   61   29   79   36   67    7   75   84   41   69   76   15   80   73   72   63   39   54   91   57   78   16   31
90   10   17   89   11   94   70   49   98   32   97   50   23   42   38   34    1   81   66    8   22   52   27   24   13   46   88   79   58   74   61   41   84   29   36    7   67   69   75   15   76   73   80   39   63   91   54   72   16   78   77   57
91   10   54   63   77   39   16   43   15   73   71   64    4   69   96   84   86   44   41   85   59   93   40    3   83    6   60   18   53   24   65   88   27    5   79   80   13   14   46   76   68   78   82   25   33   20   52   81   31   62   99   45
92   10   19   48    2   55   37   87   51   26  100   62    5   30    9   35   53   10    3   83   60   40   20    6   25   95   44   59   21   56   18   93    4   85   47   64   82   43   71   28   77   12   16   91   54   96   63   39   86   73   14   68
93   10   44    4   60   71   43   53   77   39   64   62    5   91   54    3   73   59   83   35   40   63    6   37   16   85   51   19   15   18  100   30    2   96   41   92   84    9   86   55   25   20   69   48   79   87   26   88   82   24   10   13
94   10   32   17   90   97   11   89   50   98   49    1   70   34   81   38   66   23   42    8   27   52   13   24   88   79   22   46   41   84   74   58   61   69   15   73    7   29   36   67   75   39   76   63   91   54   80   16   77   71   72   43
95   10   56   21   10   26   87   28   47    9   55   12   20   25   92   82    6   18   83   40    5    3   48   19   59   85    2   37   53   62   51  100   64   30   60   14   68   35   33   44   96   86   65    4   43   77   45   16   93   71   63   54
96   10   86   16   65   85   63   64   14   68   77   54   59   91   18   33   69   78   80   15   45   43   82   99   31    6   40   83   76   39    3   25    4   71   73   20   57   84   44   72   53    5   93   46   41   60    9   61   10   47   52   24
97   10   32   94   17   98   90   49   70   89   11   50    1   34   38   81   42   23   66   22   13    8   27   52   88   24   79   46   41   58   84   74   61   29   69   15   36   73   67    7   75   39   76   63   91   54   80   16   77   71   72   43
98   10   49   70   17   90   97   89   94   11   32   22   42   23   50   38   34    1   66   81    8   52   58   27   13   24   46   88   79   29   74   61   36   41   67   84   75    7   69   15   76   73   80   39   63   72   91   54   16   57   78   31
99   10   31   78   45   57   33   65   80   68   72   14   76   86   96   69   61    7   82   16   63   85   46   74   18   15   64   54   91   59   77   75   67   52    6   25   40    8   20   83   43   84   36   39   66    3   12   47   73   41   38   81
100   10    2   51   30   19   37   35   48   62   92    5   53   60   55   87   26   44    3    9   93   83   40    4    6   10   59   20   25   71   64   43   18   85   95   77   21   56   91   39   54   82   47   16   63   73   96   28   86   12   15   65
    1    3    2    1    1    1    1    2    3    1    3    2    3    1    3    1    3    2    2    3    1    2    3    1    1    2    1    2    1    3    3    3    1    1    2    3    2    1    1    1    3    2    3    2    3    1    1    1    2    1    1    3    1    3    1    3    3    1    3    1    1    2    3    2    3    2    2    2    1    3    1    1    3    1    3    1    3    1    2    3    2    1    3    1    1    2    3    3    2    2    2    1    2    3    3    3    3    2    3    1


1
2
3
4
5
6
7
8
9
10
11
12
13
14
15
16
17
18
19
20
21
22
23
24
25
26
27
28
29
30
31
32
33
34
35
36
37
38
39
40
41
42
43
44
45
46
47
48
49
50
51
52
53
54
55
56
57
58
59
60
61
62
63
64
65
66
67
68
69
70
71
72
73
74
75
76
77
78
79
80
81
82
83
84
85
86
87
88
89
90
91
92
93
94
95
96
97
98
99
100
-1