100


1 3477 949
2 91 1732
3 3972 329
4 198 1632
5 1806 733
6 538 1023
7 3430 1088
8 2186 766
9 1513 1646
10 2143 1611
11 53 1657
12 3404 1307
13 1034 1344
14 2823 376
15 3104 1931
16 3232 324
17 2790 1457
18 374 9
19 741 146
20 3083 1938
21 3502 1067
22 1280 237
23 3326 1846
24 217 38
25 2503 1172
26 3527 41
27 739 1850
28 3548 1999
29 48 154
30 1419 872
31 1689 1223
32 3468 1404
33 1628 253
34 382 872
35 3029 1242
36 3646 1758
37 285 1029
38 1782 93
39 1067 371
40 2849 1214
41 920 1835
42 1741 712
43 876 220
44 2753 283
45 2609 1286
46 3941 258
47 3613 523
48 1754 559
49 2916 1724
50 2445 1820
51 3825 1101
52 2779 435
53 201 693
54 2502 1274
55 765 833
56 3105 1823
57 1937 1400
58 3364 1498
59 3702 1624
60 2164 1874
61 3019 189
62 3098 1594
63 3239 1376
64 3359 1693
65 2081 1011
66 1398 1100
67 618 1953
68 1878 59
69 3803 886
70 397 1217
71 3035 152
72 2502 146
73 3230 380
74 3479 1023
75 958 1670
76 3423 1241
77 78 1066
78 96 691
79 3431 78
80 2053 1461
81 3048 1
82 571 1711
83 3393 782
84 2835 1472
85 144 1185
86 923 108
87 989 1997
88 3061 1211
89 2977 39
90 1668 658
91 878 715
92 678 1599
93 1086 868
94 640 110
95 3551 1673
96 106 1267
97 2243 1332
98 3796 1401
99 2643 1320
100 48 267


1   10   74   21    7   83   76   69   12   51   47   32   63   88   35   98   58   73   16   40   59   95   62   64    3   36   84   46   17   52   14   79   61   26   23   71   99   45   56   49   44   25   54   89   81   15   28   20   72   97    8   50
2   10   11    4   96   82   85   67   70   92   27   77   37   41    6   75   34   87   13   78   53   55   91   93    9   66  100   29   30   39   31   24   43   94   19   18   86   57   90   22   42   80    5   48   10   60   65   33   97    8   38   50
3   10   46   47   26   69   79   83   16   73   51    1   74   21    7   71   61   81   89   76   98   12   14   32   52   44   88   63   35   58   59   95   40   36   72   64   62   84   17   23   99   45   25   28   56   54   49   15   20    8   97   65
4   10    2   11   96   82   85   70   92   67   77   27   37    6   41   75   34   87   13   53   78   55   91   93   66    9  100   30   29   39   31   43   19   94   24   18   86   57   90   22   42    5   80   48   10   60   65   33   97    8   38   50
5   10   42   90   48    8   65   30   31   33   66   38   68   57   22   93   97   80   39   25   54   72   91   10    9   45   13   52   99   55   44   43   14   86   40   60   19   17   50   75   84    6   94   35   61   88   71   89   41   92   34   81
6   10   34   70   37   55   85   91   77   53   96   78   93   13   92   82    4   75   11    2   39   27   66   43   30   41   19  100   94   67   86   29   18   24   87   22    9   31   90   42    5   48   33   57   65   38   80   68    8   10   97   60
7   10   21   74    1   76   12   83   32   63   88   51   58   69   35   98   47   40   95   59   62   64   36   84   73   17   23   16   56   49   99   45   15   20   28   52   25    3   14   54   46   61   79   71   26   44   89   81   97   50    8   72
8   10   65    5   42   48   25   90   97   54   45   31   52   57   72   80   99   44   14   33   68   30   38   40   10   66   17   84   35   88   61   71   22   89   50   93    9   60   73   16   81   39   49   83   63   62    7   13    1   91   74   76
9   10   31   57   75   66   13   80   41   87   10   60   30   97   27   92   65   93   82   67   50    5   42   90   54   25   55    8   48   91   45    6   99   70   17    4   84   39   34   37   33   40   49    2   22   85   96   11   77   43   35   38
10   10   80   60   57   97   50   54   25   45   99   31   65    9   17   84   49   40    8   66    5   62   35   42   56   20   88   15   30   90   63   48   13   75   23   87   64   58   41   93   12   76   52   32    7   95   14   27   33   28   74   44
11   10    2    4   96   85   82   70   77   92   67   37   27    6   34   41   75   78   53   87   13   55   91   93  100   66    9   29   30   24   39   94   43   19   18   31   86   22   90   57   42    5   80   48   10   33   60   65   97    8   38   50
12   10   76   32   63   58    7   21   74   88    1   35   64   95   98   62   59   51   36   83   23   40   69   84   56   17   49   15   28   20   99   45   47   54   25   73   16   52   50   14    3   97   46   61   71   44   79   26   10    8   89   81
13   10   75   92   66   93   41    9   55   27    6   82   30   91   70   87   31   67   34   37    4   85   57   96   90   42   39    5   77    2   80   11   53   48   65   22   43   10   78   97   19   86   33   60    8   94   38  100   54   25   50   18
14   10   52   44   61   71   89   72   73   16   81   79   83    8   26   47   40   25   88    1   35   74   45    7   54   99   21   65   68   76    5   38   17   63   48   84   12   69   97   46   42    3   90   33   32   51   58   62   80   49   57   10
15   10   20   56   23   49   62   64   28   58   95   84   17   36   63   32   50   59   12   35   88   76   40   99   45   98   54    7   60   21   25   74   10   97    1   51   80   83   69   57   65    8   47   52   73   14   31   16    9   44   61    5
16   10   73   61   71   79   81   89   26   14   47   52   44   83    1   46    3   74   72    7   21   69   88   76   35   40   51   12   63   32   25    8   45   99   58   54   84   98   17   62   65   64   68   59   95   97   49   38    5   36   48   56
17   10   84   99   45   40   49   35   62   54   88   25   63   56   50   97   20   15   58   64   12   23   10   76   32   80    7   60   95   21   74   65    1   57   83   36    8   59   28   98   52   14   51   31   69   73   44   16    5   47   42   61
18   10   24   94   29   19  100   43   86   53   78   39   34   91   55   22   37    6   77   93   85   70   33   96   30   38   90   48   13   66   68   42    5   92    4   11   82    2   75   31   27   41   67    8   65    9   87   57   72   80   97   10
19   10   94   43   86   18   39   24   22   91   55   29  100   53   93   34   78   33    6   30   37   38   90   48   70   77   68   42   66   85    5   13   96   31   92   75    8   82    4   65   11    9   41   27    2   57   72   67   80   87   97   44
20   10   15   56   23   49   62   64   28   58   84   95   17   63   36   50   32   59   35   12   88   99   40   76   45   54   98    7   60   25   21   10   74   97    1   51   80   83   57   69   65    8   47   52   73   31   14    9   16   44   61    5
21   10   74    7    1   76   12   83   51   32   69   63   98   58   88   35   47   59   95   64   62   40   36   73   84   16   23   17   56    3   49   99   45   46   28   15   52   20   14   79   61   25   54   26   71   44   89   81   97   50    8   72
22   10   39   33   86   43   38   19   90   48   68   91   30   94   93   42    5   55   66   18    8   31    6   24   34   65   13   53   72  100   29   78   37   70   57    9   80   97   77   75   44   85   92   52   25   14   96   54   10   82   41   45
23   10   64   56   15   20   28   95   36   62   58   49   59   32   63   12   76   84   98   17   35   88    7   40   21   74   99   50   51    1   45   54   25   83   69   60   97   10   80   47   57   73   65   52   16   14    8    3   44   61   46   71
24   10   18   29  100   94   19   53   78   43   86   34   39   91   55   37    6   77   22   85   70   93   96   33   30   13   38   90   66    4   48   11   92   68   42    2   82    5   75   27   31   41   67    9    8   65   87   57   72   80   97   10
25   10   54   45   99   97   40   17   84   65    8   35   80   88   10   57   50   49   62   63   60   52   31    5   14   56   42   12   58   76   44    7   20   48   15   83   90   74   32    1   64   21   72   23   73    9   66   61   16   30   71   95
26   10   79   16   73   46   81   47   71   61    3   89   83   14   44   52   69    1   74   21   72    7   51   76   88   12   35   40   32   63   98   58    8   25   45   99   84   59   17   54   62   95   68   64   36   65   38   49   23   97   56   48
27   10   67   41   82   92   75   87    4   13    2   11   70    9    6   96   85   37   66   55   77   34   93   31   91   30   53   57   78   80   10   60   90   39   42    5   65   97   43   48   22   19   50  100   94   86    8   33   29   54   18   24
28   10   36   23   95   64   59   15   20   56   58   32   62   98   49   63   12   76   84   35    7   88   17   21   51   74   40    1   50   99   69   45   83   54   25   60   10   97   47   80   73   16   57    3   52   65   14   46    8   61   44   71
29   10  100   24   18   78   53   94   19   34   43   86   37   77   55    6   91   85   39   96   70   22   93    4   11   13   30   92    2   33   82   66   90   38   48   75   42   27   68    5   67   41   31   87    9   65    8   57   80   72   97   10
30   10   66   90   93   42    5   31   48   91   13   39   22   33   55   65   57    8    9   43   38   80    6   86   75   68   97   19   10   34   92   70   41   94   25   37   54   27   82   87   53   60   45   99   72   85   78   67   77   18   96   50
31   10   57   66   80   30   65    9    5   42   97   90   10   13   48    8   93   60   54   25   75   45   91   99   50   33   41   55   87   39   22   92   17   38   27   40    6   84   68   82   43   70   67   49   35   52   72   86   34   88   14   37
32   10   12   58   76   63   95   64    7   59   98   21   74   36   62   88    1   23   35   51   56   28   69   83   84   49   15   40   20   17   99   45   47   54   25   73   50   16    3   52   14   97   46   61   71   79   44   10   26   60   80    8
33   10   38   68   48   22   90   42    5   39   30   86   43    8   93   66   72   91   65   19   31   94   55   44   52   57   14   97   13   25   18   80    6   54   89   34   61    9   71   45   24   81   10   99   53   37   40   70   75  100   29   78
34   10   37    6   53   78   70   77   55   85   96   91  100   93    4   92   29   94   13   19   43   39   24   11   82   18    2   86   75   30   27   66   22   41   67   87   90   31   42    9   33   48    5   38   57   68   65   80    8   10   97   60
35   10   88   40   63   84   17   62   12   99   76   58   45    7   32   49   74   21   54   25    1   64   56   83   23   95   15   20   59   98   97   36   51   50   52   69   73   14   28   47   16   10    8   65   44   80   61   60   71   57   89   72
36   10   95   59   28   64   23   58   98   32   12   56   63   76   15   62   20   51    7   21   49   74   88   35    1   84   69   17   40   83   99   45   50   47   54   25   73    3   97   60   16   10   46   52   14   80   61   79   71   26   44   65
37   10   34   85   77   70    6   96   53   78   55    4   11   91   92    2   82  100   13   93   29   75   27   67   94   24   19   43   39   18   41   66   86   30   87   22    9   31   90   42   48    5   33   57   38   65   80   68    8   10   97   60
38   10   68   33   48   22   90   42    5   72   39    8   86   30   43   65   44   93   19   52   66   14   91   31   94   89   61   71   55   81   25   57   97   54   80   18   45   13   16   73   99   40    6   10   24    9   34   79   53   35   17   88
39   10   43   22   86   91   19   93   94   55   33   30   90   48   42   38   18   66    5    6   34   68   24   53   13   37   78  100   29   31   70    8   65   77   85   92   75   96   57    9   82   72   80   41   27   97    4   87   11   10   25   67
40   10   35   88   99   17   45   84   25   54   63   62   49   12   76   58    7   97   32   74   56   21    1   83   64   50   20   15   52   23   65    8   10   80   14   95   73   57   44   59   60   36   98   16   51   69   47   61   28   71   72    5
41   10   75   87   27   67   92   82   13    9    4   70    2   66   11    6   93   31   96   85   55   37   30   34   57   91   77   80   10   60   53   42   90   78    5   97   65   39   48   50   43   22    8   54   19   25   86   33   94   45  100   99
42   10    5   90   48   30    8   65   33   31   66   38   22   68   93   57   39   97   80   91   25   54   13   72    9   55   10   43   86   45   52   99   44   14   19   40   60   75    6   94   17   50   84   34   61   92   41   35   89   71   88   70
43   10   86   19   39   94   22   91   18   55   93   24   33   34   53  100   29   30    6   90   78   38   48   42   37   68   66    5   70   13   77   85   31   96   92    8   65   75   82    9    4   57   41   72   27   11    2   80   67   97   87   44
44   10   14   52   61   72   71   89   81   16   73   79    8   26   83   47   68   25   40   88    1   38   65   35   45   54   48   74   99    5    7   21   42   33   90   97   76   17   46   84   63   69   12    3   32   51   62   58   80   57   31   49
45   10   99   54   25   17   40   84   97   35   88   49   50   10   62   80   65   63    8   57   56   60   58   12   20   15   76    7   64   32   52   74   23   21   31    1   83   14    5   44   95   42   73   48   90   36   59   72   16    9   61   28
46   10    3   47   26   79   69   16   73   83    1   51   74   71   21   61   81    7   89   76   14   98   52   12   44   32   88   63   35   58   59   72   40   95   36   64   62   84   17   99   45   23   25   54   56   28   49    8   15   20   65   97
47   10   83    3   73   69   46   16    1   79   26   74   21    7   51   61   71   76   81   89   14   12   52   88   32   44   98   35   63   58   40   59   95   72   62   64   84   36   17   99   45   25   54   23   49   56    8   28   15   20   97   65
48   10   90   42    5   33   30   38    8   68   65   22   66   31   39   93   72   57   91   97   43   86   80   25   55   52   54   44   13   14   19    9   10   45   99   94   40    6   61   89   71   75   17   60   34   81   84   50   35   88   18   73
49   10   56   62   84   20   15   17   23   64   63   50   99   35   58   40   88   45   54   95   32   12   28   25   76   36   60   97   10   59    7   21   74   80   98    1   57   83   65   51    8   69   52   31   14   73   47    9   16   44    5   61
50   10   60   10   49   17   84   97   80   99   54   45   20   25   57   56   15   62   40   35   88   23   65   63   64    9   31   58    8   12   32   95   28   76   36    7    5   66   59   21   74   42    1   30   90   83   98   52   48   87   13   14
51   10   69   98   21   74    1    7   76   32   12   83   59   58   47   95   63   36   64   88    3   35   46   62   23   73   28   16   40   56   84   17   79   15   26   49   20   99   61   45   71   14   52   25   54   81   44   89   50   97   72    8
52   10   14   44   61   71   72   89   73   16   81    8   83   79   40   25   88   47   35   26    1   45   54   99   65   74    7   21   68    5   17   76   48   84   97   63   38   12   42   69   90   33   46   32    3   62   58   51   80   57   49   10
53   10   78   34   37   77  100    6   85   70   29   55   96   24   91   18   94   19   43   93   39   86    4   11   92    2   13   82   22   30   75   66   27   67   41   90   33   87   42   48   31    5    9   38   68   57   65    8   80   97   10   60
54   10   25   45   99   97   17   40   84   80   10   65   35   50   88   57    8   49   62   60   63   31   56    5   20   52   58   15   12   76   42    7   14   64   32   23   74   83   21   44    1   48   90    9   66   95   72   73   30   16   61   71
55   10   91    6   93   34   37   70   39   13   53   43   30   78   66   19   85   77   94   86   92   22   96   75   82   18  100   90   24    4   42   29   31   41   27   48   33    5   11    9    2   67   87   38   57   65   68    8   80   97   10   60
56   10   15   20   49   23   62   64   58   84   63   95   28   17   36   32   35   12   88   59   50   40   76   99   45    7   98   54   21   74   25   60    1   10   97   51   83   80   69   57   65   47    8   52   73   14   16   31   44    9   61   71
57   10   80   10   31   97   65    9   60   54   25   66   50    5    8   45   99   42   30   90   17   48   84   13   40   93   75   49   35   41   87   88   62   33   56   91   20   92   27   52   15   55   63   38   22   68   39   14   72   44   82   67
58   10   32   63   64   12   95   76   62   23   59   36    7   56   88   35   98   21   74   49   15   20   84   28    1   17   40   51   83   99   69   45   54   25   50   47   73   97   16   52   10   14   60   80    3   61   44   46   65   71    8   79
59   10   36   95   98   32   64   58   28   12   23   76   63   51   21    7   62   56   74   15   20    1   69   88   35   49   84   83   17   40   99   47   45   54   50   25    3   73   16   46   97   52   14   60   10   79   61   26   71   44   80   65
60   10   10   50   80   57   97   54    9   99   45   17   49   25   84   31   65   20   15   56   40   62   35   66    8   88   23   87   63    5   64   75   42   41   13   30   58   90   12   48   32   28   95   76   27   93   36    7   92   67   59   21
61   10   71   89   81   16   14   44   73   52   79   72   26   47   83    1   46   74    3    7   21    8   88   40   69   35   25   76   68   45   12   99   54   63   51   38   65   17   32   84   48    5   58   42   97   33   62   90   98   49   64   95
62   10   49   56   63   64   58   84   15   17   23   20   35   88   32   12   40   95   76   99   36   45   59    7   28   21   54   74   50   98   25    1   83   51   97   10   60   69   80   65   57   47   52   73    8   14   16   44   61   71   31    3
63   10   58   12   76   32   88   35   62   64    7   21   84   40   74   95   17   56   49   23    1   59   98   36   15   20   99   83   45   51   28   54   69   25   50   47   73   97   52   16   14   10   60   80   44   61   65    8   71    3   57   79
64   10   23   95   58   62   56   36   32   63   15   59   28   20   12   49   76   98   35   88   84    7   17   21   74   40    1   51   99   45   83   69   50   54   25   97   47   60   10   73   80   16   52   14   65   57    8    3   44   61   46   71
65   10    8   97    5   57   31   80   25   42   54   90   48   45   10   99   30   66   40   17    9   60   33   84   50   52   72   38   68   35   14   44   88   93   49   13   22   62   39   63   91   61   71   75   56   73   89   55   83   16    7   12
66   10   30   31   93   13   42   90    5    9   57   91   48   55   65   75   80   39    8    6   22   92   97   41   33   10   87   27   70   43   82   34   38   60   86   25   37   54   68   67   19   45   94   85   99   53   50   96    4   77   78   17
67   10   27   82   41   92   87   75    4    2   11   13   70   96   85    6    9   37   77   34   55   66   93   91   31   53   30   78   57   80   60   10   39   90   42    5   97   65   43  100   48   19   50   22   94   86   29   24   18    8   33   54
68   10   38   33   48   22   72   90   42    5    8   39   44   30   86   65   52   14   43   89   93   19   66   61   71   81   31   91   94   25   97   57   55   54   16   73   80   45   99   18   40   13   79   10    9   26   35    6   88   24   17   83
69   10   51    1   21   74   47   83    7   98   76   12    3   32   46   59   63   58   73   16   88   95   35   36   26   79   64   62   40   61   71   23   14   52   84   28   17   81   56   89   44   49   99   15   45   20   25   54   72    8   97   50
70   10   37    6   85   96   34   77    4   92   82   55   11   53    2   78   13   91   27   75   67   93   41   87   66  100   30   39   43   29   19   94   24    9   18   86   31   22   90   42    5   48   57   33   80   65   38   10    8   97   68   60
71   10   61   89   81   16   73   14   44   52   79   26   72   47   83    1   46    3   74    7   21    8   88   69   40   35   25   76   68   45   12   99   51   63   54   38   65   32   17   84   48    5   58   42   33   97   62   90   98   64   49   95
72   10   44   14   52   89   61   71   81   68    8   38   16   73   48   33    5   79   42   65   90   25   26   83   40   54   45   47   99   88   97   35   22    1   30   74    7   17   31   21   84   57   80   76   63   46   39   66   12    3   69   10
73   10   16   61   71   79   14   47   81   89   83   26   52   44    1   74   46    7   21    3   69   72   88   76   35   40   51   12   63   32   25   45   99    8   58   54   84   17   98   62   65   64   59   95   97   49   68   36   56    5   23   38
74   10   21    1    7   76   83   12   69   51   32   63   88   58   98   35   47   59   95   40   64   62   73   16   36   84   17   23    3   56   99   46   49   45   52   14   79   61   71   28   15   26   25   20   54   44   89   81   97   50   72    8
75   10   41   27   92   87   13   82   67    9   66   70    4    6   93   31   55    2   11   30   37   96   85   91   34   57   77   80   10   60   53   90   42    5   65   39   78   97   48   43   22   50    8   19   86   33   94   54   25  100   45   99
76   10   12    7   32   21   74   63   58    1   88   35   98   51   95   64   83   59   62   69   36   40   23   84   56   17   49   47   15   28   20   99   45   73   54   25   16   52   14    3   46   61   50   71   79   44   97   26   89   81    8   10
77   10   85   96   37   70   34   78   53    6    4   11    2   55  100   92   82   91   29   13   27   93   24   67   75   18   94   19   41   43   39   86   87   66   30   22    9   31   90   42   33   48    5   57   38   65   80   68    8   10   97   60
78   10   53   34   77   37  100   85   29    6   96   70   24   55   18   91   94   19   43    4   11   93   86   39    2   92   82   13   22   75   27   30   66   67   41   90   87   33   42   48   31    9    5   38   68   57   65    8   80   97   10   60
79   10   26   16   73   81   71   61   89   47   46    3   14   83   44   52    1   69   72   74   21    7   51   76   88   12   35   40   63   32   98   58    8   25   45   99   54   84   17   62   68   59   95   64   65   38   36   49   97   48    5   23
80   10   57   10   97   60   31   65   54   50   25    9   45   99    8   17   66    5   84   42   40   30   90   49   48   35   13   88   62   56   75   93   20   15   63   87   41   52   33   58   64   23   14   12   44   27   92   76   72   91   38   68
81   10   89   71   61   16   79   44   73   14   26   52   72   47   83   46    3    1   74    7    8   21   69   68   88   40   35   38   25   76   51   12   45   99   54   63   65   48    5   33   32   17   84   42   90   58   97   98   62   64   49   95
82   10   92   27   67   41    4   75    2   87   11   70   13   96   85    6   37   77   34   55    9   93   66   91   53   78   30   31   57   39   80   90   43  100   42   19   10    5   60   94   22   86   29   48   65   24   18   97   33    8   50   54
83   10    1   74   21    7   47   69   73   76   16   12   51   88   35   63   32   40   14   61   79   52   58   71    3   98   26   46   44   89   81   62   84   59   95   17   64   99   45   25   36   54   49   23   56   72   15   20    8   28   97   65
84   10   17   99   40   49   62   45   35   88   54   63   56   25   50   20   58   15   64   12   97   23   76   32   10    7   95   21   80   60   74    1   36   59   65   28   83   57    8   98   52   51   14   69   73   31   44   16   47    5   61   42
85   10   96   77   37   70   34    6    4   11   53   78    2   92   82   55   91   27   67   13  100   75   93   41   29   24   87   94   18   19   43   39   66   30   86    9   22   31   90   42    5   48   33   57   80   65   38   10   68    8   97   60
86   10   43   19   94   39   22   18   91   24   33   55   93   38   29  100   30   90   53   34   48   68    6   78   42    5   66   37   70   13   77   85   31   96    8   65   92   75   72   82   57    9    4   41   27   80   11   97    2   44   67   52
87   10   41   27   75   67   92   82    9   13    4    2   70   66   11   31    6   57   93   96   85   60   55   80   37   30   10   34   91   77   97   50   65   42   90    5   53   78   39   48   54    8   25   45   43   22   99   33   19   17   86   94
88   10   35   40   63   84   12   76   17   62    7   58   99   32   45   74   21    1   49   83   25   54   64   56   95   23   15   20   98   59   51   36   69   52   97   73   50   14   47   16   28   44    8   65   10   61   80   71   60   57   89   79
89   10   81   71   61   44   14   16   73   52   79   72   26   47   83   46    3    1    8   68   74    7   21   88   40   69   38   35   25   76   45   65   54   99   48   12   51    5   63   33   42   17   84   90   32   97   58   62   98   49   80   64
90   10   42   48    5   30   33   66    8   65   31   22   38   93   68   39   57   91   97   80   43   55   86   13   72   25    9   54   19   10   45   52   44   94   99    6   14   75   34   40   60   92   17   70   41   50   84   61   37   18   89   71
91   10   55   93   39    6   43   34   30   19   86   22   66   13   94   37   53   70   78   90   42   18   85   77   33   48   92    5  100   24   96   31   75   29   82   38   41    9    4   27   68   65   11   57   67    2   87    8   80   97   10   25
92   10   82   27   75   41   67   13   70    4   87    6    2   11   96   85   37   55   34   77    9   93   66   91   53   30   78   31   57   39   90   80   42   43    5   19   10  100   22   94   48   86   60   65   29   97   18   24   33    8   50   54
93   10   91   55   30   66   13   39    6   90   22   42   43   31   34    5   48   70   86   19   75   37   33   92   94    9   53   41   82   85   57   65   78   77   27   38   96    8   18   68   87   80    4   67  100   24   97   29   10   11    2   25
94   10   19   43   86   18   24   39   29  100   91   22   53   55   78   34   93    6   37   33   30   77   70   38   90   85   48   68   66   42   96   13    5   92   31    4   75   82   11    8   65    2   27   41    9   57   67   72   87   80   97   44
95   10   36   59   64   58   32   23   28   98   12   63   76   62   56   15   20    7   21   51   49   74   88   35    1   84   17   69   40   83   99   45   50   54   47   25   73   97   16   60    3   10   52   46   14   80   61   79   44   71   65   26
96   10   85   77   70   37    4   11    2   34    6   78   53   82   92   55   67   27   13   75   91   41  100   93   29   87   24   94   18   19   43   66   39   30   86    9   22   31   90   42    5   48   33   57   80   65   38   10   97    8   68   60
97   10   80   54   10   25   57   65   45   99   50   60   17   31    8   84   40    5   49   35    9   42   88   66   90   62   48   30   56   63   20   52   15   14   58   12   44   64   76   23   13    7   72   32   33   93   74   83   21    1   38   68
98   10   59   51   32   95   36   12   76   58   21    7   74   69   64    1   63   23   28   62   83   88   35   56   15   20   47   49   84   40   17    3   46   99   73   45   16   54   25   79   26   52   14   50   61   71   44   97   81   89   10   60
99   10   45   54   17   25   40   84   35   97   88   49   62   50   10   63   80   65   56   57    8   60   58   20   12   15   76   64    7   32   23   74   52   21    1   83   31   14   95    5   44   42   36   59   73   28   98   16   48    9   90   72
100   10   29   24   18   78   53   94   34   19   37   77   43   86    6   55   85   91   96   70   39   93   22    4   11   13    2   92   30   82   33   66   90   75   27   48   38   42   67   41    5   68   31   87    9   65    8   57   80   97   72   10
    3    1    3    1    1    1    3    3    3    1    3    1    2    2    1    2    3    2    2    2    2    3    1    2    3    1    3    1    3    2    3    2    2    2    1    1    3    3    3    2    1    2    3    2    1    2    2    3    2    2    1    3    1    2    2    3    2    2    1    1    2    3    3    3    2    3    3    1    3    1    1    1    2    3    1    1    1    2    1    2    1    2    1    1    2    1    1    3    2    2    3    1    3    1    1    3    3    2    2    1


1
2
3
4
5
6
7
8
9
10
11
12
13
14
15
16
17
18
19
20
21
22
23
24
25
26
27
28
29
30
31
32
33
34
35
36
37
38
39
40
41
42
43
44
45
46
47
48
49
50
51
52
53
54
55
56
57
58
59
60
61
62
63
64
65
66
67
68
69
70
71
72
73
74
75
76
77
78
79
80
81
82
83
84
85
86
87
88
89
90
91
92
93
94
95
96
97
98
99
100
-1