654

1 1.24500e+03 1.25500e+03
2 1.80750e+03 2.19250e+03
3 1.82250e+03 2.20750e+03
4 1.86750e+03 2.73250e+03
5 2.37750e+03 2.61250e+03
6 2.46750e+03 3.58750e+03
7 2.49750e+03 3.58750e+03
8 2.57250e+03 3.67750e+03
9 2.64750e+03 3.78250e+03
10 2.66250e+03 3.97750e+03
11 3.30750e+03 3.37750e+03
12 3.33750e+03 3.34750e+03
13 3.32250e+03 3.63250e+03
14 3.71250e+03 3.67750e+03
15 4.26750e+03 2.37250e+03
16 5.65500e+03 1.25500e+03
17 4.85250e+03 2.50750e+03
18 4.88250e+03 3.49750e+03
19 4.85250e+03 3.61750e+03
20 4.40250e+03 4.06750e+03
21 4.41750e+03 4.05250e+03
22 4.23750e+03 4.02250e+03
23 4.26750e+03 4.00750e+03
24 4.40250e+03 4.00750e+03
25 4.35750e+03 3.97750e+03
26 4.41750e+03 3.96250e+03
27 4.35750e+03 3.94750e+03
28 4.31250e+03 3.93250e+03
29 4.25250e+03 3.93250e+03
30 4.22250e+03 3.90250e+03
31 4.32750e+03 3.88750e+03
32 4.29750e+03 3.87250e+03
33 4.29750e+03 3.84250e+03
34 4.32750e+03 3.82750e+03
35 4.20750e+03 3.82750e+03
36 4.22250e+03 3.76750e+03
37 4.25250e+03 3.76750e+03
38 4.35750e+03 3.75250e+03
39 4.35750e+03 3.72250e+03
40 4.23750e+03 3.72250e+03
41 4.26750e+03 3.70750e+03
42 4.31250e+03 3.69250e+03
43 4.25250e+03 3.66250e+03
44 4.31250e+03 3.64750e+03
45 4.29750e+03 3.63250e+03
46 4.34250e+03 3.61750e+03
47 4.22250e+03 3.60250e+03
48 4.32750e+03 3.58750e+03
49 4.32750e+03 3.52750e+03
50 4.38750e+03 3.46750e+03
51 4.28250e+03 3.46750e+03
52 4.20750e+03 3.46750e+03
53 4.34250e+03 3.43750e+03
54 4.32750e+03 3.42250e+03
55 4.32750e+03 3.39250e+03
56 4.34250e+03 3.37750e+03
57 4.23750e+03 3.36250e+03
58 4.38750e+03 3.31750e+03
59 4.31250e+03 3.27250e+03
60 4.22250e+03 3.25750e+03
61 4.20750e+03 3.22750e+03
62 3.69750e+03 3.48250e+03
63 2.69250e+03 4.66750e+03
64 2.64750e+03 4.68250e+03
65 3.06750e+03 4.92250e+03
66 3.12750e+03 5.04250e+03
67 3.08250e+03 5.08750e+03
68 3.00750e+03 5.11750e+03
69 3.14250e+03 5.22250e+03
70 2.70750e+03 5.11750e+03
71 2.69250e+03 5.05750e+03
72 2.57250e+03 5.02750e+03
73 2.37750e+03 5.13250e+03
74 1.47750e+03 4.02250e+03
75 1.23750e+03 3.99250e+03
76 1.35750e+03 3.96250e+03
77 1.41750e+03 3.93250e+03
78 1.25250e+03 3.93250e+03
79 1.31250e+03 3.90250e+03
80 1.28250e+03 3.82750e+03
81 1.37250e+03 3.82750e+03
82 1.50750e+03 3.82750e+03
83 1.26750e+03 3.81250e+03
84 1.28250e+03 3.79750e+03
85 1.26750e+03 3.76750e+03
86 1.43250e+03 3.76750e+03
87 1.37250e+03 3.73750e+03
88 1.32750e+03 3.72250e+03
89 1.26750e+03 3.70750e+03
90 1.49250e+03 3.66250e+03
91 1.26750e+03 3.63250e+03
92 1.35750e+03 3.60250e+03
93 1.50750e+03 3.58750e+03
94 1.26750e+03 3.57250e+03
95 1.38750e+03 3.52750e+03
96 1.34250e+03 3.51250e+03
97 1.32750e+03 3.45250e+03
98 1.34250e+03 3.37750e+03
99 1.32750e+03 3.31750e+03
100 1.43250e+03 3.27250e+03
101 1.46250e+03 3.25750e+03
102 1.40250e+03 3.22750e+03
103 1.80750e+03 4.71250e+03
104 1.82250e+03 4.72750e+03
105 1.86750e+03 5.25250e+03
106 1.24500e+03 5.84500e+03
107 1.04250e+03 2.46250e+03
108 1.05750e+03 2.46250e+03
109 1.07250e+03 2.46250e+03
110 1.08750e+03 2.46250e+03
111 1.04250e+03 2.47750e+03
112 1.05750e+03 2.47750e+03
113 1.07250e+03 2.47750e+03
114 1.08750e+03 2.47750e+03
115 1.04250e+03 2.49250e+03
116 1.05750e+03 2.49250e+03
117 1.07250e+03 2.49250e+03
118 1.08750e+03 2.49250e+03
119 1.04250e+03 2.50750e+03
120 1.05750e+03 2.50750e+03
121 1.07250e+03 2.50750e+03
122 1.08750e+03 2.50750e+03
123 1.04250e+03 2.52250e+03
124 1.05750e+03 2.52250e+03
125 1.07250e+03 2.52250e+03
126 1.08750e+03 2.52250e+03
127 1.04250e+03 2.53750e+03
128 1.05750e+03 2.53750e+03
129 1.07250e+03 2.53750e+03
130 1.08750e+03 2.53750e+03
131 1.04250e+03 2.55250e+03
132 1.05750e+03 2.55250e+03
133 1.07250e+03 2.55250e+03
134 1.08750e+03 2.55250e+03
135 1.04250e+03 2.56750e+03
136 1.05750e+03 2.56750e+03
137 1.07250e+03 2.56750e+03
138 1.08750e+03 2.56750e+03
139 1.04250e+03 2.58250e+03
140 1.05750e+03 2.58250e+03
141 1.07250e+03 2.58250e+03
142 1.08750e+03 2.58250e+03
143 1.04250e+03 2.59750e+03
144 1.05750e+03 2.59750e+03
145 1.07250e+03 2.59750e+03
146 1.08750e+03 2.59750e+03
147 1.04250e+03 2.61250e+03
148 1.05750e+03 2.61250e+03
149 1.07250e+03 2.61250e+03
150 1.08750e+03 2.61250e+03
151 1.04250e+03 2.62750e+03
152 1.05750e+03 2.62750e+03
153 1.07250e+03 2.62750e+03
154 1.08750e+03 2.62750e+03
155 1.04250e+03 2.64250e+03
156 1.05750e+03 2.64250e+03
157 1.07250e+03 2.64250e+03
158 1.08750e+03 2.64250e+03
159 1.04250e+03 2.65750e+03
160 1.05750e+03 2.65750e+03
161 1.07250e+03 2.65750e+03
162 1.08750e+03 2.65750e+03
163 1.04250e+03 2.67250e+03
164 1.05750e+03 2.67250e+03
165 1.07250e+03 2.67250e+03
166 1.08750e+03 2.67250e+03
167 1.04250e+03 2.68750e+03
168 1.05750e+03 2.68750e+03
169 1.07250e+03 2.68750e+03
170 1.08750e+03 2.68750e+03
171 1.04250e+03 2.70250e+03
172 1.05750e+03 2.70250e+03
173 1.07250e+03 2.70250e+03
174 1.08750e+03 2.70250e+03
175 1.04250e+03 2.71750e+03
176 1.05750e+03 2.71750e+03
177 1.07250e+03 2.71750e+03
178 1.08750e+03 2.71750e+03
179 1.04250e+03 2.73250e+03
180 1.05750e+03 2.73250e+03
181 1.07250e+03 2.73250e+03
182 1.08750e+03 2.73250e+03
183 1.04250e+03 2.74750e+03
184 1.05750e+03 2.74750e+03
185 1.07250e+03 2.74750e+03
186 1.08750e+03 2.74750e+03
187 1.04250e+03 2.76250e+03
188 1.05750e+03 2.76250e+03
189 1.07250e+03 2.76250e+03
190 1.08750e+03 2.76250e+03
191 1.04250e+03 2.77750e+03
192 1.05750e+03 2.77750e+03
193 1.07250e+03 2.77750e+03
194 1.08750e+03 2.77750e+03
195 1.04250e+03 2.79250e+03
196 1.05750e+03 2.79250e+03
197 1.07250e+03 2.79250e+03
198 1.08750e+03 2.79250e+03
199 1.04250e+03 2.80750e+03
200 1.05750e+03 2.80750e+03
201 1.07250e+03 2.80750e+03
202 1.08750e+03 2.80750e+03
203 1.04250e+03 4.95250e+03
204 1.05750e+03 4.95250e+03
205 1.07250e+03 4.95250e+03
206 1.08750e+03 4.95250e+03
207 1.04250e+03 4.96750e+03
208 1.05750e+03 4.96750e+03
209 1.07250e+03 4.96750e+03
210 1.08750e+03 4.96750e+03
211 1.04250e+03 4.98250e+03
212 1.05750e+03 4.98250e+03
213 1.07250e+03 4.98250e+03
214 1.08750e+03 4.98250e+03
215 1.04250e+03 4.99750e+03
216 1.05750e+03 4.99750e+03
217 1.07250e+03 4.99750e+03
218 1.08750e+03 4.99750e+03
219 1.04250e+03 5.01250e+03
220 1.05750e+03 5.01250e+03
221 1.07250e+03 5.01250e+03
222 1.08750e+03 5.01250e+03
223 1.04250e+03 5.02750e+03
224 1.05750e+03 5.02750e+03
225 1.07250e+03 5.02750e+03
226 1.08750e+03 5.02750e+03
227 1.04250e+03 5.04250e+03
228 1.05750e+03 5.04250e+03
229 1.07250e+03 5.04250e+03
230 1.08750e+03 5.04250e+03
231 1.04250e+03 5.05750e+03
232 1.05750e+03 5.05750e+03
233 1.07250e+03 5.05750e+03
234 1.08750e+03 5.05750e+03
235 1.04250e+03 5.07250e+03
236 1.05750e+03 5.07250e+03
237 1.07250e+03 5.07250e+03
238 1.08750e+03 5.07250e+03
239 1.04250e+03 5.08750e+03
240 1.05750e+03 5.08750e+03
241 1.07250e+03 5.08750e+03
242 1.08750e+03 5.08750e+03
243 1.04250e+03 5.10250e+03
244 1.05750e+03 5.10250e+03
245 1.07250e+03 5.10250e+03
246 1.08750e+03 5.10250e+03
247 1.04250e+03 5.11750e+03
248 1.05750e+03 5.11750e+03
249 1.07250e+03 5.11750e+03
250 1.08750e+03 5.11750e+03
251 1.04250e+03 5.13250e+03
252 1.05750e+03 5.13250e+03
253 1.07250e+03 5.13250e+03
254 1.08750e+03 5.13250e+03
255 1.04250e+03 5.14750e+03
256 1.05750e+03 5.14750e+03
257 1.07250e+03 5.14750e+03
258 1.08750e+03 5.14750e+03
259 1.04250e+03 5.16250e+03
260 1.05750e+03 5.16250e+03
261 1.07250e+03 5.16250e+03
262 1.08750e+03 5.16250e+03
263 1.04250e+03 5.17750e+03
264 1.05750e+03 5.17750e+03
265 1.07250e+03 5.17750e+03
266 1.08750e+03 5.17750e+03
267 1.04250e+03 5.19250e+03
268 1.05750e+03 5.19250e+03
269 1.07250e+03 5.19250e+03
270 1.08750e+03 5.19250e+03
271 1.04250e+03 5.20750e+03
272 1.05750e+03 5.20750e+03
273 1.07250e+03 5.20750e+03
274 1.08750e+03 5.20750e+03
275 1.04250e+03 5.22250e+03
276 1.05750e+03 5.22250e+03
277 1.07250e+03 5.22250e+03
278 1.08750e+03 5.22250e+03
279 1.04250e+03 5.23750e+03
280 1.05750e+03 5.23750e+03
281 1.07250e+03 5.23750e+03
282 1.08750e+03 5.23750e+03
283 1.04250e+03 5.25250e+03
284 1.05750e+03 5.25250e+03
285 1.07250e+03 5.25250e+03
286 1.08750e+03 5.25250e+03
287 1.04250e+03 5.26750e+03
288 1.05750e+03 5.26750e+03
289 1.07250e+03 5.26750e+03
290 1.08750e+03 5.26750e+03
291 1.04250e+03 5.28250e+03
292 1.05750e+03 5.28250e+03
293 1.07250e+03 5.28250e+03
294 1.08750e+03 5.28250e+03
295 1.04250e+03 5.29750e+03
296 1.05750e+03 5.29750e+03
297 1.07250e+03 5.29750e+03
298 1.08750e+03 5.29750e+03
299 5.81250e+03 2.46250e+03
300 5.82750e+03 2.46250e+03
301 5.84250e+03 2.46250e+03
302 5.85750e+03 2.46250e+03
303 5.81250e+03 2.47750e+03
304 5.82750e+03 2.47750e+03
305 5.84250e+03 2.47750e+03
306 5.85750e+03 2.47750e+03
307 5.81250e+03 2.49250e+03
308 5.82750e+03 2.49250e+03
309 5.84250e+03 2.49250e+03
310 5.85750e+03 2.49250e+03
311 5.81250e+03 2.50750e+03
312 5.82750e+03 2.50750e+03
313 5.84250e+03 2.50750e+03
314 5.85750e+03 2.50750e+03
315 5.81250e+03 2.52250e+03
316 5.82750e+03 2.52250e+03
317 5.84250e+03 2.52250e+03
318 5.85750e+03 2.52250e+03
319 5.81250e+03 2.53750e+03
320 5.82750e+03 2.53750e+03
321 5.84250e+03 2.53750e+03
322 5.85750e+03 2.53750e+03
323 5.81250e+03 2.55250e+03
324 5.82750e+03 2.55250e+03
325 5.84250e+03 2.55250e+03
326 5.85750e+03 2.55250e+03
327 5.81250e+03 2.56750e+03
328 5.82750e+03 2.56750e+03
329 5.84250e+03 2.56750e+03
330 5.85750e+03 2.56750e+03
331 5.81250e+03 2.58250e+03
332 5.82750e+03 2.58250e+03
333 5.84250e+03 2.58250e+03
334 5.85750e+03 2.58250e+03
335 5.81250e+03 2.59750e+03
336 5.82750e+03 2.59750e+03
337 5.84250e+03 2.59750e+03
338 5.85750e+03 2.59750e+03
339 5.81250e+03 2.61250e+03
340 5.82750e+03 2.61250e+03
341 5.84250e+03 2.61250e+03
342 5.85750e+03 2.61250e+03
343 5.81250e+03 2.62750e+03
344 5.82750e+03 2.62750e+03
345 5.84250e+03 2.62750e+03
346 5.85750e+03 2.62750e+03
347 5.81250e+03 2.64250e+03
348 5.82750e+03 2.64250e+03
349 5.84250e+03 2.64250e+03
350 5.85750e+03 2.64250e+03
351 5.81250e+03 2.65750e+03
352 5.82750e+03 2.65750e+03
353 5.84250e+03 2.65750e+03
354 5.85750e+03 2.65750e+03
355 5.81250e+03 2.67250e+03
356 5.82750e+03 2.67250e+03
357 5.84250e+03 2.67250e+03
358 5.85750e+03 2.67250e+03
359 5.81250e+03 2.68750e+03
360 5.82750e+03 2.68750e+03
361 5.84250e+03 2.68750e+03
362 5.85750e+03 2.68750e+03
363 5.81250e+03 2.70250e+03
364 5.82750e+03 2.70250e+03
365 5.84250e+03 2.70250e+03
366 5.85750e+03 2.70250e+03
367 5.81250e+03 2.71750e+03
368 5.82750e+03 2.71750e+03
369 5.84250e+03 2.71750e+03
370 5.85750e+03 2.71750e+03
371 5.81250e+03 2.73250e+03
372 5.82750e+03 2.73250e+03
373 5.84250e+03 2.73250e+03
374 5.85750e+03 2.73250e+03
375 5.81250e+03 2.74750e+03
376 5.82750e+03 2.74750e+03
377 5.84250e+03 2.74750e+03
378 5.85750e+03 2.74750e+03
379 5.81250e+03 2.76250e+03
380 5.82750e+03 2.76250e+03
381 5.84250e+03 2.76250e+03
382 5.85750e+03 2.76250e+03
383 5.81250e+03 2.77750e+03
384 5.82750e+03 2.77750e+03
385 5.84250e+03 2.77750e+03
386 5.85750e+03 2.77750e+03
387 5.81250e+03 2.79250e+03
388 5.82750e+03 2.79250e+03
389 5.84250e+03 2.79250e+03
390 5.85750e+03 2.79250e+03
391 5.81250e+03 2.80750e+03
392 5.82750e+03 2.80750e+03
393 5.84250e+03 2.80750e+03
394 5.85750e+03 2.80750e+03
395 5.81250e+03 4.95250e+03
396 5.82750e+03 4.95250e+03
397 5.84250e+03 4.95250e+03
398 5.85750e+03 4.95250e+03
399 5.81250e+03 4.96750e+03
400 5.82750e+03 4.96750e+03
401 5.84250e+03 4.96750e+03
402 5.85750e+03 4.96750e+03
403 5.81250e+03 4.98250e+03
404 5.82750e+03 4.98250e+03
405 5.84250e+03 4.98250e+03
406 5.85750e+03 4.98250e+03
407 5.81250e+03 4.99750e+03
408 5.82750e+03 4.99750e+03
409 5.84250e+03 4.99750e+03
410 5.85750e+03 4.99750e+03
411 5.81250e+03 5.01250e+03
412 5.82750e+03 5.01250e+03
413 5.84250e+03 5.01250e+03
414 5.85750e+03 5.01250e+03
415 5.81250e+03 5.02750e+03
416 5.82750e+03 5.02750e+03
417 5.84250e+03 5.02750e+03
418 5.85750e+03 5.02750e+03
419 5.81250e+03 5.04250e+03
420 5.82750e+03 5.04250e+03
421 5.84250e+03 5.04250e+03
422 5.85750e+03 5.04250e+03
423 5.81250e+03 5.05750e+03
424 5.82750e+03 5.05750e+03
425 5.84250e+03 5.05750e+03
426 5.85750e+03 5.05750e+03
427 5.81250e+03 5.07250e+03
428 5.82750e+03 5.07250e+03
429 5.84250e+03 5.07250e+03
430 5.85750e+03 5.07250e+03
431 5.81250e+03 5.08750e+03
432 5.82750e+03 5.08750e+03
433 5.84250e+03 5.08750e+03
434 5.85750e+03 5.08750e+03
435 5.81250e+03 5.10250e+03
436 5.82750e+03 5.10250e+03
437 5.84250e+03 5.10250e+03
438 5.85750e+03 5.10250e+03
439 5.81250e+03 5.11750e+03
440 5.82750e+03 5.11750e+03
441 5.84250e+03 5.11750e+03
442 5.85750e+03 5.11750e+03
443 5.81250e+03 5.13250e+03
444 5.82750e+03 5.13250e+03
445 5.84250e+03 5.13250e+03
446 5.85750e+03 5.13250e+03
447 5.81250e+03 5.14750e+03
448 5.82750e+03 5.14750e+03
449 5.84250e+03 5.14750e+03
450 5.85750e+03 5.14750e+03
451 5.81250e+03 5.16250e+03
452 5.82750e+03 5.16250e+03
453 5.84250e+03 5.16250e+03
454 5.85750e+03 5.16250e+03
455 5.81250e+03 5.17750e+03
456 5.82750e+03 5.17750e+03
457 5.84250e+03 5.17750e+03
458 5.85750e+03 5.17750e+03
459 5.81250e+03 5.19250e+03
460 5.82750e+03 5.19250e+03
461 5.84250e+03 5.19250e+03
462 5.85750e+03 5.19250e+03
463 5.81250e+03 5.20750e+03
464 5.82750e+03 5.20750e+03
465 5.84250e+03 5.20750e+03
466 5.85750e+03 5.20750e+03
467 5.81250e+03 5.22250e+03
468 5.82750e+03 5.22250e+03
469 5.84250e+03 5.22250e+03
470 5.85750e+03 5.22250e+03
471 5.81250e+03 5.23750e+03
472 5.82750e+03 5.23750e+03
473 5.84250e+03 5.23750e+03
474 5.85750e+03 5.23750e+03
475 5.81250e+03 5.25250e+03
476 5.82750e+03 5.25250e+03
477 5.84250e+03 5.25250e+03
478 5.85750e+03 5.25250e+03
479 5.81250e+03 5.26750e+03
480 5.82750e+03 5.26750e+03
481 5.84250e+03 5.26750e+03
482 5.85750e+03 5.26750e+03
483 5.81250e+03 5.28250e+03
484 5.82750e+03 5.28250e+03
485 5.84250e+03 5.28250e+03
486 5.85750e+03 5.28250e+03
487 5.81250e+03 5.29750e+03
488 5.82750e+03 5.29750e+03
489 5.84250e+03 5.29750e+03
490 5.85750e+03 5.29750e+03
491 1.04250e+03 1.80250e+03
492 1.04250e+03 1.81750e+03
493 1.04250e+03 1.83250e+03
494 1.04250e+03 1.87750e+03
495 1.04250e+03 1.89250e+03
496 1.04250e+03 1.92250e+03
497 1.04250e+03 1.95250e+03
498 1.04250e+03 1.99750e+03
499 1.04250e+03 2.07250e+03
500 1.04250e+03 2.11750e+03
501 1.04250e+03 2.16250e+03
502 1.04250e+03 2.22250e+03
503 1.04250e+03 2.25250e+03
504 1.04250e+03 2.35750e+03
505 1.04250e+03 2.40250e+03
506 1.04250e+03 4.29250e+03
507 1.04250e+03 4.30750e+03
508 1.04250e+03 4.32250e+03
509 1.04250e+03 4.36750e+03
510 1.04250e+03 4.38250e+03
511 1.04250e+03 4.41250e+03
512 1.04250e+03 4.44250e+03
513 1.04250e+03 4.48750e+03
514 1.04250e+03 4.56250e+03
515 1.04250e+03 4.60750e+03
516 1.04250e+03 4.65250e+03
517 1.04250e+03 4.71250e+03
518 1.04250e+03 4.74250e+03
519 1.04250e+03 4.84750e+03
520 1.04250e+03 4.89250e+03
521 1.05750e+03 1.84750e+03
522 1.05750e+03 1.95250e+03
523 1.05750e+03 2.02750e+03
524 1.05750e+03 2.08750e+03
525 1.05750e+03 2.14750e+03
526 1.05750e+03 2.28250e+03
527 1.05750e+03 4.33750e+03
528 1.05750e+03 4.44250e+03
529 1.05750e+03 4.51750e+03
530 1.05750e+03 4.57750e+03
531 1.05750e+03 4.63750e+03
532 1.05750e+03 4.77250e+03
533 1.07250e+03 1.81750e+03
534 1.07250e+03 1.83250e+03
535 1.07250e+03 1.89250e+03
536 1.07250e+03 1.96750e+03
537 1.07250e+03 2.16250e+03
538 1.07250e+03 2.22250e+03
539 1.07250e+03 2.28250e+03
540 1.07250e+03 2.35750e+03
541 1.07250e+03 4.30750e+03
542 1.07250e+03 4.32250e+03
543 1.07250e+03 4.38250e+03
544 1.07250e+03 4.45750e+03
545 1.07250e+03 4.65250e+03
546 1.07250e+03 4.71250e+03
547 1.07250e+03 4.77250e+03
548 1.07250e+03 4.84750e+03
549 1.08750e+03 1.78750e+03
550 1.08750e+03 1.84750e+03
551 1.08750e+03 1.87750e+03
552 1.08750e+03 1.96750e+03
553 1.08750e+03 1.99750e+03
554 1.08750e+03 2.02750e+03
555 1.08750e+03 2.08750e+03
556 1.08750e+03 2.11750e+03
557 1.08750e+03 2.14750e+03
558 1.08750e+03 2.19250e+03
559 1.08750e+03 2.25250e+03
560 1.08750e+03 2.40250e+03
561 1.08750e+03 4.27750e+03
562 1.08750e+03 4.33750e+03
563 1.08750e+03 4.36750e+03
564 1.08750e+03 4.45750e+03
565 1.08750e+03 4.48750e+03
566 1.08750e+03 4.51750e+03
567 1.08750e+03 4.57750e+03
568 1.08750e+03 4.60750e+03
569 1.08750e+03 4.63750e+03
570 1.08750e+03 4.68250e+03
571 1.08750e+03 4.74250e+03
572 1.08750e+03 4.89250e+03
573 5.81250e+03 1.80250e+03
574 5.81250e+03 1.81750e+03
575 5.81250e+03 1.83250e+03
576 5.81250e+03 1.87750e+03
577 5.81250e+03 1.89250e+03
578 5.81250e+03 1.92250e+03
579 5.81250e+03 1.95250e+03
580 5.81250e+03 1.99750e+03
581 5.81250e+03 2.07250e+03
582 5.81250e+03 2.11750e+03
583 5.81250e+03 2.16250e+03
584 5.81250e+03 2.22250e+03
585 5.81250e+03 2.25250e+03
586 5.81250e+03 2.35750e+03
587 5.81250e+03 2.40250e+03
588 5.81250e+03 4.29250e+03
589 5.81250e+03 4.30750e+03
590 5.81250e+03 4.32250e+03
591 5.81250e+03 4.36750e+03
592 5.81250e+03 4.38250e+03
593 5.81250e+03 4.41250e+03
594 5.81250e+03 4.44250e+03
595 5.81250e+03 4.48750e+03
596 5.81250e+03 4.56250e+03
597 5.81250e+03 4.60750e+03
598 5.81250e+03 4.65250e+03
599 5.81250e+03 4.71250e+03
600 5.81250e+03 4.74250e+03
601 5.81250e+03 4.84750e+03
602 5.81250e+03 4.89250e+03
603 5.82750e+03 1.84750e+03
604 5.82750e+03 1.95250e+03
605 5.82750e+03 2.02750e+03
606 5.82750e+03 2.08750e+03
607 5.82750e+03 2.14750e+03
608 5.82750e+03 2.28250e+03
609 5.82750e+03 4.33750e+03
610 5.82750e+03 4.44250e+03
611 5.82750e+03 4.51750e+03
612 5.82750e+03 4.57750e+03
613 5.82750e+03 4.63750e+03
614 5.82750e+03 4.77250e+03
615 5.84250e+03 1.81750e+03
616 5.84250e+03 1.83250e+03
617 5.84250e+03 1.89250e+03
618 5.84250e+03 1.96750e+03
619 5.84250e+03 2.16250e+03
620 5.84250e+03 2.22250e+03
621 5.84250e+03 2.28250e+03
622 5.84250e+03 2.35750e+03
623 5.84250e+03 4.30750e+03
624 5.84250e+03 4.32250e+03
625 5.84250e+03 4.38250e+03
626 5.84250e+03 4.45750e+03
627 5.84250e+03 4.65250e+03
628 5.84250e+03 4.71250e+03
629 5.84250e+03 4.77250e+03
630 5.84250e+03 4.84750e+03
631 5.85750e+03 1.78750e+03
632 5.85750e+03 1.84750e+03
633 5.85750e+03 1.87750e+03
634 5.85750e+03 1.96750e+03
635 5.85750e+03 1.99750e+03
636 5.85750e+03 2.02750e+03
637 5.85750e+03 2.08750e+03
638 5.85750e+03 2.11750e+03
639 5.85750e+03 2.14750e+03
640 5.85750e+03 2.19250e+03
641 5.85750e+03 2.25250e+03
642 5.85750e+03 2.40250e+03
643 5.85750e+03 4.27750e+03
644 5.85750e+03 4.33750e+03
645 5.85750e+03 4.36750e+03
646 5.85750e+03 4.45750e+03
647 5.85750e+03 4.48750e+03
648 5.85750e+03 4.51750e+03
649 5.85750e+03 4.57750e+03
650 5.85750e+03 4.60750e+03
651 5.85750e+03 4.63750e+03
652 5.85750e+03 4.68250e+03
653 5.85750e+03 4.74250e+03
654 5.85750e+03 4.89250e+03


1   10  549  491  533  492  534  493  550  521  551  494
2   10    3    4    5  558  557  559  556  555  538  537
3   10    2    4    5  558  559  557  556  555  538  537
4   10    5    3    2  101  102  100  182  186  178  190
5   10    4    3    2    6    7    8  101  100  102    9
6   10    7    8    9   10   13   11   12   93   90    5
7   10    6    8    9   10   13   11   12    5   93   90
8   10    7    9    6   10   13   11   12   63   64   93
9   10    8   10    7    6   13   11   12   63   64   14
10   10    9    8    7    6   63   64   13   11   12   65
11   10   12   13   62   14    9    8    7    6   10   52
12   10   11   13   62   14    9    8    7   61   52   60
13   10   11   12   14   62    9   10    8    7    6   52
14   10   62   13   12   11   47   35   36   40   52   43
15   10   17   61   60   59   58   57   56   55   54   53
16   10  631  573  574  615  575  616  603  632  576  633
17   10   15   58   59  311  315  307  319  303  323  299
18   10   19   50   58   53   56   46   49   54   48   55
19   10   18   50   39   46   38   48   49   53   44   42
20   10   21   24   25   26   27   23   28   22   31   29
21   10   20   24   26   25   27   23   28   22   31   29
22   10   23   29   28   30   25   27   32   31   24   20
23   10   22   29   28   25   27   30   31   24   32   20
24   10   26   21   25   20   27   28   23   31   22   29
25   10   27   24   26   28   31   23   21   20   29   32
26   10   24   27   25   21   20   28   31   32   23   34
27   10   25   28   26   31   24   32   29   23   33   21
28   10   31   27   29   32   25   23   33   30   34   26
29   10   30   28   32   23   31   22   33   27   35   25
30   10   29   35   32   28   33   31   23   22   34   36
31   10   32   28   33   34   27   29   25   30   26   35
32   10   33   31   34   28   29   30   27   35   37   25
33   10   32   34   31   37   35   28   30   29   36   38
34   10   33   32   31   38   37   28   39   35   36   27
35   10   36   37   30   33   32   40   29   34   41   31
36   10   37   40   35   41   33   43   42   34   32   30
37   10   36   40   41   35   33   42   34   43   38   39
38   10   39   42   34   41   37   33   44   40   45   32
39   10   38   42   44   41   46   45   34   37   40   43
40   10   41   37   36   43   42   44   45   35   39   47
41   10   40   43   42   37   44   36   45   39   38   47
42   10   44   41   39   45   43   38   46   40   37   48
43   10   41   45   44   40   47   42   46   37   48   36
44   10   45   46   42   48   43   41   39   47   40   38
45   10   44   46   48   43   42   47   41   40   39   49
46   10   48   44   45   42   49   43   39   41   47   38
47   10   43   45   44   48   41   46   40   42   49   52
48   10   46   45   49   44   47   43   42   51   50   41
49   10   48   51   50   53   46   54   45   44   47   52
50   10   53   54   49   55   56   51   48   58   46   52
51   10   54   53   52   49   55   50   56   57   48   47
52   10   51   57   54   49   47   53   55   56   48   50
53   10   54   55   50   56   51   49   58   57   52   48
54   10   53   55   56   51   50   49   57   58   52   59
55   10   56   54   53   51   57   58   50   59   49   52
56   10   55   54   53   58   50   57   51   59   49   52
57   10   55   60   56   54   52   51   59   53   61   58
58   10   56   59   55   54   53   50   57   60   51   61
59   10   58   60   56   61   57   55   54   53   51   50
60   10   61   59   57   56   55   58   54   52   53   51
61   10   60   59   57   58   56   55   54   52   53   51
62   10   14   12   13   11   52   47   57   61   60   43
63   10   64   72   71   70   65   68   73   67   66   10
64   10   63   72   71   70   65   73   68   67   66   10
65   10   66   67   68   69   71   70   63   64   72   73
66   10   67   65   68   69   70   71   72   63   64   73
67   10   66   68   69   65   70   71   72   63   64   73
68   10   67   66   69   65   70   71   72   63   64   73
69   10   67   68   66   65   70   71   72   63   64   73
70   10   71   72   68   73   67   65   66   64   69   63
71   10   70   72   68   73   64   63   67   65   66   69
72   10   71   70   73   64   63   68   65   67   66   69
73   10   72   71   70  105   64   63   68  104   67  103
74   10   77   76   82   79   81   75   78   86   80   83
75   10   78   79   76   80   83   77   84   81   85   74
76   10   77   79   78   75   74   81   80   83   84   82
77   10   76   74   79   81   82   78   86   80   75   84
78   10   75   79   80   76   83   84   81   77   85   88
79   10   78   76   80   81   83   84   77   75   85   87
80   10   83   84   85   79   81   78   88   89   87   76
81   10   86   87   80   84   79   83   88   77   85   82
82   10   86   81   77   87   90   74   76   88   79   80
83   10   84   80   85   79   89   81   88   78   87   86
84   10   83   80   85   88   89   81   87   79   78   86
85   10   84   83   89   80   88   87   81   91   79   86
86   10   87   81   82   88   90   84   80   85   77   83
87   10   88   86   81   84   89   85   80   83   92   90
88   10   87   89   85   84   91   83   86   81   80   92
89   10   85   88   91   84   83   87   80   94   92   81
90   10   93   86   87   92   82   95   88   81   96   91
91   10   94   89   92   88   85   96   87   95   84   83
92   10   95   96   94   91   88   87   89   90   93   97
93   10   90   95   92   96   86   87   97   88   82   94
94   10   91   92   96   95   97   89   88   85   87   98
95   10   96   92   97   94   93   98   91   90   88   87
96   10   95   97   92   94   98   91   93   99   89   88
97   10   96   98   95   94   99   92   91  100   93  102
98   10   99   97   96  100   95  102  101   94   92   91
99   10   98  100  102   97  101   96   95   94   92   91
100   10  101  102   99   98   97   96   95   93   92   94
101   10  100  102   99   98   97   95   96   93   92   94
102   10  100  101   99   98   97   96   95   94   93   92
103   10  104  105   73  571  570  569  568  567  546  547
104   10  103  105   73  571  570  569  568  567  546  547
105   10   73  104  103   72  286  290  282  294  278  298
106   10  298  297  296  295  294  293  292  291  290  289
107   10  111  108  112  115  109  116  113  117  119  110
108   10  112  109  107  113  111  116  110  117  115  114
109   10  113  110  108  114  112  117  107  118  116  111
110   10  114  109  113  118  108  117  112  116  122  107
111   10  115  112  107  116  108  119  113  120  117  109
112   10  116  113  111  108  117  115  109  107  120  114
113   10  117  114  112  109  118  116  110  108  121  111
114   10  118  113  110  117  109  122  112  121  116  108
115   10  119  116  111  120  112  123  117  107  124  121
116   10  120  117  115  112  121  119  113  111  124  118
117   10  121  118  116  113  122  120  114  112  125  115
118   10  122  117  114  121  113  126  116  110  125  120
119   10  123  120  115  124  116  127  121  111  128  125
120   10  124  121  119  116  125  123  117  115  128  122
121   10  125  122  120  117  126  124  118  116  129  119
122   10  126  121  118  125  117  130  120  114  129  124
123   10  127  124  119  128  120  131  125  115  132  129
124   10  128  125  123  120  129  127  121  119  132  126
125   10  129  126  124  121  130  128  122  120  133  123
126   10  130  125  122  129  121  134  124  118  133  128
127   10  131  128  123  132  124  135  129  119  136  133
128   10  132  129  127  124  133  131  125  123  136  130
129   10  133  130  128  125  134  132  126  124  137  127
130   10  134  129  126  133  125  138  128  122  137  132
131   10  135  132  127  136  128  139  133  123  140  137
132   10  136  133  131  128  137  135  129  127  140  134
133   10  137  134  132  129  138  136  130  128  141  131
134   10  138  133  130  137  129  142  132  126  141  136
135   10  139  136  131  140  132  143  137  127  144  141
136   10  140  137  135  132  141  139  133  131  144  138
137   10  141  138  136  133  142  140  134  132  145  135
138   10  142  137  134  141  133  146  136  130  145  140
139   10  143  140  135  144  136  147  141  131  148  145
140   10  144  141  139  136  145  143  137  135  148  142
141   10  145  142  140  137  146  144  138  136  149  139
142   10  146  141  138  145  137  150  140  134  149  144
143   10  147  144  139  148  140  151  145  135  152  149
144   10  148  145  143  140  149  147  141  139  152  146
145   10  149  146  144  141  150  148  142  140  153  143
146   10  150  145  142  149  141  154  144  138  153  148
147   10  151  148  143  152  144  155  149  139  156  153
148   10  152  149  147  144  153  151  145  143  156  150
149   10  153  150  148  145  154  152  146  144  157  147
150   10  154  149  146  153  145  158  148  142  157  152
151   10  155  152  147  156  148  159  153  143  160  157
152   10  156  153  151  148  157  155  149  147  160  154
153   10  157  154  152  149  158  156  150  148  161  151
154   10  158  153  150  157  149  162  152  146  161  156
155   10  159  156  151  160  152  163  157  147  164  161
156   10  160  157  155  152  161  159  153  151  164  158
157   10  161  158  156  153  162  160  154  152  165  155
158   10  162  157  154  161  153  166  156  150  165  160
159   10  163  160  155  164  156  167  161  151  168  165
160   10  164  161  159  156  165  163  157  155  168  162
161   10  165  162  160  157  166  164  158  156  169  159
162   10  166  161  158  165  157  170  160  154  169  164
163   10  167  164  159  168  160  171  165  155  172  169
164   10  168  165  163  160  169  167  161  159  172  166
165   10  169  166  164  161  170  168  162  160  173  163
166   10  170  165  162  169  161  174  164  158  173  168
167   10  171  168  163  172  164  175  169  159  176  173
168   10  172  169  167  164  173  171  165  163  176  170
169   10  173  170  168  165  174  172  166  164  177  167
170   10  174  169  166  173  165  178  168  162  177  172
171   10  175  172  167  176  168  179  173  163  180  177
172   10  176  173  171  168  177  175  169  167  180  174
173   10  177  174  172  169  178  176  170  168  181  171
174   10  178  173  170  177  169  182  172  166  181  176
175   10  179  176  171  180  172  183  177  167  184  181
176   10  180  177  175  172  181  179  173  171  184  178
177   10  181  178  176  173  182  180  174  172  185  175
178   10  182  177  174  181  173  186  176  170  185  180
179   10  183  180  175  184  176  187  181  171  188  185
180   10  184  181  179  176  185  183  177  175  188  182
181   10  185  182  180  177  186  184  178  176  189  179
182   10  186  181  178  185  177  190  180  174  189  184
183   10  187  184  179  188  180  191  185  175  192  189
184   10  188  185  183  180  189  187  181  179  192  186
185   10  189  186  184  181  190  188  182  180  193  183
186   10  190  185  182  189  181  194  184  178  193  188
187   10  191  188  183  192  184  195  189  179  196  193
188   10  192  189  187  184  193  191  185  183  196  190
189   10  193  190  188  185  194  192  186  184  197  187
190   10  194  189  186  193  185  198  188  182  197  192
191   10  195  192  187  196  188  199  193  183  200  197
192   10  196  193  191  188  197  195  189  187  200  194
193   10  197  194  192  189  198  196  190  188  201  191
194   10  198  193  190  197  189  202  192  186  201  196
195   10  199  196  191  200  192  197  187  201  193  188
196   10  200  197  195  192  201  199  193  191  198  188
197   10  201  198  196  193  202  200  194  192  195  189
198   10  202  197  194  201  193  196  190  200  192  189
199   10  200  195  196  201  191  197  192  193  202  187
200   10  201  199  196  197  195  202  192  198  193  191
201   10  202  200  197  198  196  199  193  195  194  192
202   10  201  198  197  200  194  196  193  192  199  190
203   10  207  204  208  211  205  212  209  213  215  206
204   10  208  205  203  209  207  212  206  213  211  210
205   10  209  206  204  210  208  213  203  214  212  207
206   10  210  205  209  214  204  213  208  212  218  203
207   10  211  208  203  212  204  215  209  216  213  205
208   10  212  209  207  204  213  211  205  203  216  210
209   10  213  210  208  205  214  212  206  204  217  207
210   10  214  209  206  213  205  218  208  217  212  204
211   10  215  212  207  216  208  219  213  203  220  217
212   10  216  213  211  208  217  215  209  207  220  214
213   10  217  214  212  209  218  216  210  208  221  211
214   10  218  213  210  217  209  222  212  206  221  216
215   10  219  216  211  220  212  223  217  207  224  221
216   10  220  217  215  212  221  219  213  211  224  218
217   10  221  218  216  213  222  220  214  212  225  215
218   10  222  217  214  221  213  226  216  210  225  220
219   10  223  220  215  224  216  227  221  211  228  225
220   10  224  221  219  216  225  223  217  215  228  222
221   10  225  222  220  217  226  224  218  216  229  219
222   10  226  221  218  225  217  230  220  214  229  224
223   10  227  224  219  228  220  231  225  215  232  229
224   10  228  225  223  220  229  227  221  219  232  226
225   10  229  226  224  221  230  228  222  220  233  223
226   10  230  225  222  229  221  234  224  218  233  228
227   10  231  228  223  232  224  235  229  219  236  233
228   10  232  229  227  224  233  231  225  223  236  230
229   10  233  230  228  225  234  232  226  224  237  227
230   10  234  229  226  233  225  238  228  222  237  232
231   10  235  232  227  236  228  239  233  223  240  237
232   10  236  233  231  228  237  235  229  227  240  234
233   10  237  234  232  229  238  236  230  228  241  231
234   10  238  233  230  237  229  242  232  226  241  236
235   10  239  236  231  240  232  243  237  227  244  241
236   10  240  237  235  232  241  239  233  231  244  238
237   10  241  238  236  233  242  240  234  232  245  235
238   10  242  237  234  241  233  246  236  230  245  240
239   10  243  240  235  244  236  247  241  231  248  245
240   10  244  241  239  236  245  243  237  235  248  242
241   10  245  242  240  237  246  244  238  236  249  239
242   10  246  241  238  245  237  250  240  234  249  244
243   10  247  244  239  248  240  251  245  235  252  249
244   10  248  245  243  240  249  247  241  239  252  246
245   10  249  246  244  241  250  248  242  240  253  243
246   10  250  245  242  249  241  254  244  238  253  248
247   10  251  248  243  252  244  255  249  239  256  253
248   10  252  249  247  244  253  251  245  243  256  250
249   10  253  250  248  245  254  252  246  244  257  247
250   10  254  249  246  253  245  258  248  242  257  252
251   10  255  252  247  256  248  259  253  243  260  257
252   10  256  253  251  248  257  255  249  247  260  254
253   10  257  254  252  249  258  256  250  248  261  251
254   10  258  253  250  257  249  262  252  246  261  256
255   10  259  256  251  260  252  263  257  247  264  261
256   10  260  257  255  252  261  259  253  251  264  258
257   10  261  258  256  253  262  260  254  252  265  255
258   10  262  257  254  261  253  266  256  250  265  260
259   10  263  260  255  264  256  267  261  251  268  265
260   10  264  261  259  256  265  263  257  255  268  262
261   10  265  262  260  257  266  264  258  256  269  259
262   10  266  261  258  265  257  270  260  254  269  264
263   10  267  264  259  268  260  271  265  255  272  269
264   10  268  265  263  260  269  267  261  259  272  266
265   10  269  266  264  261  270  268  262  260  273  263
266   10  270  265  262  269  261  274  264  258  273  268
267   10  271  268  263  272  264  275  269  259  276  273
268   10  272  269  267  264  273  271  265  263  276  270
269   10  273  270  268  265  274  272  266  264  277  267
270   10  274  269  266  273  265  278  268  262  277  272
271   10  275  272  267  276  268  279  273  263  280  277
272   10  276  273  271  268  277  275  269  267  280  274
273   10  277  274  272  269  278  276  270  268  281  271
274   10  278  273  270  277  269  282  272  266  281  276
275   10  279  276  271  280  272  283  277  267  284  281
276   10  280  277  275  272  281  279  273  271  284  278
277   10  281  278  276  273  282  280  274  272  285  275
278   10  282  277  274  281  273  286  276  270  285  280
279   10  283  280  275  284  276  287  281  271  288  285
280   10  284  281  279  276  285  283  277  275  288  282
281   10  285  282  280  277  286  284  278  276  289  279
282   10  286  281  278  285  277  290  280  274  289  284
283   10  287  284  279  288  280  291  285  275  292  289
284   10  288  285  283  280  289  287  281  279  292  286
285   10  289  286  284  281  290  288  282  280  293  283
286   10  290  285  282  289  281  294  284  278  293  288
287   10  291  288  283  292  284  295  289  279  296  293
288   10  292  289  287  284  293  291  285  283  296  290
289   10  293  290  288  285  294  292  286  284  297  287
290   10  294  289  286  293  285  298  288  282  297  292
291   10  295  292  287  296  288  293  283  297  289  284
292   10  296  293  291  288  297  295  289  287  294  284
293   10  297  294  292  289  298  296  290  288  291  285
294   10  298  293  290  297  289  292  286  296  288  285
295   10  296  291  292  297  287  293  288  289  298  283
296   10  297  295  292  293  291  298  288  294  289  287
297   10  298  296  293  294  292  295  289  291  290  288
298   10  297  294  293  296  290  292  289  288  295  286
299   10  303  300  304  307  301  308  305  309  311  302
300   10  304  301  299  305  303  308  302  309  307  306
301   10  305  302  300  306  304  309  299  310  308  303
302   10  306  301  305  310  300  309  304  308  314  299
303   10  307  304  299  308  300  311  305  312  309  301
304   10  308  305  303  300  309  307  301  299  312  306
305   10  309  306  304  301  310  308  302  300  313  303
306   10  310  305  302  309  301  314  304  313  308  300
307   10  311  308  303  312  304  315  309  299  316  313
308   10  312  309  307  304  313  311  305  303  316  310
309   10  313  310  308  305  314  312  306  304  317  307
310   10  314  309  306  313  305  318  308  302  317  312
311   10  315  312  307  316  308  319  313  303  320  317
312   10  316  313  311  308  317  315  309  307  320  314
313   10  317  314  312  309  318  316  310  308  321  311
314   10  318  313  310  317  309  322  312  306  321  316
315   10  319  316  311  320  312  323  317  307  324  321
316   10  320  317  315  312  321  319  313  311  324  318
317   10  321  318  316  313  322  320  314  312  325  315
318   10  322  317  314  321  313  326  316  310  325  320
319   10  323  320  315  324  316  327  321  311  328  325
320   10  324  321  319  316  325  323  317  315  328  322
321   10  325  322  320  317  326  324  318  316  329  319
322   10  326  321  318  325  317  330  320  314  329  324
323   10  327  324  319  328  320  331  325  315  332  329
324   10  328  325  323  320  329  327  321  319  332  326
325   10  329  326  324  321  330  328  322  320  333  323
326   10  330  325  322  329  321  334  324  318  333  328
327   10  331  328  323  332  324  335  329  319  336  333
328   10  332  329  327  324  333  331  325  323  336  330
329   10  333  330  328  325  334  332  326  324  337  327
330   10  334  329  326  333  325  338  328  322  337  332
331   10  335  332  327  336  328  339  333  323  340  337
332   10  336  333  331  328  337  335  329  327  340  334
333   10  337  334  332  329  338  336  330  328  341  331
334   10  338  333  330  337  329  342  332  326  341  336
335   10  339  336  331  340  332  343  337  327  344  341
336   10  340  337  335  332  341  339  333  331  344  338
337   10  341  338  336  333  342  340  334  332  345  335
338   10  342  337  334  341  333  346  336  330  345  340
339   10  343  340  335  344  336  347  341  331  348  345
340   10  344  341  339  336  345  343  337  335  348  342
341   10  345  342  340  337  346  344  338  336  349  339
342   10  346  341  338  345  337  350  340  334  349  344
343   10  347  344  339  348  340  351  345  335  352  349
344   10  348  345  343  340  349  347  341  339  352  346
345   10  349  346  344  341  350  348  342  340  353  343
346   10  350  345  342  349  341  354  344  338  353  348
347   10  351  348  343  352  344  355  349  339  356  353
348   10  352  349  347  344  353  351  345  343  356  350
349   10  353  350  348  345  354  352  346  344  357  347
350   10  354  349  346  353  345  358  348  342  357  352
351   10  355  352  347  356  348  359  353  343  360  357
352   10  356  353  351  348  357  355  349  347  360  354
353   10  357  354  352  349  358  356  350  348  361  351
354   10  358  353  350  357  349  362  352  346  361  356
355   10  359  356  351  360  352  363  357  347  364  361
356   10  360  357  355  352  361  359  353  351  364  358
357   10  361  358  356  353  362  360  354  352  365  355
358   10  362  357  354  361  353  366  356  350  365  360
359   10  363  360  355  364  356  367  361  351  368  365
360   10  364  361  359  356  365  363  357  355  368  362
361   10  365  362  360  357  366  364  358  356  369  359
362   10  366  361  358  365  357  370  360  354  369  364
363   10  367  364  359  368  360  371  365  355  372  369
364   10  368  365  363  360  369  367  361  359  372  366
365   10  369  366  364  361  370  368  362  360  373  363
366   10  370  365  362  369  361  374  364  358  373  368
367   10  371  368  363  372  364  375  369  359  376  373
368   10  372  369  367  364  373  371  365  363  376  370
369   10  373  370  368  365  374  372  366  364  377  367
370   10  374  369  366  373  365  378  368  362  377  372
371   10  375  372  367  376  368  379  373  363  380  377
372   10  376  373  371  368  377  375  369  367  380  374
373   10  377  374  372  369  378  376  370  368  381  371
374   10  378  373  370  377  369  382  372  366  381  376
375   10  379  376  371  380  372  383  377  367  384  381
376   10  380  377  375  372  381  379  373  371  384  378
377   10  381  378  376  373  382  380  374  372  385  375
378   10  382  377  374  381  373  386  376  370  385  380
379   10  383  380  375  384  376  387  381  371  388  385
380   10  384  381  379  376  385  383  377  375  388  382
381   10  385  382  380  377  386  384  378  376  389  379
382   10  386  381  378  385  377  390  380  374  389  384
383   10  387  384  379  388  380  391  385  375  392  389
384   10  388  385  383  380  389  387  381  379  392  386
385   10  389  386  384  381  390  388  382  380  393  383
386   10  390  385  382  389  381  394  384  378  393  388
387   10  391  388  383  392  384  389  379  393  385  380
388   10  392  389  387  384  393  391  385  383  390  380
389   10  393  390  388  385  394  392  386  384  387  381
390   10  394  389  386  393  385  388  382  392  384  381
391   10  392  387  388  393  383  389  384  385  394  379
392   10  393  391  388  389  387  394  384  390  385  383
393   10  394  392  389  390  388  391  385  387  386  384
394   10  393  390  389  392  386  388  385  384  391  382
395   10  399  396  400  403  397  404  401  405  407  398
396   10  400  397  395  401  399  404  398  405  403  402
397   10  401  398  396  402  400  405  395  406  404  399
398   10  402  397  401  406  396  405  400  404  410  395
399   10  403  400  395  404  396  407  401  408  405  397
400   10  404  401  399  396  405  403  397  395  408  402
401   10  405  402  400  397  406  404  398  396  409  399
402   10  406  401  398  405  397  410  400  409  404  396
403   10  407  404  399  408  400  411  405  395  412  409
404   10  408  405  403  400  409  407  401  399  412  406
405   10  409  406  404  401  410  408  402  400  413  403
406   10  410  405  402  409  401  414  404  398  413  408
407   10  411  408  403  412  404  415  409  399  416  413
408   10  412  409  407  404  413  411  405  403  416  410
409   10  413  410  408  405  414  412  406  404  417  407
410   10  414  409  406  413  405  418  408  402  417  412
411   10  415  412  407  416  408  419  413  403  420  417
412   10  416  413  411  408  417  415  409  407  420  414
413   10  417  414  412  409  418  416  410  408  421  411
414   10  418  413  410  417  409  422  412  406  421  416
415   10  419  416  411  420  412  423  417  407  424  421
416   10  420  417  415  412  421  419  413  411  424  418
417   10  421  418  416  413  422  420  414  412  425  415
418   10  422  417  414  421  413  426  416  410  425  420
419   10  423  420  415  424  416  427  421  411  428  425
420   10  424  421  419  416  425  423  417  415  428  422
421   10  425  422  420  417  426  424  418  416  429  419
422   10  426  421  418  425  417  430  420  414  429  424
423   10  427  424  419  428  420  431  425  415  432  429
424   10  428  425  423  420  429  427  421  419  432  426
425   10  429  426  424  421  430  428  422  420  433  423
426   10  430  425  422  429  421  434  424  418  433  428
427   10  431  428  423  432  424  435  429  419  436  433
428   10  432  429  427  424  433  431  425  423  436  430
429   10  433  430  428  425  434  432  426  424  437  427
430   10  434  429  426  433  425  438  428  422  437  432
431   10  435  432  427  436  428  439  433  423  440  437
432   10  436  433  431  428  437  435  429  427  440  434
433   10  437  434  432  429  438  436  430  428  441  431
434   10  438  433  430  437  429  442  432  426  441  436
435   10  439  436  431  440  432  443  437  427  444  441
436   10  440  437  435  432  441  439  433  431  444  438
437   10  441  438  436  433  442  440  434  432  445  435
438   10  442  437  434  441  433  446  436  430  445  440
439   10  443  440  435  444  436  447  441  431  448  445
440   10  444  441  439  436  445  443  437  435  448  442
441   10  445  442  440  437  446  444  438  436  449  439
442   10  446  441  438  445  437  450  440  434  449  444
443   10  447  444  439  448  440  451  445  435  452  449
444   10  448  445  443  440  449  447  441  439  452  446
445   10  449  446  444  441  450  448  442  440  453  443
446   10  450  445  442  449  441  454  444  438  453  448
447   10  451  448  443  452  444  455  449  439  456  453
448   10  452  449  447  444  453  451  445  443  456  450
449   10  453  450  448  445  454  452  446  444  457  447
450   10  454  449  446  453  445  458  448  442  457  452
451   10  455  452  447  456  448  459  453  443  460  457
452   10  456  453  451  448  457  455  449  447  460  454
453   10  457  454  452  449  458  456  450  448  461  451
454   10  458  453  450  457  449  462  452  446  461  456
455   10  459  456  451  460  452  463  457  447  464  461
456   10  460  457  455  452  461  459  453  451  464  458
457   10  461  458  456  453  462  460  454  452  465  455
458   10  462  457  454  461  453  466  456  450  465  460
459   10  463  460  455  464  456  467  461  451  468  465
460   10  464  461  459  456  465  463  457  455  468  462
461   10  465  462  460  457  466  464  458  456  469  459
462   10  466  461  458  465  457  470  460  454  469  464
463   10  467  464  459  468  460  471  465  455  472  469
464   10  468  465  463  460  469  467  461  459  472  466
465   10  469  466  464  461  470  468  462  460  473  463
466   10  470  465  462  469  461  474  464  458  473  468
467   10  471  468  463  472  464  475  469  459  476  473
468   10  472  469  467  464  473  471  465  463  476  470
469   10  473  470  468  465  474  472  466  464  477  467
470   10  474  469  466  473  465  478  468  462  477  472
471   10  475  472  467  476  468  479  473  463  480  477
472   10  476  473  471  468  477  475  469  467  480  474
473   10  477  474  472  469  478  476  470  468  481  471
474   10  478  473  470  477  469  482  472  466  481  476
475   10  479  476  471  480  472  483  477  467  484  481
476   10  480  477  475  472  481  479  473  471  484  478
477   10  481  478  476  473  482  480  474  472  485  475
478   10  482  477  474  481  473  486  476  470  485  480
479   10  483  480  475  484  476  487  481  471  488  485
480   10  484  481  479  476  485  483  477  475  488  482
481   10  485  482  480  477  486  484  478  476  489  479
482   10  486  481  478  485  477  490  480  474  489  484
483   10  487  484  479  488  480  485  475  489  481  476
484   10  488  485  483  480  489  487  481  479  486  476
485   10  489  486  484  481  490  488  482  480  483  477
486   10  490  485  482  489  481  484  478  488  480  477
487   10  488  483  484  489  479  485  480  481  490  475
488   10  489  487  484  485  483  490  480  486  481  479
489   10  490  488  485  486  484  487  481  483  482  480
490   10  489  486  485  488  482  484  481  480  487  478
491   10  492  493  533  534  549  521  550  494  551  495
492   10  493  491  533  534  521  550  549  494  551  495
493   10  492  521  534  491  533  494  550  495  551  549
494   10  495  535  521  551  496  493  550  534  492  533
495   10  494  535  496  551  521  497  493  522  550  534
496   10  497  495  522  535  494  536  552  551  498  521
497   10  522  496  536  498  552  495  553  535  494  523
498   10  523  536  553  497  522  554  552  499  496  524
499   10  524  500  555  523  556  554  498  525  557  553
500   10  525  524  556  501  499  557  555  537  558  523
501   10  525  537  500  557  558  502  556  538  524  555
502   10  538  503  559  558  501  526  539  537  525  557
503   10  502  526  539  538  559  558  501  537  504  525
504   10  540  505  560  526  539  503  107  108  109  559
505   10  560  504  540  107  108  109  111  110  112  113
506   10  507  508  541  542  561  527  562  509  563  510
507   10  508  506  541  542  527  562  561  509  563  510
508   10  507  527  542  506  541  509  562  510  563  561
509   10  510  543  527  563  511  508  562  542  507  541
510   10  509  543  511  563  527  512  508  528  562  542
511   10  512  510  528  543  509  544  564  563  513  527
512   10  528  511  544  513  564  510  565  543  509  529
513   10  529  544  565  512  528  566  564  514  511  530
514   10  530  515  567  529  568  566  513  531  569  565
515   10  531  530  568  516  514  569  567  545  570  529
516   10  531  545  515  569  570  517  568  546  530  567
517   10  546  518  571  570  516  532  547  545  531  569
518   10  517  532  547  546  571  570  516  545  519  531
519   10  548  520  572  532  547  518  203  204  205  571
520   10  572  519  548  203  204  205  207  206  208  209
521   10  534  493  550  533  494  492  551  535  495  491
522   10  497  536  552  496  498  553  535  495  523  494
523   10  554  498  553  499  524  536  555  552  522  497
524   10  499  555  500  556  525  523  557  554  537  501
525   10  537  501  557  500  556  558  524  555  538  502
526   10  539  503  559  538  502  540  504  558  537  505
527   10  542  508  562  541  509  507  563  543  510  506
528   10  512  544  564  511  513  565  543  510  529  509
529   10  566  513  565  514  530  544  567  564  528  512
530   10  514  567  515  568  531  529  569  566  545  516
531   10  545  516  569  515  568  570  530  567  546  517
532   10  547  518  571  546  517  548  519  570  545  520
533   10  534  492  550  549  521  493  491  551  494  535
534   10  533  550  521  493  492  491  551  549  494  535
535   10  551  495  494  496  550  521  534  522  497  493
536   10  552  522  553  497  498  496  554  523  535  495
537   10  557  525  501  558  556  500  538  502  555  524
538   10  502  559  558  503  539  537  526  501  557  525
539   10  526  559  503  538  502  540  504  558  537  560
540   10  504  560  505  539  526  109  559  110  108  503
541   10  542  507  562  561  527  508  506  563  509  543
542   10  541  562  527  508  507  506  563  561  509  543
543   10  563  510  509  511  562  527  542  528  512  508
544   10  564  528  565  512  513  511  566  529  543  510
545   10  569  531  516  570  568  515  546  517  567  530
546   10  517  571  570  518  547  545  532  516  569  531
547   10  532  571  518  546  517  548  519  570  545  572
548   10  519  572  520  547  532  205  571  206  204  518
549   10  533  534  491  492  550  493  521  551  494  535
550   10  534  551  521  533  535  493  494  492  549  495
551   10  535  550  521  494  534  495  533  496  493  492
552   10  536  553  522  497  498  554  496  523  535  495
553   10  554  552  536  523  498  522  497  499  496  555
554   10  553  523  498  555  552  536  499  524  522  497
555   10  556  524  499  500  557  554  525  523  537  501
556   10  557  555  525  524  500  537  501  499  558  554
557   10  537  556  525  558  501  500  555  524  538  502
558   10  538  537  557  525  502  501  559  556  503  500
559   10  539  538  526  503  502  558  537  501  557  540
560   10  505  540  110  109  504  108  114  107  113  112
561   10  541  542  506  507  562  508  527  563  509  543
562   10  542  563  527  541  543  508  509  507  561  510
563   10  543  562  527  509  542  510  541  511  508  507
564   10  544  565  528  512  513  566  511  529  543  510
565   10  566  564  544  529  513  528  512  514  511  567
566   10  565  529  513  567  564  544  514  530  528  512
567   10  568  530  514  515  569  566  531  529  545  516
568   10  569  567  531  530  515  545  516  514  570  566
569   10  545  568  531  570  516  515  567  530  546  517
570   10  546  545  569  531  517  516  571  568  518  515
571   10  547  546  532  518  517  570  545  516  569  548
572   10  520  548  206  205  519  204  210  203  209  208
573   10  574  575  615  616  631  603  632  576  633  577
574   10  575  573  615  616  603  632  631  576  633  577
575   10  574  603  616  573  615  576  632  577  633  631
576   10  577  617  603  633  578  575  632  616  574  615
577   10  576  617  578  633  603  579  575  604  632  616
578   10  579  577  604  617  576  618  634  633  580  603
579   10  604  578  618  580  634  577  635  617  576  605
580   10  605  618  635  579  604  636  634  581  578  606
581   10  606  582  637  605  638  636  580  607  639  635
582   10  607  606  638  583  581  639  637  619  640  605
583   10  607  619  582  639  640  584  638  620  606  637
584   10  620  585  641  640  583  608  621  619  607  639
585   10  584  608  621  620  641  640  583  619  586  607
586   10  622  587  642  608  621  585  299  300  301  641
587   10  642  586  622  299  300  301  303  302  304  305
588   10  589  590  623  624  643  609  644  591  645  592
589   10  590  588  623  624  609  644  643  591  645  592
590   10  589  609  624  588  623  591  644  592  645  643
591   10  592  625  609  645  593  590  644  624  589  623
592   10  591  625  593  645  609  594  590  610  644  624
593   10  594  592  610  625  591  626  646  645  595  609
594   10  610  593  626  595  646  592  647  625  591  611
595   10  611  626  647  594  610  648  646  596  593  612
596   10  612  597  649  611  650  648  595  613  651  647
597   10  613  612  650  598  596  651  649  627  652  611
598   10  613  627  597  651  652  599  650  628  612  649
599   10  628  600  653  652  598  614  629  627  613  651
600   10  599  614  629  628  653  652  598  627  601  613
601   10  630  602  654  614  629  600  395  396  397  653
602   10  654  601  630  395  396  397  399  398  400  401
603   10  616  575  632  615  576  574  633  617  577  573
604   10  579  618  634  578  580  635  617  577  605  576
605   10  636  580  635  581  606  618  637  634  604  579
606   10  581  637  582  638  607  605  639  636  619  583
607   10  619  583  639  582  638  640  606  637  620  584
608   10  621  585  641  620  584  622  586  640  619  587
609   10  624  590  644  623  591  589  645  625  592  588
610   10  594  626  646  593  595  647  625  592  611  591
611   10  648  595  647  596  612  626  649  646  610  594
612   10  596  649  597  650  613  611  651  648  627  598
613   10  627  598  651  597  650  652  612  649  628  599
614   10  629  600  653  628  599  630  601  652  627  602
615   10  616  574  632  631  603  575  573  633  576  617
616   10  615  632  603  575  574  573  633  631  576  617
617   10  633  577  576  578  632  603  616  604  579  575
618   10  634  604  635  579  580  578  636  605  617  577
619   10  639  607  583  640  638  582  620  584  637  606
620   10  584  641  640  585  621  619  608  583  639  607
621   10  608  641  585  620  584  622  586  640  619  642
622   10  586  642  587  621  608  301  641  302  300  585
623   10  624  589  644  643  609  590  588  645  591  625
624   10  623  644  609  590  589  588  645  643  591  625
625   10  645  592  591  593  644  609  624  610  594  590
626   10  646  610  647  594  595  593  648  611  625  592
627   10  651  613  598  652  650  597  628  599  649  612
628   10  599  653  652  600  629  627  614  598  651  613
629   10  614  653  600  628  599  630  601  652  627  654
630   10  601  654  602  629  614  397  653  398  396  600
631   10  615  616  573  574  632  575  603  633  576  617
632   10  616  633  603  615  617  575  576  574  631  577
633   10  617  632  603  576  616  577  615  578  575  574
634   10  618  635  604  579  580  636  578  605  617  577
635   10  636  634  618  605  580  604  579  581  578  637
636   10  635  605  580  637  634  618  581  606  604  579
637   10  638  606  581  582  639  636  607  605  619  583
638   10  639  637  607  606  582  619  583  581  640  636
639   10  619  638  607  640  583  582  637  606  620  584
640   10  620  619  639  607  584  583  641  638  585  582
641   10  621  620  608  585  584  640  619  583  639  622
642   10  587  622  302  301  586  300  306  299  305  304
643   10  623  624  588  589  644  590  609  645  591  625
644   10  624  645  609  623  625  590  591  589  643  592
645   10  625  644  609  591  624  592  623  593  590  589
646   10  626  647  610  594  595  648  593  611  625  592
647   10  648  646  626  611  595  610  594  596  593  649
648   10  647  611  595  649  646  626  596  612  610  594
649   10  650  612  596  597  651  648  613  611  627  598
650   10  651  649  613  612  597  627  598  596  652  648
651   10  627  650  613  652  598  597  649  612  628  599
652   10  628  627  651  613  599  598  653  650  600  597
653   10  629  628  614  600  599  652  627  598  651  630
654   10  602  630  398  397  601  396  402  395  401  400
  1    1    3    3    2    2    2    2    3    3    2    2    3    3    1    1    1    1    1    3    1    3    3    2    2    3    2    2    1    2    1    1    1    2    1    3    2    2    3    1    1    2    3    3    1    2    3    1    3    3    1    1    3    3    1    2    3    1    2    2    3    2    1    1    2    3    3    3    2    2    3    1    2    2    2    1    3    3    2    2    3    3    2    2    3    1    2    1    2    1    1    2    2    3    1    1    2    3    1    2    2    1    2    3    1    1    1    3    3    1    3    3    2    2    2    3    2    3    3    2    2    2    2    2    1    3    1    1    1    3    3    2    1    3    1    2    2    3    2    2    1    3    1    2    1    2    1    1    2    3    2    1    3    3    1    3    1    3    1    2    2    2    2    3    1    3    3    2    3    2    1    2    1    2    2    1    1    2    3    1    1    3    2    1    2    1    2    2    1    3    2    1    2    3    1    1    2    2    3    3    2    1    3    1    1    1    1    1    3    1    1    2    3    2    3    3    2    1    3    3    2    2    3    2    2    2    2    1    3    3    3    1    3    3    1    3    1    1    2    1    1    2    1    3    2    1    2    2    3    2    2    1    2    1    1    1    1    3    2    3    1    3    2    3    1    3    1    3    2    1    3    2    2    1    3    1    3    3    3    1    3    1    2    1    3    2    2    2    2    3    3    2    2    2    3    2    2    2    3    2    2    2    3    1    3    2    3    3    1    3    1    3    2    3    3    3    1    2    3    2    3    1    3    1    1    1    2    1    1    3    3    1    1    3    3    3    3    3    2    1    1    1    1    1    1    1    1    3    2    3    1    2    3    3    1    3    2    2    2    1    3    3    3    2    3    2    1    3    2    3    3    2    2    1    1    2    1    2    1    1    1    1    2    2    1    3    3    2    2    1    1    3    1    1    3    3    3    1    1    2    3    3    3    2    2    2    2    3    2    1    3    2    1    2    2    1    1    2    1    1    3    3    2    2    2    1    2    2    3    1    3    3    3    3    1    2    1    3    3    2    1    1    2    3    1    1    2    1    2    2    3    3    2    3    2    3    1    2    2    3    3    1    1    1    1    3    3    3    3    3    1    3    3    3    1    3    1    3    2    2    2    1    2    1    1    3    1    3    1    1    2    2    1    3    1    3    1    2    1    3    2    1    1    2    1    3    3    3    3    3    1    2    2    3    3    1    2    3    1    1    1    1    1    3    3    2    2    2    3    1    1    1    2    2    1    1    2    1    1    2    3    3    1    2    1    3    2    2    3    3    3    3    3    3    3    3    3    3    1    2    1    1    3    3    2    2    3    2    3    3    1    1    2    1    1    3    2    1    2    2    3    3    2    3    1    3    3    3    1    3    1    1    3    3    3    2    2    1    2    2    3    2    3    1    2    3    1    3    1    3    2    2    3    2    3    2    3    1    3    3    3    3    2    2    2    2    1    1    2    1    1    3    1    2    3    1    3    1    1    3    3    3    3    3    2    3    2    1    2    3    1    1    2    2