76


1 3600 2300
2 3100 3300
3 4700 5750
4 5400 5750
5 5608 7103
6 4493 7102
7 3600 6950
8 3100 7250
9 4700 8450
10 5400 8450
11 5610 10053
12 4492 10052
13 3600 10800
14 3100 10950
15 4700 11650
16 5400 11650
17 6650 10800
18 7300 10950
19 7300 7250
20 6650 6950
21 7300 3300
22 6650 2300
23 5400 1600
24 8350 2300
25 7850 3300
26 9450 5750
27 10150 5750
28 10358 7103
29 9243 7102
30 8350 6950
31 7850 7250
32 9450 8450
33 10150 8450
34 10360 10053
35 9242 10052
36 8350 10800
37 7850 10950
38 9450 11650
39 10150 11650
40 11400 10800
41 12050 10950
42 12050 7250
43 11400 6950
44 12050 3300
45 11400 2300
46 10150 1600
47 13100 2300
48 12600 3300
49 14200 5750
50 14900 5750
51 15108 7103
52 13993 7102
53 13100 6950
54 12600 7250
55 14200 8450
56 14900 8450
57 15110 10053
58 13992 10052
59 13100 10800
60 12600 10950
61 14200 11650
62 14900 11650
63 16150 10800
64 16800 10950
65 16800 7250
66 16150 6950
67 16800 3300
68 16150 2300
69 14900 1600
70 19800 800
71 19800 10000
72 19800 11900
73 19800 12200
74 200 12200
75 200 1100
76 200 800



1   10    2   23   22   75    3   76   21    4   25    7   24    6    8    5   20   19    9   10   31   46   30   26   27   29   45   12   11   28   32   13   44   14   33   17   48   43   18   15   47   16   35   37   36   42   54   34   74   53   38   49
2   10    1   23    3    4   75    7   22   76    8    6   21    5   25   20   24    9   10   19   31   30   26   12   11   29   46   27   13   14   32   28   17   45   15   16   18   33   44   37   43   35   36   74   48   42   34   47   54   38   53   39
3   10    4    6    7    5    8   20    9   10    2   19   31   21    1   30   22   25   23   12   11   29   26   24   13   17   14   27   32   18   28   15   16   37   33   36   35   75   76   43   46   34   42   45   38   44   74   39   54   48   40   53
4   10    3    5    6   20    7   19   10    8    9   31   21   30    2   25   22    1   26   29   23   11   12   24   27   32   28   17   13   33   18   14   37   35   36   16   15   43   46   34   42   45   75   44   38   76   54   39   48   53   40   74
5   10   20    6   10    4    9    3   19    7   31    8   30   11   12   29   17   32   26   21   18   13   25   37   16    2   14   36   15   35   33   27   28   22    1   23   24   34   43   38   39   42   40   54   46   74   44   53   41   45   48   60
6   10    7    5    9    3    8   10    4   20   19   12   11   31   13   30    2   14   17   15   16   21   29   18    1   25   37   32   26   22   36   23   35   33   27   28   24   34   74   38   43   39   75   42   76   40   46   54   45   44   41   53
7   10    8    6    3    9    5    4   10   20   12    2   11   19   13   14   31    1   30   15   17   16   21   18   22   25   23   29   37   26   32   36   74   35   24   27   33   28   75   76   34   38   43   39   42   46   40   54   45   44   41   53
8   10    7    6    9    3    5   10    4   12   20   13   14   11    2   19   15   31   16    1   17   30   18   74   21   37   22   23   29   25   36   32   26   35   75   76   33   27   24   28   38   34   43   39   42   40   46   54   45   41   44   53
9   10   10    6   12    5   11    7    8   20   13    3    4   19   14   17   15   16   31   18   30   37   36   29   32   35    2   33   26   38   21   28   74   34   25   27    1   39   22   43   23   40   24   42   41   54   60   53   75   59   46   76
10   10    9    5   11    6   12   20   19    7    8   17    4   31    3   13   18   16   15   30   14   37   36   32   29   35   33   26   28   38   34   27   21    2   25   39   43   22    1   74   40   42   24   23   41   54   60   53   59   46   44   45
11   10   12   17   16   10   15    9   18   13   37   14   36    5    6   20   19   31   35    7    8   30   38   32    4    3   29   34   39   33   28   26   74   40   27   41   43   21   42   60   25    2   59   54   22    1   53   24   58   23   61   55
12   10   11   13   15    9   14   16   10   17   18    6    8    5    7   37   20   36   19    3   31    4   35   74   30   38   32   29   34   39   33   26   28    2   40   27   21   25   43   41    1   22   42   60   23   54   59   24   53   58   61   55
13   10   14   12   15   16   11    9   10   17    8   74   18    6    7    5   37   36   20   19    3    4   31   35   38   30   32   39   29   34   33    2   28   26   40   27   21   41    1   25   43   60   22   42   23   59   54   24   53   75   58   76
14   10   13   12   15   16   11    9   74   10   17    8    7    6   18    5   37   36   20    3   19    4   31   35   38   30   32   39   29   34   33    2   26   28   40    1   21   27   41   25   43   22   60   23   42   59   24   54   75   76   53   58
15   10   16   13   12   14   11   17   18    9   37   10   36   74    6    5    8   38   35    7   20   19   31   39   32   34    3    4   30   33   29   40   28   41   26   60   27   43   59    2   42   21   25   54    1   58   61   22   53   55   24   23
16   10   15   17   11   12   13   18   14   37   36   10    9   38   35    5    6   39   19   20    8    7   31   32   34   74   30   33    4    3   29   40   41   28   26   60   27   43   59   42   54   21    2   25   58   61   53   55   22   62    1   52
17   10   18   37   11   16   36   15   12   10   35   38   13    9   14   39   19   32   31   34    5   20   30   33    6   29   40    7    8    4   28   41    3   26   60   43   27   59   42   74   54   58   53   21   25   61   55   52   62    2   57   22
18   10   37   17   36   11   16   35   38   15   39   12   10   34   32    9   19   13   31   33   20   40   30   14    5   29   41    6   28   60    7    4    8   26   43   59    3   27   42   54   58   61   53   74   55   62   21   25   52   57   56   49
19   10   31   20   30    5   29   10    4   32   26    6    9    3   28   33   27   11   35   17   18   36    7   37   21   12   25   43   34    8   42   16   38   22   24   15   13   39   54   40   14    2   53   23   41   44    1   46   45   60   48   52
20   10   19    5   31   30    4   10    6    3    9   29   26    7   32   11    8   27   21   28   12   33   25   17   35   18   37   36   22   43   34   16   13   24   15    2   14   42   38   23    1   39   54   40   46   53   44   45   41   48   60   52
21   10   25   22   24   23    4   26   46    3   20   27   30    1   19   31    5    2   45   29    6   44   28    7   48   43   10   32    8    9   47   33   42   54   53   11   35   12   49   34   75   76   17   36   18   37   52   69   50   13   40   16
22   10   21   23   25   24    1   46    4    2    3   26   20   45   27    5   30   19   31    6   29   44    7   48   28    8   10   47    9   75   76   43   32   33   42   54   11   53   12   35   69   49   17   34   36   18   37   52   50   13   14   16
23   10   22    1   21    2   25   24    4    3   46   75   76   20    5    6    7   26   19   45    8   30   31   27   29   10   44    9   48   28   47   32   43   33   11   12   42   54   35   17   13   53   69   18   14   36   37   49   34   16   15   52
24   10   25   21   22   46   23   45   26   44   27   48    4   30   47    1   29   20   31    3   19   28    2    5   43    6   42   32   33   54   69   53    7   49   10    9    8   50   52   68   35   34   11   75   76   51   55   36   67   12   37   17
25   10   21   24   22   46   26   23   27    4   30   45   20   31   19    3   29   44    1    5   28   48    2    6   43   47   32    7   33   10   42    9   54    8   53   49   35   11   34   52   69   50   36   12   17   37   18   75   76   55   51   40
26   10   27   29   30   28   31   43   19   32   33   25   42   20   21   54   44   24   53   45   48    4    5   46   35   34   22   52   49    3   10   47    6   36   40   37   50   55    9   18   11   17   23   41   51   38   39    7   60   56   59   58
27   10   26   28   29   43   30   42   33   31   32   54   44   53   19   25   48   45   20   21   24   49   52   46   34   35   47    5   50    4   55   22   51   40   36    3   56   10   41   37   60   58    6   59   39   18   38    9   66   17   11   69
28   10   43   29   33   27   32   26   42   30   54   31   53   34   19   35   52   20   40   55   49   44   41   36   48   60   39   25   37   59   38   58   56   50   51    5   21   18   45   10    4   24   17   46   47   11   57   66    9    3    6   61
29   10   30   28   32   26   31   33   27   19   43   20   42   35   34   54    5   36   53   25   10    4   37   21   40   18   17   38   39   11   44    9    3   52    6   41   24   48   60   55   49   45   59   22   46   58   12    7   56   50   51   16
30   10   31   29   19   26   20   32   28   27   33    5   43    4   35   10   25   34   42   21    3   36    6    9   37   18   11   17   54   24   53    7   38   40   12   22   39   44    8   41   16   45   48   46   52   60   15   49   55   23   59   13
31   10   19   30   20   29   32   26    5   28   33   10   27    4   35    6    9    3   43   36   11   37   18   17   34   25   21   42    7   12   38   54    8   39   24   40   16   22   53   15   13   41   44   60   14   45   46   52   23   48    2   59
32   10   33   29   35   28   34   30   31   43   19   36   26   27   42   37   40   20   38   39   18   54   41   17   53   60   10    5   11   59   52   55    9   58    4    6   16   12   25   56   49    3   21   61   15   44   51   57   48    7   50   24
33   10   32   28   34   29   35   43   42   30   31   40   27   54   26   36   19   41   39   38   53   37   60   59   18   20   55   52   58   17    5   56   10   11   49   51   61   57    9   50    4   44   25   48   62   16    6   12   21    3   66   45
34   10   35   40   39   33   38   32   41   36   60   37   59   28   29   18   43   42   54   58   30   31   17   53   19   61   55   27   26   52   57   11   62   56   20   16   10   51    5   49   63   12   15    9   50   64    4    6   66   13   44   65
35   10   34   36   38   32   37   39   33   18   40   17   41   29   31   28   30   19   60   11   43   59   42   20   16   10   26   54   27    5   58   12   15    9   53   61   55    6   52   13    4   57   62   56   14    3    7   49   51    8   25   63
36   10   37   18   35   38   17   39   34   32   11   33   40   16   31   19   41   15   10   29   30   12   28   20   60    9    5   59   13   43   42   26   14    6   27   54   58    4   61   53    7    3   55    8   62   52   57   56   25   21   51   49
37   10   36   18   17   35   38   39   11   16   34   32   15   33   12   10   40   31   19    9   30   29   20   41   13    5   28   60   14    6   59   43   26   42   27    4    7   54    8    3   58   61   53   55   62   52   57   56   25   21   74   49
38   10   39   36   35   37   34   40   18   41   17   32   60   33   59   16   11   29   28   31   61   15   58   30   19   43   42   10   12   54   62   20   55    9   57   26   13   27   53    5   56   14   52    6   63    4   51   64    7   49    3    8
39   10   38   40   34   35   36   41   37   60   18   59   33   32   17   61   58   28   29   62   16   42   11   43   31   30   54   55   57   19   15   53   56   10   20   12   27   26   52   63    9    5   13   64   51   14   49    6   50    4   66   65
40   10   41   60   34   39   59   38   35   33   58   61   36   32   37   62   42   55   54   57   28   43   18   53   56   29   52   63   17   30   31   27   51   64   26   19   49   11   16   66   20   50   10   65   15    5   12    9   44   48   13    6
41   10   60   40   59   34   39   58   61   38   62   35   33   57   55   32   42   36   54   56   43   63   53   37   28   52   64   18   29   51   17   30   27   31   49   66   26   50   65   19   11   16   20   10   15    5   12   44   48    9   72   71
42   10   54   43   53   28   52   33   27   55   49   29   32   26   51   56   50   34   58   40   41   59   30   60   44   35   48   66   57   31   65   19   39   61   45   47   38   36   62   20   63   37   25   46   64   18   67   21   24   69   68    5
43   10   42   28   54   53   27   33   29   26   32   52   49   30   55   34   31   50   44   51   35   56   48   40   58   41   19   60   59   45   66   20   57   39   36   47   38   25   37   65   61   21   46   24   18    5   62   63   17    4   10   69
44   10   48   45   47   46   27   49   69   26   43   50   53   24   42   54   28   25   68   52   29   67   21   51   30   66   33   22   55   31   32   56   65   19   20   23   34   58    4   35   57    5   40   59   41   60    3   70   36   10    6    1
45   10   44   46   48   47   24   69   27   25   26   21   49   43   68   22   50   28   53   42   54   29   52   67   30   23   51   31   33   19   32   66   20   55    4   56   65    5    3    1   34   35   58    2    6   40   70   10   57   59   41   60
46   10   45   24   44   25   48   47   21   22   27   26   69   23   43   28   29   30   49   42   68   31   53   54   50    4   19   20    1   52   33    3   67   32    5    2   51    6   55   66   56   10   34    7   35   65    9    8   58   40   36   41
47   10   48   44   45   69   46   68   49   67   50   27   53   24   52   43   54   26   42   51   25   28   66   21   29   65   55   56   22   30   33   70   32   31   19   23   58   20   57   34    4   59   35   60   40   41    5   63    3   64   61    1
48   10   44   47   45   69   49   46   50   27   53   68   43   54   42   26   52   67   24   28   51   25   29   66   21   55   30   56   33   65   22   32   31   19   58   20   34   57   23   59   35   40    4   70   60   41    5    3   63   61   36   62
49   10   50   52   53   51   54   66   42   55   56   48   65   43   44   67   47   68   27   28   69   58   57   45   26   33   29   59   63   60   32   41   34   40   46   64   61   62   30   31   35   24   25   71   19   39   21   70   38   20   36   37
50   10   49   51   52   66   53   65   56   54   55   67   42   48   68   43   44   47   69   57   58   28   27   45   63   59   26   33   64   60   29   62   41   61   32   40   34   46   71   30   70   35   31   24   25   39   19   72   21   38   73   36
51   10   66   52   56   50   55   49   65   53   54   57   42   58   43   63   67   64   59   62   48   60   61   28   44   41   68   33   27   47   40   69   71   34   32   26   29   45   35   72   39   30   73   38   31   46   36   19   70   25   37   24
52   10   53   51   55   49   54   56   50   42   66   43   65   58   57   28   59   48   33   27   60   44   63   41   40   61   62   34   67   32   26   29   64   47   68   45   69   35   30   39   31   38   71   19   46   36   25   37   20   24   72   21
53   10   54   52   42   49   43   55   51   50   56   28   66   27   58   33   48   57   65   44   26   59   29   32   60   41   34   40   47   30   61   63   35   45   62   67   31   64   39   68   69   19   38   46   36   25   20   37   24   21   18   71
54   10   42   53   43   52   55   49   28   51   56   33   50   27   58   29   32   26   66   59   34   60   41   40   57   48   44   65   30   35   61   31   62   47   63   39   45   19   38   36   64   67   20   37   68   69   46   25   18   24   21   17
55   10   56   52   58   51   57   53   54   66   42   59   49   50   65   60   63   43   61   62   41   64   40   33   28   34   32   27   29   39   35   48   26   44   38   67   71   30   47   36   68   31   72   73   45   37   69   19   18   20   17   46
56   10   55   51   57   52   58   66   65   53   54   63   50   49   59   42   64   62   61   60   41   43   40   28   33   34   71   32   27   67   48   39   29   35   44   72   26   73   68   38   47   30   69   36   45   31   37   19   18   46   20   17
57   10   58   63   62   56   61   55   64   59   60   51   52   41   66   65   53   54   40   42   50   49   71   34   43   72   73   39   33   28   35   38   32   27   29   36   67   26   48   37   44   30   31   68   18   47   19   69   17   45   20   11
58   10   57   59   61   55   60   62   56   41   63   40   64   52   54   51   53   42   34   66   65   43   39   33   49   50   28   35   38   32   29   36   27   71   72   73   37   26   30   31   18   48   44   19   67   17   47   20   68   45   11   69
59   10   60   41   58   61   40   62   57   55   34   56   63   39   54   42   64   38   33   52   53   35   51   43   32   28   36   66   65   49   37   29   50   18   27   30   26   31   17   71   72   19   73   20   48   11   44   16   10    5   67   15
60   10   59   41   40   58   61   62   34   39   57   55   38   56   35   33   63   54   42   32   53   52   43   64   36   28   51   37   29   18   66   49   65   50   27   30   17   31   26   19   11   20   16   72   71   73   10   48   44   15    5   12
61   10   62   59   58   60   57   63   41   64   40   55   56   39   34   52   51   54   38   53   42   66   65   33   35   43   72   73   32   71   49   36   50   28   37   29   18   27   30   26   17   31   19   48   44   11   67   16   20   10   47   15
62   10   61   63   57   58   59   64   60   41   56   55   40   51   52   39   65   34   66   72   73   54   53   71   42   38   33   43   35   50   49   32   28   36   37   29   27   18   26   30   17   31   67   48   19   44   11   68   20   16   47   45
63   10   64   57   62   61   58   56   59   55   60   65   71   72   51   66   73   41   52   40   53   54   50   49   42   34   39   43   33   38   28   35   32   67   36   29   27   48   37   26   68   44   30   18   31   47   69   17   19   45   20   11
64   10   63   57   62   61   58   56   72   71   73   55   65   59   66   60   51   41   52   40   53   50   54   49   42   34   39   43   33   38   28   35   67   32   27   36   29   68   48   37   26   44   30   47   18   69   31   17   19   45   70   20
65   10   66   51   56   50   52   55   49   57   63   64   53   67   58   71   54   42   62   68   61   59   43   72   60   48   73   69   41   44   47   28   40   33   27   34   70   45   32   26   29   39   35   30   38   46   31   36   19   37   25   24
66   10   65   51   50   56   52   49   55   53   57   54   67   58   63   64   42   68   43   71   62   59   61   48   60   44   69   47   41   28   40   27   72   33   73   34   45   26   32   29   70   35   39   30   46   38   31   36   19   25   24   37
67   10   68   69   50   49   66   47   70   65   51   48   52   44   53   56   45   54   55   42   43   46   57   27   58   71   28   63   64   26   59   33   29   24   62   60   61   25   32   41   72   30   40   34   73   21   31   35   22   19   39   20
68   10   67   69   47   50   48   70   49   44   66   45   51   65   52   53   46   54   56   42   55   43   27   28   26   24   57   58   25   29   63   71   33   64   21   59   30   32   60   62   22   61   41   31   34   40   19   72   35   73   20   23
69   10   68   47   67   48   44   45   50   49   46   70   66   51   52   53   65   54   27   42   43   24   56   26   55   28   25   21   29   22   33   57   30   58   32   31   63   59   19   23   64   34   60   71   41   20   40   62   61   35    4    5
70   10   67   68   69   47   50   65   66   49   48   51   44   45   52   56   53   71   55   54   46   42   57   43   64   63   27   58   72   28   73   26   24   62   59   25   61   29   33   60   21   41   32   30   40   34   22   31   35   19   23   20
71   10   72   73   64   63   65   57   66   56   62   51   58   55   61   50   52   59   49   60   67   53   54   41   42   40   68   43   70   34   69   33   39   48   28   47   44   32   38   27   35   29   26   45   36   30   37   31   18   46   19   17
72   10   73   71   64   63   62   57   65   61   56   58   66   55   51   59   60   52   41   50   49   53   40   54   42   67   34   39   43   33   68   38   28   35   32   70   48   69   27   36   44   29   47   37   26   30   18   45   31   17   19   20
73   10   72   71   64   63   62   57   61   65   56   58   66   55   59   51   60   52   41   50   53   40   49   54   42   67   39   34   43   33   38   68   28   35   32   70   48   36   27   69   29   44   47   37   26   18   30   31   45   17   19   20
74   10   14   13   15   12   16    8   11    9    7   10   17    6   18    5   37    3   36    4   20   19   31   38   35    2   30   39   32   29   34    1   33   75   26   40   28   21   76   25   23   22   27   41   43   60   24   42   59   54   53   58
75   10   76    1    2   23    3   22    7    8    4    6   21   25    5   24    9   20   10   19   31   12   46   30   14   13   26   11   29   27   74   45   15   17   16   28   32   44   18   33   37   48   43   36   35   47   42   34   54   38   53   39
76   10   75    1    2   23   22    3    7    8    4   21    6   25   24    5    9   20   10   19   46   31   12   30   26   14   13   11   29   27   45   74   15   17   28   32   16   44   18   33   48   37   43   36   35   47   42   34   54   38   53   39
    2    2    2    2    1    2    2    1    3    2    3    3    2    1    2    1    2    2    2    1    3    1    3    2    1    1    2    2    2    1    3    1    2    2    2    1    1    1    2    3    1    2    1    1    2    1    1    2    2    3    3    2    3    2    2    1    1    3    1    1    2    2    3    3    3    2    3    1    1    1    3    3    2    1    1    3


1
2
3
4
5
6
7
8
9
10
11
12
13
14
15
16
17
18
19
20
21
22
23
24
25
26
27
28
29
30
31
32
33
34
35
36
37
38
39
40
41
42
43
44
45
46
47
48
49
50
51
52
53
54
55
56
57
58
59
60
61
62
63
64
65
66
67
68
69
70
71
72
73
74
75
76
-1