575

 1 6 18
 2 11 0
 3 24 6
 4 36 13
 5 41 19
 6 51 5
 7 64 9
 8 71 15
 9 86 1
 10 95 1
 11 104 18
 12 119 14
 13 120 17
 14 132 8
 15 148 13
 16 158 20
 17 163 5
 18 178 11
 19 185 20
 20 196 19
 21 207 19
 22 217 9
 23 229 11
 24 5 32
 25 12 23
 26 28 27
 27 31 26
 28 45 34
 29 55 37
 30 67 23
 31 75 34
 32 85 35
 33 99 28
 34 108 21
 35 113 27
 36 122 40
 37 131 39
 38 141 40
 39 151 28
 40 166 27
 41 177 23
 42 182 22
 43 191 25
 44 203 32
 45 211 28
 46 224 24
 47 1 55
 48 18 42
 49 26 50
 50 38 49
 51 42 60
 52 57 42
 53 69 41
 54 79 55
 55 85 52
 56 95 48
 57 102 43
 58 114 42
 59 121 45
 60 135 55
 61 146 51
 62 159 47
 63 161 49
 64 171 48
 65 181 52
 66 194 52
 67 208 50
 68 214 52
 69 223 46
 70 1 71
 71 14 73
 72 25 61
 73 35 63
 74 42 65
 75 54 79
 76 65 69
 77 73 69
 78 81 70
 79 98 66
 80 105 60
 81 115 77
 82 125 65
 83 135 71
 84 143 77
 85 151 77
 86 162 65
 87 175 64
 88 187 74
 89 197 67
 90 202 68
 91 215 78
 92 225 62
 93 8 83
 94 16 89
 95 20 99
 96 34 85
 97 47 86
 98 56 86
 99 67 92
 100 78 84
 101 84 95
 102 99 93
 103 101 97
 104 115 92
 105 127 97
 106 132 87
 107 149 95
 108 156 100
 109 164 95
 110 171 81
 111 189 100
 112 198 89
 113 208 81
 114 216 92
 115 229 86
 116 1 100
 117 12 102
 118 22 113
 119 37 103
 120 48 104
 121 56 113
 122 68 119
 123 72 100
 124 81 110
 125 98 107
 126 103 103
 127 112 120
 128 130 120
 129 136 104
 130 142 120
 131 157 106
 132 164 112
 133 174 119
 134 184 101
 135 198 115
 136 202 115
 137 212 118
 138 229 101
 139 6 127
 140 12 140
 141 22 121
 142 31 132
 143 41 132
 144 53 124
 145 62 136
 146 80 126
 147 84 123
 148 98 126
 149 108 130
 150 115 134
 151 128 125
 152 136 133
 153 145 134
 154 152 131
 155 167 127
 156 171 135
 157 184 139
 158 199 124
 159 202 127
 160 217 128
 161 225 121
 162 8 148
 163 16 148
 164 27 149
 165 37 155
 166 42 150
 167 54 144
 168 65 145
 169 75 142
 170 82 144
 171 91 151
 172 101 143
 173 115 142
 174 127 157
 175 139 157
 176 147 159
 177 155 159
 178 163 142
 179 177 154
 180 183 149
 181 199 157
 182 201 145
 183 218 144
 184 228 158
 185 3 166
 186 18 178
 187 29 172
 188 33 171
 189 43 173
 190 52 168
 191 68 175
 192 73 164
 193 82 173
 194 93 165
 195 101 173
 196 117 172
 197 124 177
 198 139 175
 199 145 177
 200 151 177
 201 166 165
 202 178 169
 203 181 161
 204 199 166
 205 208 173
 206 219 172
 207 223 171
 208 8 190
 209 15 183
 210 24 194
 211 34 196
 212 42 185
 213 51 198
 214 65 199
 215 72 195
 216 83 191
 217 96 183
 218 107 195
 219 117 191
 220 123 194
 221 132 184
 222 148 188
 223 158 199
 224 165 184
 225 174 193
 226 184 186
 227 190 195
 228 209 194
 229 219 180
 230 226 192
 231 1 210
 232 17 207
 233 22 201
 234 34 213
 235 44 213
 236 56 202
 237 62 209
 238 74 213
 239 89 209
 240 95 212
 241 108 205
 242 119 218
 243 124 203
 244 133 208
 245 141 207
 246 157 211
 247 167 213
 248 176 210
 249 182 201
 250 196 218
 251 205 219
 252 219 218
 253 228 208
 254 6 222
 255 11 234
 256 21 222
 257 38 239
 258 48 227
 259 50 231
 260 63 232
 261 73 240
 262 87 234
 263 96 237
 264 102 228
 265 118 224
 266 128 229
 267 137 221
 268 147 227
 269 151 224
 270 169 233
 271 177 225
 272 185 220
 273 193 238
 274 207 229
 275 214 230
 276 224 234
 277 6 240
 278 14 257
 279 23 253
 280 36 247
 281 49 254
 282 51 242
 283 64 251
 284 71 258
 285 81 260
 286 92 242
 287 102 254
 288 118 253
 289 123 244
 290 133 241
 291 148 254
 292 155 240
 293 161 250
 294 173 257
 295 181 254
 296 192 256
 297 205 251
 298 218 254
 299 229 241
 300 2 277
 301 15 275
 302 22 267
 303 32 274
 304 44 269
 305 57 278
 306 64 261
 307 71 273
 308 81 278
 309 96 272
 310 102 272
 311 115 271
 312 120 280
 313 135 278
 314 149 261
 315 158 263
 316 163 270
 317 175 273
 318 185 265
 319 200 276
 320 204 273
 321 215 263
 322 227 265
 323 4 300
 324 13 293
 325 22 287
 326 38 297
 327 41 296
 328 54 286
 329 68 296
 330 71 281
 331 86 288
 332 96 285
 333 101 296
 334 119 292
 335 122 292
 336 140 293
 337 147 300
 338 158 290
 339 163 286
 340 174 294
 341 187 298
 342 199 290
 343 203 280
 344 216 281
 345 226 288
 346 9 310
 347 17 308
 348 24 308
 349 31 305
 350 41 305
 351 52 313
 352 65 315
 353 72 311
 354 87 313
 355 93 303
 356 104 307
 357 112 305
 358 122 307
 359 135 317
 360 147 313
 361 157 314
 362 163 306
 363 177 316
 364 188 306
 365 195 302
 366 208 301
 367 215 313
 368 221 308
 369 1 338
 370 18 331
 371 27 324
 372 37 338
 373 46 332
 374 54 327
 375 62 337
 376 71 328
 377 81 338
 378 98 325
 379 108 322
 380 112 327
 381 124 329
 382 138 338
 383 145 322
 384 151 337
 385 162 324
 386 179 320
 387 182 340
 388 196 335
 389 209 340
 390 212 324
 391 229 333
 392 9 352
 393 17 341
 394 24 344
 395 37 340
 396 46 357
 397 57 348
 398 68 351
 399 77 352
 400 85 349
 401 96 349
 402 109 358
 403 112 343
 404 122 345
 405 131 350
 406 143 357
 407 151 356
 408 163 354
 409 176 344
 410 185 340
 411 199 341
 412 203 343
 413 213 340
 414 225 357
 415 7 376
 416 17 371
 417 22 376
 418 34 362
 419 41 364
 420 56 374
 421 62 365
 422 74 362
 423 82 379
 424 96 379
 425 106 370
 426 119 370
 427 127 376
 428 136 372
 429 143 368
 430 156 375
 431 168 365
 432 178 370
 433 189 366
 434 191 368
 435 204 376
 436 213 369
 437 229 367
 438 4 396
 439 17 392
 440 29 394
 441 39 380
 442 45 391
 443 56 398
 444 66 390
 445 75 394
 446 88 400
 447 96 392
 448 102 393
 449 119 382
 450 126 393
 451 135 391
 452 143 397
 453 156 397
 454 167 396
 455 171 389
 456 186 387
 457 193 397
 458 208 399
 459 212 399
 460 226 385
 461 9 419
 462 18 409
 463 25 407
 464 39 407
 465 41 406
 466 59 414
 467 61 401
 468 78 406
 469 89 418
 470 94 418
 471 108 401
 472 117 404
 473 128 403
 474 136 412
 475 147 410
 476 158 404
 477 167 405
 478 175 419
 479 189 403
 480 193 419
 481 202 418
 482 215 407
 483 224 416
 484 2 421
 485 11 430
 486 29 421
 487 33 439
 488 46 432
 489 54 438
 490 67 426
 491 79 423
 492 84 433
 493 96 435
 494 104 427
 495 114 432
 496 125 435
 497 135 422
 498 142 431
 499 150 430
 500 166 430
 501 178 437
 502 181 439
 503 191 436
 504 204 438
 505 211 425
 506 227 439
 507 1 451
 508 16 459
 509 27 449
 510 33 451
 511 43 445
 512 57 443
 513 67 458
 514 77 441
 515 84 454
 516 92 440
 517 102 460
 518 116 451
 519 126 444
 520 134 449
 521 147 447
 522 154 446
 523 167 444
 524 177 449
 525 189 451
 526 198 446
 527 203 455
 528 213 449
 529 221 450
 530 7 475
 531 19 480
 532 23 477
 533 33 480
 534 43 474
 535 54 474
 536 68 472
 537 74 464
 538 85 466
 539 94 475
 540 108 470
 541 113 461
 542 129 470
 543 136 473
 544 143 461
 545 153 478
 546 160 470
 547 172 479
 548 181 469
 549 198 460
 550 206 464
 551 217 478
 552 228 473
 553 9 498
 554 16 494
 555 24 496
 556 33 490
 557 46 481
 558 51 499
 559 69 491
 560 71 484
 561 85 485
 562 93 481
 563 106 485
 564 117 482
 565 121 482
 566 136 497
 567 143 489
 568 156 480
 569 165 492
 570 176 488
 571 183 499
 572 192 493
 573 201 494
 574 212 491
 575 226 482

1   10   25   24    2    3   26   27   48    4    5   47
2   10    3    1   25    4   26   24   27    5    6   48
3   10    4    2   25   27   26    5    1    6   24   28
4   10    5    3   27   26    6   28   25    2    7    1
5   10    4   27   26   28    6    3   29    7   30   52
6   10    7    4    5    8   30    3   27   28   26   29
7   10    8    6   30    9    5   31    4   29   28   10
8   10   30    7   31    9    6   32   53   29   10    5
9   10   10    8    7   11   30   34   33   32   31    6
10   10    9   11   34   33   12    8   13   35    7   32
11   10   34   33   35   12   13   10    9   57   32   58
12   10   13   34   35   14   11   33   36   10   37   58
13   10   12   35   34   14   11   36   33   37   58   59
14   10   12   13   15   35   34   39   16   11   37   17
15   10   16   39   14   17   40   38   13   12   18   41
16   10   40   39   15   17   41   18   42   38   19   62
17   10   16   18   15   40   41   42   39   19   14   43
18   10   19   42   41   17   43   20   40   16   15   21
19   10   42   43   41   20   18   40   44   21   17   16
20   10   43   21   19   42   44   45   41   18   22   46
21   10   45   20   44   22   43   46   19   23   42   18
22   10   23   21   46   45   20   44   43   19   42   69
23   10   22   46   21   45   44   20   69   43   68   67
24   10   25    1   48   47   26   27   49    3    2   72
25   10    1   24   26   27   48    3    2    4    5   49
26   10   27    5    4   25   48   28    3   49   24    1
27   10   26    5    4   28   25   48    3   50   49    1
28   10   29   52    5   27   50   26    4   30   49   53
29   10   52   28   53   30   31   50    5   27   51    8
30   10    8   31    7   53   29   52   32    6   28    5
31   10   53   32   30    8   52   29   55   54   56   33
32   10   31   33   56   55   53   57   54   30    8   11
33   10   11   34   35   57   32   56   58   13   12   31
34   10   11   35   33   13   12   58   57   36   10   32
35   10   34   13   11   33   12   58   36   57   59   37
36   10   59   58   37   35   38   60   57   13   34   82
37   10   36   38   59   60   58   61   35   39   13   82
38   10   37   61   39   60   36   62   59   63   16   58
39   10   16   40   15   38   62   37   63   61   17   41
40   10   16   41   39   42   18   19   62   64   17   63
41   10   42   19   40   18   43   16   20   17   64   39
42   10   19   41   43   18   20   40   44   16   21   17
43   10   20   19   42   44   41   21   18   45   40   66
44   10   45   21   43   20   67   19   66   46   68   42
45   10   44   21   46   20   22   43   69   67   68   23
46   10   45   23   22   21   69   44   20   68   67   43
47   10   70   48   71   24   72   49   93   25   73   94
48   10   49   24   26   25   72   27   50   47    1   73
49   10   72   48   50   73   51   74   26   27   28   47
50   10   51   49   73   74   28   72   52   29   48   27
51   10   74   73   50   72   49   75   52   76   28   96
52   10   29   53   28   31   50   30   51   54   74    5
53   10   31   52   29   32   54   30   55   28    8   56
54   10   55   78   77   53   56   76   32   31   79   52
55   10   54   56   32   78   79   57   53   31   77   80
56   10   57   55   80   32   54   79   58   33   31   78
57   10   56   58   33   80   32   59   55   35   36   34
58   10   59   36   57   35   37   56   80   33   34   60
59   10   36   58   37   60   57   35   82   38   80   61
60   10   61   82   83   38   37   59   36   84   58   62
61   10   60   38   62   63   37   86   83   39   64   82
62   10   63   64   61   86   38   39   40   65   87   60
63   10   62   64   61   86   65   87   38   40   39   60
64   10   63   65   62   87   86   40   66   61   41   42
65   10   64   66   87   63   89   62   88   86   90   67
66   10   65   67   89   90   68   44   87   88   64   43
67   10   68   66   69   44   90   89   92   45   65   91
68   10   67   69   92   90   66   89   44   45   91  113
69   10   68   67   92   45   46   44   66   90   21   91
70   10   71   93   47   94   72  116   49  117   48   95
71   10   93   70   94   72   47   73   96   49   95  117
72   10   73   49   71   51   74   50   48   47   96   70
73   10   74   51   72   50   49   96   71   75   97   48
74   10   51   73   50   72   75   96   97   49   76   98
75   10   98   97   76   99   74   96   77   51  100   73
76   10   77   75   78   98   54  100   99   74   51   97
77   10   76   78   54  100   55   75   99   98   79  101
78   10   77  100   54   76   79   55  101   80   99   56
79   10   80   78   56   55   81   54   57   77  100  102
80   10   79   56   57   81   58   82   55   59   78   36
81   10  104   82  106   80   79   83  102  105  103   84
82   10   83   60   81   59   80   84  106   36   61   58
83   10   84   82   60  106   85   81   61  105   86  107
84   10   85   83  106  107   82   86   60  105   61  108
85   10   84   86   83  107  110  106  109  108   61   60
86   10   87   63   85   62  110   64   61   84   65   88
87   10   86   65   88   64  110   63   89   66   62   90
88   10   89   87   90  110  112  113   65   66  111   86
89   10   90   88   66  113   67   91   65  112   87   68
90   10   89  113   88   91   66   67   68  112   92   65
91   10  113  114  115   90   92  112   89   68  138   88
92   10   68   69   91   67   90  115  113   89  114   66
93   10   94   71   70  116  117   95   96   72   47  118
94   10   93   95  117   71   96  116   70  118  119   72
95   10  117   94  118  119  116   96   93  141   71  120
96   10   97  119   94   95   75   74   98   73   71  120
97   10   98   75   96  120  119   99   74   76   73   51
98   10   75   97   99   76  120  123   96  100   77   74
99   10  123   98  100  101   75   97  120  124   76  121
100   10  101   99   78   77  123   76   98  102   75  124
101   10  100  123  102  124  103   99  125  126   78  147
102   10  103  126  125  101  104   81  100  124   79  123
103   10  102  126  125  104  101  124   81  127  105  100
104   10  105  103   81  102  126  106  125  129  127   82
105   10  106  129  104  107  128   81  126   84  103   83
106   10  105   84   83  129  104  107   81   85   82  108
107   10  108  131  109  129   85  106   84  105  132  130
108   10  131  107  109  132  129   85  110  130  133   84
109   10  108  131  107  110  132  134   85  111  133   84
110   10  109   88   87   86   85  134  108  107  111  112
111   10  134  112  135  136  133  109  158   88  110  113
112   10  113  111  114  134   88   91   90   89  135  136
113   10   91  112  114   90   89  115   88   92  111  138
114   10  113   91  115  138  112  137  136   90  111  135
115   10  114  138   91  113   92  112   90  161  137   68
116   10  117   93   94   95  118  139   70  141   71  119
117   10   95  116   94  118   93  141  119  139   96   71
118   10  141   95  117  119  142  139  116   94  143  120
119   10  120   95  118   96   97  121  141  117   94   98
120   10  119  121   97   98  144   99   96  123  122   75
121   10  144  120  122  123  119   99  145  143  124   98
122   10  121  146  144  124  147  145  123  169  120  168
123   10   99  101  124  100  122  121   98  120  147  125
124   10  147  123  101  122  146  125   99  126  148  103
125   10  126  103  102  124  101  148  127  147  104  149
126   10  103  125  102  104  127  101  124  148  105  149
127   10  149  150  148  151  128  125  126  173  172  103
128   10  151  130  152  129  127  153  150  105  149  154
129   10  105  107  130  128  106  108  131  151  104   84
130   10  128  153  152  154  151  129  131  132  108  155
131   10  108  132  109  107  130  129  133  155  154  134
132   10  131  133  108  155  109  154  107  134  130  156
133   10  155  132  156  134  131  157  111  135  154  178
134   10  111  112  135  133  109  136  132  110   88  158
135   10  136  158  159  137  111  134  160  133  112  161
136   10  135  158  137  159  160  111  134  161  112  114
137   10  136  160  161  159  158  135  138  114  183  182
138   10  115  114  161  137   91  113  160  136  112  135
139   10  140  141  162  118  163  142  117  116  164   95
140   10  163  162  139  164  142  141  185  118  165  143
141   10  118  142  139  140  117  143   95  119  163  164
142   10  143  141  164  140  118  166  163  144  165  139
143   10  142  144  167  166  145  141  164  165  121  118
144   10  121  143  145  122  167  120  142  168  119  146
145   10  168  167  169  144  122  146  143  170  121  166
146   10  147  122  124  169  148  170  145  168  125  172
147   10  146  124  148  122  169  170  125  149  145  123
148   10  149  147  127  172  146  150  125  173  124  126
149   10  150  148  127  173  172  151  128  147  125  171
150   10  173  149  127  151  172  148  128  152  174  171
151   10  128  152  130  150  127  153  149  173  129  154
152   10  153  151  130  128  154  150  173  175  174  127
153   10  154  152  130  151  178  128  155  175  176  156
154   10  153  130  155  178  152  156  132  128  151  133
155   10  156  133  132  178  154  157  153  131  130  180
156   10  155  178  157  133  180  154  179  132  153  203
157   10  180  156  179  182  155  178  158  159  203  133
158   10  159  135  136  137  160  182  157  133  111  161
159   10  158  136  135  137  160  182  157  183  161  180
160   10  161  137  159  183  158  136  135  182  138  184
161   10  160  137  138  159  136  183  158  135  114  182
162   10  163  140  185  164  139  142  165  141  186  187
163   10  162  140  164  142  165  185  139  166  187  141
164   10  163  165  166  142  140  162  143  188  187  167
165   10  166  164  188  187  189  190  167  163  143  142
166   10  165  167  164  143  190  142  188  189  168  145
167   10  168  145  166  143  144  165  169  190  142  164
168   10  145  169  167  170  192  166  144  146  122  190
169   10  170  168  145  146  171  147  167  192  122  172
170   10  169  171  168  146  172  147  145  192  194  148
171   10  170  172  194  169  192  193  195  173  148  168
172   10  171  173  149  150  148  170  194  127  169  147
173   10  150  149  172  174  151  127  152  148  171  128
174   10  175  196  173  176  197  198  152  150  199  221
175   10  176  174  177  198  199  200  153  152  197  196
176   10  177  175  198  199  200  201  174  178  153  152
177   10  176  201  175  200  178  199  179  198  202  203
178   10  156  155  154  179  177  153  180  157  201  176
179   10  180  203  202  201  157  178  156  181  177  204
180   10  179  157  203  181  182  156  202  178  204  201
181   10  204  182  180  205  203  179  183  157  202  206
182   10  181  183  159  157  180  204  158  160  203  179
183   10  160  182  184  181  159  161  137  207  158  206
184   10  207  206  183  229  205  181  182  204  160  230
185   10  162  186  209  163  208  187  140  164  188  210
186   10  209  187  208  188  210  185  233  211  212  189
187   10  188  186  189  209  212  165  210  164  190  211
188   10  187  189  165  186  212  190  209  164  166  210
189   10  188  190  212  187  165  166  211  191  186  213
190   10  189  191  188  212  165  166  192  187  167  168
191   10  192  193  190  215  216  214  189  194  212  213
192   10  191  193  194  168  190  170  169  171  167  216
193   10  192  194  191  217  216  195  171  215  170  190
194   10  195  193  171  217  192  172  170  196  191  216
195   10  217  194  196  193  218  197  219  171  216  192
196   10  197  195  174  219  221  198  220  217  194  218
197   10  196  221  198  219  220  174  199  195  218  175
198   10  199  221  200  197  222  176  175  174  196  177
199   10  200  198  222  221  176  177  175  197  224  201
200   10  199  222  198  224  177  176  201  221  223  175
201   10  177  202  203  179  224  200  176  178  180  199
202   10  203  201  179  226  224  180  204  181  225  177
203   10  179  202  180  201  181  204  157  226  182  177
204   10  181  205  203  206  182  202  180  229  207  226
205   10  206  204  229  207  181  228  184  230  226  227
206   10  207  229  205  184  204  230  228  181  183  182
207   10  206  229  184  205  230  204  228  183  181  182
208   10  209  186  210  233  232  231  185  211  187  188
209   10  186  208  210  187  233  185  188  211  232  212
210   10  233  211  209  232  208  186  212  234  187  188
211   10  210  233  212  234  213  235  232  236  209  186
212   10  189  211  213  188  187  190  210  236  186  233
213   10  236  214  237  212  235  211  215  234  189  210
214   10  215  236  237  213  238  216  191  235  239  212
215   10  214  216  237  236  238  191  213  239  193  217
216   10  215  217  193  239  214  191  238  240  218  195
217   10  195  216  218  193  194  219  196  241  215  239
218   10  241  219  220  217  243  240  239  195  216  197
219   10  220  218  243  197  221  241  196  217  244  195
220   10  219  243  221  218  197  244  241  245  196  242
221   10  197  198  220  199  222  219  196  200  243  244
222   10  200  199  223  198  221  224  245  246  244  220
223   10  246  222  224  247  225  245  248  200  249  199
224   10  225  200  223  222  201  226  202  199  249  177
225   10  249  226  224  227  223  248  247  202  246  222
226   10  227  225  249  202  224  204  203  248  228  205
227   10  249  226  225  228  248  250  272  224  251  205
228   10  230  229  227  205  253  206  251  252  226  207
229   10  206  207  205  230  228  184  204  253  181  227
230   10  229  253  228  206  207  205  252  184  251  227
231   10  254  232  208  233  256  255  210  277  209  234
232   10  233  210  256  231  234  254  208  211  209  255
233   10  210  232  211  234  208  209  256  231  186  235
234   10  235  256  233  211  232  258  210  213  259  236
235   10  234  258  236  213  237  259  211  256  233  214
236   10  213  237  214  235  215  238  212  211  234  258
237   10  236  214  238  213  215  235  258  260  259  239
238   10  237  239  214  215  240  236  260  216  262  261
239   10  240  238  216  241  215  218  264  262  214  217
240   10  239  241  264  218  238  262  216  242  263  265
241   10  218  240  243  219  242  220  239  265  264  217
242   10  265  266  243  241  244  267  264  220  245  240
243   10  220  244  219  242  241  245  218  221  265  267
244   10  245  243  267  242  220  266  265  219  268  221
245   10  244  267  246  243  223  269  222  268  220  242
246   10  247  223  269  245  268  248  267  244  271  222
247   10  248  246  271  223  249  272  269  270  225  268
248   10  247  249  272  271  225  246  227  223  250  270
249   10  227  248  225  226  247  272  250  224  223  271
250   10  251  272  274  273  271  248  275  249  252  227
251   10  250  274  252  275  272  273  276  228  253  227
252   10  275  253  251  274  276  250  299  228  230  273
253   10  252  230  228  251  275  276  229  274  299  250
254   10  255  231  256  277  232  233  234  208  210  279
255   10  277  254  256  279  278  231  257  232  280  234
256   10  254  232  255  234  233  231  277  257  235  258
257   10  280  282  259  258  281  279  256  260  234  235
258   10  259  235  282  257  260  234  237  280  236  281
259   10  258  282  260  257  235  280  281  234  283  261
260   10  261  259  282  258  283  238  237  262  257  281
261   10  260  283  262  284  286  285  282  306  263  259
262   10  286  263  261  264  240  260  238  287  239  285
263   10  286  262  264  287  261  240  265  288  285  289
264   10  263  262  265  286  240  242  239  241  287  266
265   10  242  266  264  267  289  241  243  244  290  263
266   10  265  267  290  242  289  268  244  269  245  288
267   10  268  266  244  269  245  242  265  290  243  246
268   10  269  267  292  246  266  290  245  270  244  247
269   10  268  267  246  292  247  245  270  266  244  290
270   10  271  292  293  247  269  272  268  248  295  294
271   10  272  270  248  247  250  273  246  249  269  292
272   10  271  250  248  249  247  273  251  270  274  227
273   10  274  297  296  272  295  250  271  275  251  270
274   10  275  251  250  252  273  276  297  272  299  298
275   10  274  276  252  251  299  250  273  297  298  253
276   10  299  275  252  274  298  251  297  253  321  322
277   10  255  254  278  279  256  231  280  302  257  232
278   10  279  302  301  277  255  300  280  303  257  325
279   10  278  302  280  257  277  255  303  301  281  304
280   10  257  279  281  282  259  258  304  278  302  303
281   10  282  280  283  304  306  257  284  259  305  279
282   10  259  281  257  258  260  283  280  261  306  284
283   10  284  306  261  281  282  260  285  307  259  304
284   10  306  283  285  307  261  308  281  330  305  282
285   10  284  307  306  308  309  283  286  261  287  330
286   10  263  262  287  264  261  285  284  288  283  240
287   10  286  288  310  263  309  311  285  289  262  264
288   10  289  287  311  290  310  266  312  263  286  265
289   10  288  290  266  265  287  242  264  291  267  263
290   10  289  266  288  268  291  267  292  265  269  314
291   10  314  315  293  292  290  316  294  289  268  313
292   10  293  268  291  270  269  314  290  315  294  267
293   10  292  315  291  294  314  270  316  295  317  268
294   10  295  293  318  317  315  316  296  314  270  292
295   10  294  296  318  317  273  293  316  297  270  315
296   10  295  318  297  273  294  320  319  321  317  298
297   10  298  296  321  273  320  274  275  295  318  319
298   10  321  297  322  299  276  320  275  296  344  274
299   10  276  298  275  322  274  252  297  321  251  253
300   10  301  324  325  302  323  278  303  279  346  347
301   10  302  300  325  303  278  324  279  323  304  326
302   10  301  303  278  279  325  304  300  280  324  281
303   10  302  304  325  301  279  327  326  278  328  305
304   10  303  305  281  328  306  302  280  279  283  327
305   10  328  330  307  304  306  329  308  327  284  281
306   10  284  283  307  281  285  305  330  304  261  282
307   10  330  308  306  305  284  285  331  328  283  329
308   10  330  331  307  309  332  285  310  329  284  305
309   10  310  332  308  331  287  311  285  333  307  312
310   10  309  311  332  287  312  308  331  333  285  288
311   10  312  310  288  309  313  334  287  335  332  289
312   10  311  334  335  313  310  336  332  333  309  357
313   10  312  336  335  311  334  314  337  338  291  315
314   10  291  315  293  316  292  313  294  290  317  339
315   10  316  314  293  291  294  317  292  339  295  338
316   10  315  317  339  294  314  293  338  291  318  295
317   10  316  318  294  339  315  295  340  338  296  319
318   10  296  295  317  294  319  320  316  343  297  315
319   10  343  320  342  344  318  321  296  317  297  341
320   10  319  343  344  321  342  318  296  297  298  322
321   10  298  322  320  297  344  319  343  296  299  345
322   10  321  298  344  345  299  320  297  343  319  276
323   10  346  324  347  348  325  300  301  349  371  370
324   10  325  323  347  346  301  348  300  349  326  303
325   10  324  301  303  326  302  349  327  348  347  323
326   10  327  350  349  348  325  328  351  347  303  324
327   10  326  350  349  328  351  348  325  303  305  347
328   10  305  327  329  330  326  304  307  350  303  306
329   10  330  353  328  352  331  305  308  307  351  354
330   10  307  308  305  329  331  328  306  284  285  332
331   10  332  308  355  330  333  309  329  307  310  354
332   10  331  333  309  310  308  355  356  311  334  312
333   10  355  356  332  357  331  334  335  354  358  310
334   10  335  312  357  358  333  336  356  313  311  332
335   10  334  312  358  357  336  313  333  311  356  337
336   10  337  313  335  338  334  360  358  312  339  359
337   10  336  360  338  362  361  359  339  383  313  358
338   10  339  337  340  362  336  316  361  317  360  313
339   10  338  340  316  317  362  337  315  336  341  361
340   10  341  339  362  338  364  317  363  365  342  361
341   10  364  365  340  342  363  366  386  343  362  319
342   10  343  365  319  366  341  320  344  364  340  345
343   10  319  320  342  344  321  366  365  318  341  345
344   10  345  343  320  319  321  342  322  366  298  368
345   10  344  368  366  322  343  320  342  367  321  319
346   10  347  323  348  324  349  371  370  325  369  326
347   10  348  346  349  323  324  371  325  370  326  350
348   10  347  349  346  371  350  326  324  327  325  323
349   10  348  350  326  327  347  371  325  324  351  346
350   10  326  327  349  351  348  328  371  347  374  352
351   10  352  350  374  373  353  327  326  349  329  376
352   10  353  351  376  374  329  354  375  373  350  377
353   10  352  354  329  376  351  355  374  331  375  377
354   10  355  353  378  356  376  333  352  379  331  329
355   10  333  354  356  331  332  357  353  378  379  329
356   10  357  333  355  379  358  354  378  334  380  332
357   10  356  358  333  334  335  379  355  380  378  332
358   10  357  335  334  359  356  379  381  380  336  333
359   10  383  360  381  358  337  382  361  336  380  384
360   10  383  361  359  337  362  385  336  384  338  358
361   10  362  360  385  383  337  363  359  386  384  338
362   10  361  340  338  337  363  360  385  339  386  383
363   10  386  364  385  362  361  341  340  365  387  410
364   10  365  341  363  386  340  342  366  362  367  390
365   10  364  341  342  366  340  363  367  343  386  319
366   10  365  367  342  368  364  341  344  343  345  390
367   10  368  390  366  365  391  413  345  389  364  342
368   10  367  366  390  345  391  365  344  342  413  364
369   10  392  393  370  394  346  371  347  372  395  416
370   10  393  371  394  369  372  395  392  346  347  348
371   10  370  348  372  395  347  349  393  394  373  346
372   10  395  373  394  371  393  374  370  396  397  418
373   10  374  372  395  375  397  351  371  396  394  376
374   10  373  375  351  352  376  372  397  395  353  350
375   10  397  376  374  398  373  377  399  352  372  395
376   10  375  377  352  374  353  354  398  351  397  399
377   10  400  376  399  398  401  375  378  422  354  397
378   10  379  380  354  356  377  355  403  401  357  381
379   10  380  378  356  381  357  358  403  354  355  404
380   10  379  381  378  403  404  356  357  358  359  401
381   10  380  404  359  382  379  403  358  405  383  378
382   10  384  405  381  404  383  406  359  407  403  360
383   10  360  359  361  384  385  382  337  381  362  358
384   10  382  383  385  407  408  406  361  405  360  359
385   10  361  363  384  383  386  362  360  409  387  382
386   10  363  364  385  387  410  362  388  361  341  365
387   10  410  409  388  411  386  412  408  363  385  433
388   10  411  412  410  389  387  413  390  409  386  363
389   10  413  412  411  388  390  391  414  410  387  367
390   10  367  413  389  368  391  388  412  411  366  365
391   10  413  390  389  414  367  368  412  411  388  437
392   10  393  369  394  416  370  415  418  417  395  372
393   10  394  370  392  369  371  395  372  418  416  373
394   10  393  395  372  370  392  371  418  369  373  396
395   10  372  373  394  371  396  393  370  374  397  418
396   10  419  418  397  421  395  420  372  398  441  373
397   10  398  375  396  421  373  399  374  395  422  372
398   10  399  397  422  421  375  400  377  396  376  420
399   10  400  398  422  377  401  421  397  375  376  423
400   10  399  401  377  422  398  376  402  375  378  403
401   10  400  402  403  377  399  425  378  422  404  380
402   10  425  403  426  401  404  405  424  427  400  449
403   10  404  402  380  401  381  405  379  378  382  425
404   10  403  405  381  382  402  380  406  426  401  379
405   10  404  406  382  403  407  429  381  428  426  402
406   10  407  429  405  428  382  408  384  430  404  427
407   10  406  408  429  384  431  430  405  428  382  409
408   10  431  407  409  406  384  432  430  387  429  410
409   10  387  410  408  388  431  411  386  385  433  384
410   10  387  409  388  411  412  386  389  363  408  433
411   10  412  388  389  413  410  387  390  409  433  434
412   10  411  389  413  388  410  390  387  414  433  409
413   10  389  412  411  390  391  388  414  367  410  436
414   10  437  436  413  389  391  412  460  435  411  390
415   10  416  417  439  438  392  440  418  441  462  463
416   10  417  415  418  392  439  441  419  440  394  438
417   10  416  415  439  441  418  440  419  438  392  442
418   10  419  396  417  441  416  394  395  372  420  397
419   10  418  396  441  420  421  417  397  395  416  394
420   10  421  441  419  444  396  442  422  443  418  398
421   10  420  422  398  397  396  399  419  423  444  441
422   10  399  421  398  400  423  420  397  377  401  375
423   10  424  445  422  447  444  446  448  421  425  420
424   10  447  425  423  448  446  449  426  402  471  445
425   10  402  426  424  449  427  401  448  447  423  403
426   10  427  449  425  402  428  405  450  429  424  404
427   10  428  449  426  451  450  429  425  406  402  405
428   10  429  427  406  426  451  449  430  407  405  450
429   10  428  406  407  430  427  405  426  451  408  431
430   10  429  431  407  428  455  453  408  406  432  454
431   10  432  408  430  407  433  409  434  455  429  406
432   10  431  433  434  456  455  408  430  409  435  454
433   10  434  432  435  431  456  436  409  410  412  411
434   10  433  432  435  456  436  431  412  411  409  410
435   10  436  434  433  456  458  457  460  459  437  432
436   10  435  437  414  460  434  433  412  413  389  459
437   10  414  436  460  435  413  389  391  412  459  434
438   10  439  462  415  461  463  484  440  417  416  485
439   10  440  438  417  463  462  415  416  441  464  465
440   10  439  463  442  464  465  441  462  417  438  416
441   10  442  419  440  417  420  418  416  396  443  439
442   10  441  443  465  440  464  467  420  444  463  466
443   10  467  444  442  466  465  464  445  468  420  441
444   10  445  467  443  420  423  468  442  446  466  421
445   10  444  468  446  467  423  443  447  466  424  448
446   10  447  468  445  448  469  470  471  423  424  444
447   10  448  446  424  471  423  445  468  425  472  449
448   10  447  471  424  446  472  449  425  450  423  470
449   10  427  426  450  425  451  428  448  471  472  473
450   10  451  473  449  472  427  452  471  474  428  448
451   10  450  452  473  427  449  428  474  453  472  475
452   10  451  453  475  473  476  474  450  454  477  430
453   10  476  454  452  477  475  455  451  430  474  473
454   10  455  477  453  476  456  479  430  452  478  475
455   10  454  456  477  453  476  432  430  479  457  431
456   10  457  455  479  432  434  454  435  433  458  477
457   10  479  456  458  459  480  481  455  435  482  454
458   10  459  482  457  479  481  460  483  435  480  456
459   10  458  482  457  460  483  481  479  435  505  480
460   10  437  459  436  458  435  482  414  483  457  434
461   10  484  485  462  463  486  438  439  487  440  464
462   10  463  461  486  439  440  438  484  464  485  465
463   10  462  440  464  486  465  439  461  438  442  485
464   10  465  463  440  442  486  443  462  466  467  488
465   10  464  442  463  440  443  486  466  467  462  441
466   10  467  490  443  465  468  464  491  488  489  444
467   10  443  444  466  445  468  442  465  464  490  446
468   10  446  445  469  491  467  470  444  466  447  490
469   10  470  491  492  468  494  446  493  516  490  471
470   10  469  494  491  493  492  446  468  471  516  495
471   10  472  448  447  450  446  473  449  470  424  469
472   10  471  473  450  448  474  449  451  447  497  494
473   10  450  472  474  451  452  471  497  475  449  427
474   10  497  475  473  452  498  472  451  450  499  476
475   10  474  476  452  453  497  499  473  477  498  451
476   10  453  477  454  475  452  455  478  474  451  500
477   10  454  476  453  478  455  475  479  500  452  456
478   10  500  477  480  501  502  479  476  503  454  523
479   10  457  456  480  458  481  478  477  455  454  459
480   10  481  479  503  478  505  504  457  502  501  458
481   10  480  505  482  479  458  504  503  459  483  457
482   10  459  458  483  481  505  457  460  480  479  504
483   10  482  505  459  481  506  458  504  460  480  529
484   10  461  485  462  438  463  486  507  439  487  509
485   10  461  484  486  462  507  487  509  463  508  510
486   10  463  462  464  487  465  461  485  488  484  440
487   10  511  509  510  488  486  489  485  512  508  461
488   10  489  511  487  512  486  490  466  510  509  464
489   10  512  488  511  490  487  514  513  466  510  509
490   10  491  466  489  514  492  512  488  468  469  467
491   10  492  469  490  470  468  514  493  516  466  446
492   10  516  514  491  493  469  470  490  494  515  468
493   10  516  494  492  470  495  469  514  491  515  518
494   10  495  493  470  469  516  492  496  491  471  472
495   10  494  496  519  493  518  497  516  470  520  498
496   10  519  495  497  520  498  518  494  521  499  474
497   10  474  498  496  475  499  473  495  519  472  452
498   10  499  497  521  496  522  520  474  519  475  500
499   10  498  500  522  497  521  475  523  474  520  496
500   10  501  523  478  499  502  522  524  498  477  521
501   10  502  524  523  503  500  525  478  526  480  522
502   10  501  503  524  525  523  500  526  478  504  480
503   10  502  526  501  504  525  480  524  481  527  505
504   10  526  503  528  505  527  525  481  529  480  549
505   10  481  504  483  482  480  506  503  528  526  459
506   10  529  528  505  504  483  527  526  550  481  552
507   10  508  485  530  509  484  510  461  532  531  487
508   10  509  507  530  510  532  531  487  533  485  511
509   10  510  487  508  511  485  488  507  486  532  489
510   10  509  511  487  508  488  489  534  512  532  533
511   10  510  487  489  488  512  509  513  486  534  508
512   10  489  511  488  513  490  514  487  510  537  492
513   10  537  536  515  512  538  514  535  489  560  511
514   10  492  515  516  490  491  513  493  512  537  489
515   10  538  537  514  516  513  517  492  493  539  536
516   10  493  492  514  515  494  491  470  469  517  495
517   10  541  540  518  539  538  515  516  562  563  493
518   10  541  519  517  520  496  495  540  542  493  516
519   10  496  520  518  495  498  521  541  497  544  542
520   10  519  521  544  496  518  498  522  542  543  541
521   10  522  520  544  498  499  523  519  496  500  546
522   10  521  523  499  544  498  500  520  524  546  501
523   10  524  501  522  500  502  521  499  525  503  478
524   10  502  523  501  525  503  548  526  500  522  549
525   10  526  524  549  502  527  503  501  548  504  550
526   10  504  527  525  503  549  528  502  550  524  501
527   10  549  550  526  528  525  504  529  503  548  524
528   10  529  527  504  526  550  506  549  525  505  503
529   10  528  506  527  550  504  526  552  549  505  551
530   10  531  532  508  554  553  507  533  555  556  509
531   10  532  530  533  554  555  556  553  508  534  557
532   10  531  533  530  556  554  555  508  534  557  553
533   10  556  532  534  557  531  555  535  554  558  530
534   10  557  535  533  556  532  531  536  510  558  513
535   10  557  534  536  560  513  533  537  559  558  556
536   10  537  560  513  535  538  559  561  557  515  534
537   10  513  536  538  515  560  535  539  514  561  562
538   10  537  515  539  562  536  517  561  513  560  540
539   10  562  538  561  540  563  517  537  515  541  564
540   10  541  517  539  564  563  565  562  518  542  538
541   10  540  518  517  542  564  519  565  539  520  563
542   10  543  565  544  564  541  540  520  518  567  545
543   10  542  544  567  565  545  564  568  566  520  546
544   10  543  521  520  542  522  546  545  568  519  567
545   10  568  546  567  543  569  547  544  570  542  566
546   10  545  568  547  544  548  569  570  543  522  567
547   10  570  548  569  546  568  545  571  572  524  567
548   10  547  549  570  525  524  546  550  527  572  568
549   10  527  550  525  526  528  548  504  524  503  529
550   10  549  527  528  551  526  529  525  552  548  504
551   10  575  552  574  550  573  549  527  529  572  528
552   10  575  551  550  529  574  528  527  549  506  573
553   10  554  555  531  530  532  556  533  508  557  534
554   10  553  555  531  556  532  530  533  557  534  508
555   10  554  556  553  531  533  532  557  530  558  534
556   10  533  555  557  532  531  554  534  558  553  535
557   10  534  535  533  556  558  532  536  559  560  555
558   10  557  559  556  560  535  533  534  555  536  554
559   10  560  561  536  558  535  557  562  537  539  538
560   10  559  536  561  535  537  562  538  539  558  557
561   10  562  539  560  559  538  563  536  537  540  517
562   10  539  561  563  538  540  560  517  564  537  559
563   10  564  562  540  565  539  561  541  517  542  538
564   10  565  563  540  542  543  541  562  539  566  517
565   10  564  542  563  543  540  566  541  567  539  562
566   10  567  565  543  564  545  568  542  569  563  546
567   10  566  545  568  543  569  565  542  546  564  544
568   10  545  546  569  567  547  543  570  544  566  548
569   10  570  547  568  545  571  567  546  572  548  566
570   10  547  569  571  572  548  568  546  545  573  567
571   10  572  570  573  569  547  548  574  568  545  546
572   10  573  571  570  574  547  548  569  551  550  549
573   10  572  574  571  551  570  575  550  548  547  549
574   10  573  551  575  572  552  550  571  549  570  527
575   10  552  551  574  550  573  529  528  527  549  572
    3    1    1    1    1    3    2    3    2    3    2    2    3    2    3    2    3    1    2    1    2    3    2    1    2    2    1    3    1    2    3    1    1    1    3    3    1    2    2    3    3    2    1    3    3    3    3    1    3    2    2    3    1    2    3    2    3    2    3    3    3    1    2    1    2    1    3    2    2    3    1    1    3    1    3    3    1    3    2    2    1    3    1    1    2    2    1    3    2    3    3    1    1    2    1    1    3    2    3    2    3    3    1    2    3    3    2    2    2    3    3    3    2    1    2    1    3    3    3    1    2    2    2    3    1    1    2    1    1    1    2    1    1    1    1    1    1    1    2    3    2    3    2    1    1    1    1    2    3    1    1    1    2    2    3    3    2    1    2    1    3    3    1    2    2    3    3    1    3    3    2    1    3    1    1    2    3    1    3    3    3    2    2    1    3    1    2    1    2    3    2    3    3    3    1    3    2    2    3    2    2    3    2    3    2    2    1    3    2    3    3    3    3    2    2    2    1    3    2    2    3    1    1    2    1    2    3    3    3    3    1    3    1    3    2    2    2    1    1    3    3    2    2    3    1    3    1    3    1    1    3    1    2    2    3    1    3    3    1    1    3    1    3    2    3    1    3    2    1    1    3    3    3    3    3    1    2    2    2    1    3    1    1    3    2    2    2    3    2    1    2    2    3    3    1    1    3    1    3    2    1    1    1    3    3    3    2    1    1    3    2    2    3    3    3    1    3    1    2    1    1    1    2    1    2    3    2    2    1    1    2    2    2    1    3    1    3    3    2    2    1    1    2    3    2    3    3    1    3    3    1    1    2    3    3    2    1    1    1    2    1    3    1    2    2    2    1    1    1    3    1    3    2    3    1    1    3    1    2    3    1    3    3    3    3    3    1    3    3    3    3    3    2    1    3    3    2    3    3    2    1    1    3    2    3    3    2    1    2    3    3    1    1    1    3    1    3    2    3    1    3    2    1    1    2    1    2    2    3    2    2    3    1    1    1    1    1    2    1    3    3    2    2    2    1    1    3    3    2    2    1    2    2    3    1    3    3    1    2    2    2    3    1    2    3    3    3    3    3    1    1    2    2    3    1    1    2    1    2    3    2    1    2    3    3    1    3    2    3    2    2    2    1    2    3    3    1    2    1    3    2    1    3    3    3    2    2    1    3    2    3    3    2    2    1    1    2    1    2    3    2    3    3    3    2    1    2    3    1    3    2    1    1    1    3    1    2    3    2    1    3    3    3    2    2    3    3    2    3    2    1    1    2    3    1    3    3    2    3    1    1    3    1    2    1    3    3    1    2    2    2    1    1    3    1