783

 1 13 6
 2 49 6
 3 105 6
 4 239 6
 5 110 7
 6 270 7
 7 53 8
 8 131 8
 9 88 9
 10 97 9
 11 244 9
 12 78 10
 13 254 10
 14 174 11
 15 10 13
 16 200 13
 17 29 14
 18 62 14
 19 123 14
 20 141 15
 21 201 15
 22 167 17
 23 39 18
 24 219 18
 25 14 19
 26 200 19
 27 204 19
 28 220 19
 29 100 20
 30 127 20
 31 151 21
 32 188 21
 33 88 22
 34 231 23
 35 167 24
 36 140 25
 37 26 28
 38 253 30
 39 101 33
 40 270 33
 41 44 35
 42 181 35
 43 245 35
 44 211 37
 45 30 38
 46 54 38
 47 69 38
 48 116 38
 49 7 39
 50 159 39
 51 189 39
 52 13 40
 53 73 40
 54 175 40
 55 213 40
 56 2 41
 57 25 41
 58 77 41
 59 142 41
 60 222 41
 61 143 42
 62 165 45
 63 94 46
 64 125 46
 65 67 49
 66 237 49
 67 46 51
 68 150 53
 69 200 53
 70 38 55
 71 132 55
 72 179 55
 73 228 55
 74 107 56
 75 243 56
 76 82 57
 77 113 57
 78 207 58
 79 261 58
 80 37 59
 81 51 59
 82 163 59
 83 71 60
 84 255 60
 85 140 62
 86 154 62
 87 248 62
 88 8 63
 89 104 63
 90 208 63
 91 222 64
 92 180 65
 93 196 65
 94 68 66
 95 96 68
 96 232 68
 97 24 69
 98 84 69
 99 138 70
 100 40 71
 101 267 72
 102 121 73
 103 180 73
 104 217 75
 105 120 76
 106 259 78
 107 58 79
 108 120 80
 109 250 80
 110 20 81
 111 59 81
 112 107 82
 113 218 82
 114 246 83
 115 31 86
 116 98 89
 117 15 90
 118 140 90
 119 226 91
 120 75 92
 121 154 92
 122 240 93
 123 20 94
 124 160 94
 125 0 95
 126 149 95
 127 45 96
 128 113 97
 129 177 97
 130 185 97
 131 204 97
 132 200 98
 133 89 99
 134 260 99
 135 262 99
 136 60 101
 137 89 101
 138 136 101
 139 17 103
 140 110 103
 141 190 104
 142 240 104
 143 90 105
 144 164 105
 145 221 106
 146 3 107
 147 24 107
 148 231 107
 149 254 107
 150 154 109
 151 63 110
 152 77 110
 153 47 111
 154 181 111
 155 31 114
 156 60 115
 157 126 117
 158 207 117
 159 170 118
 160 36 119
 161 81 120
 162 61 121
 163 111 121
 164 140 121
 165 144 121
 166 217 121
 167 188 122
 168 230 122
 169 119 124
 170 237 127
 171 266 128
 172 17 129
 173 151 129
 174 220 129
 175 42 130
 176 103 130
 177 252 131
 178 210 133
 179 99 134
 180 20 135
 181 249 135
 182 137 137
 183 170 137
 184 59 138
 185 0 139
 186 20 139
 187 76 140
 188 174 140
 189 195 140
 190 121 141
 191 194 141
 192 212 141
 193 267 141
 194 248 142
 195 46 146
 196 52 146
 197 182 146
 198 100 147
 199 259 147
 200 109 148
 201 170 149
 202 78 151
 203 200 151
 204 70 152
 205 31 154
 206 120 154
 207 226 155
 208 82 156
 209 140 156
 210 158 156
 211 138 157
 212 137 159
 213 171 159
 214 240 160
 215 2 161
 216 13 161
 217 113 161
 218 255 163
 219 141 164
 220 201 165
 221 175 166
 222 60 167
 223 232 167
 224 84 168
 225 124 168
 226 170 169
 227 58 170
 228 190 171
 229 187 173
 230 36 174
 231 46 174
 232 107 174
 233 116 174
 234 269 174
 235 3 175
 236 14 175
 237 158 178
 238 249 178
 239 21 179
 240 95 179
 241 213 180
 242 11 181
 243 76 181
 244 179 181
 245 224 182
 246 28 184
 247 236 184
 248 51 186
 249 60 186
 250 119 186
 251 148 187
 252 218 187
 253 140 188
 254 266 188
 255 30 190
 256 76 191
 257 163 191
 258 94 192
 259 103 193
 260 188 193
 261 228 193
 262 152 194
 263 193 197
 264 246 197
 265 252 197
 266 1 198
 267 73 198
 268 86 198
 269 125 198
 270 7 199
 271 206 199
 272 207 199
 273 44 201
 274 55 201
 275 158 201
 276 30 203
 277 25 204
 278 44 204
 279 231 204
 280 260 204
 281 120 207
 282 175 207
 283 185 207
 284 228 207
 285 265 209
 286 68 210
 287 166 212
 288 191 212
 289 15 215
 290 109 215
 291 82 216
 292 130 217
 293 97 218
 294 37 219
 295 147 219
 296 238 219
 297 243 219
 298 219 220
 299 68 221
 300 113 221
 301 171 222
 302 23 223
 303 130 223
 304 243 224
 305 6 225
 306 86 225
 307 106 225
 308 193 226
 309 224 226
 310 186 227
 311 145 228
 312 160 228
 313 14 229
 314 258 231
 315 270 231
 316 97 232
 317 47 233
 318 155 233
 319 58 235
 320 210 235
 321 119 237
 322 130 238
 323 67 239
 324 220 239
 325 80 240
 326 152 240
 327 56 242
 328 30 243
 329 254 243
 330 140 244
 331 230 244
 332 92 246
 333 117 246
 334 220 246
 335 50 248
 336 145 249
 337 194 250
 338 184 251
 339 71 252
 340 175 252
 341 250 252
 342 226 253
 343 15 255
 344 36 255
 345 120 256
 346 83 257
 347 104 257
 348 170 257
 349 208 258
 350 99 259
 351 162 259
 352 9 260
 353 82 260
 354 152 260
 355 253 260
 356 21 261
 357 267 261
 358 44 262
 359 16 263
 360 141 264
 361 210 264
 362 220 264
 363 9 268
 364 175 268
 365 79 270
 366 50 271
 367 267 271
 368 196 272
 369 239 272
 370 113 273
 371 68 274
 372 127 274
 373 187 275
 374 243 276
 375 140 277
 376 89 278
 377 108 278
 378 219 279
 379 229 279
 380 150 280
 381 160 280
 382 32 281
 383 178 282
 384 11 283
 385 200 283
 386 156 284
 387 30 285
 388 201 285
 389 58 289
 390 23 290
 391 130 290
 392 67 291
 393 100 291
 394 257 291
 395 3 292
 396 237 292
 397 46 293
 398 221 294
 399 246 296
 400 181 297
 401 28 299
 402 178 299
 403 200 299
 404 266 299
 405 73 300
 406 266 300
 407 39 301
 408 108 301
 409 109 301
 410 115 301
 411 137 301
 412 215 301
 413 259 302
 414 188 304
 415 190 304
 416 167 307
 417 133 308
 418 143 309
 419 126 310
 420 94 312
 421 238 312
 422 60 315
 423 14 316
 424 85 316
 425 41 317
 426 73 317
 427 221 318
 428 245 318
 429 6 319
 430 78 319
 431 118 319
 432 183 319
 433 67 320
 434 152 321
 435 126 323
 436 6 324
 437 156 324
 438 55 325
 439 113 325
 440 208 325
 441 137 326
 442 248 326
 443 46 328
 444 266 329
 445 17 330
 446 177 330
 447 218 330
 448 149 331
 449 83 333
 450 193 333
 451 231 333
 452 24 334
 453 31 335
 454 223 336
 455 66 337
 456 90 337
 457 102 337
 458 26 339
 459 166 339
 460 77 340
 461 258 340
 462 268 344
 463 63 345
 464 140 346
 465 198 346
 466 30 348
 467 113 348
 468 220 348
 469 130 349
 470 133 349
 471 238 349
 472 5 350
 473 80 350
 474 179 350
 475 200 350
 476 150 352
 477 97 354
 478 223 354
 479 253 354
 480 181 356
 481 246 356
 482 16 358
 483 103 359
 484 30 360
 485 40 360
 486 58 360
 487 169 360
 488 200 361
 489 180 362
 490 266 362
 491 100 365
 492 64 366
 493 187 366
 494 146 367
 495 80 368
 496 159 368
 497 161 368
 498 220 368
 499 1 369
 500 103 369
 501 115 373
 502 210 373
 503 248 374
 504 259 374
 505 131 375
 506 35 376
 507 122 376
 508 56 378
 509 210 378
 510 238 378
 511 15 379
 512 50 379
 513 85 379
 514 182 379
 515 94 381
 516 266 383
 517 44 384
 518 74 384
 519 80 384
 520 191 384
 521 130 385
 522 169 385
 523 258 385
 524 177 389
 525 210 391
 526 13 392
 527 160 392
 528 209 392
 529 102 393
 530 30 394
 531 67 395
 532 227 397
 533 4 398
 534 35 398
 535 118 398
 536 123 398
 537 205 399
 538 250 399
 539 60 400
 540 68 400
 541 131 400
 542 141 400
 543 166 400
 544 212 400
 545 230 400
 546 245 400
 547 71 401
 548 12 404
 549 240 404
 550 251 404
 551 27 405
 552 92 406
 553 183 406
 554 38 410
 555 266 410
 556 127 411
 557 83 412
 558 152 413
 559 192 413
 560 7 415
 561 55 416
 562 42 418
 563 107 418
 564 114 419
 565 150 419
 566 105 420
 567 230 420
 568 13 421
 569 56 421
 570 146 421
 571 174 421
 572 185 421
 573 194 421
 574 241 421
 575 164 422
 576 9 423
 577 141 423
 578 96 424
 579 43 425
 580 25 431
 581 201 431
 582 230 432
 583 257 432
 584 132 434
 585 263 434
 586 33 435
 587 119 435
 588 86 436
 589 178 436
 590 64 437
 591 129 437
 592 231 437
 593 216 438
 594 32 439
 595 239 439
 596 11 440
 597 46 440
 598 52 440
 599 73 440
 600 140 442
 601 145 442
 602 259 442
 603 119 443
 604 207 443
 605 162 444
 606 215 445
 607 106 447
 608 245 447
 609 123 448
 610 180 450
 611 30 451
 612 61 451
 613 77 453
 614 151 453
 615 200 453
 616 222 453
 617 99 455
 618 182 456
 619 83 457
 620 265 458
 621 112 459
 622 127 459
 623 264 459
 624 8 460
 625 255 460
 626 25 462
 627 58 462
 628 105 462
 629 200 462
 630 141 463
 631 165 464
 632 197 464
 633 153 465
 634 66 466
 635 242 466
 636 135 467
 637 218 467
 638 12 468
 639 174 468
 640 9 469
 641 79 469
 642 188 469
 643 239 475
 644 80 476
 645 48 478
 646 140 479
 647 221 480
 648 32 481
 649 99 481
 650 186 481
 651 133 483
 652 30 484
 653 154 484
 654 164 485
 655 57 486
 656 249 486
 657 96 487
 658 250 487
 659 27 488
 660 70 489
 661 108 489
 662 174 489
 663 237 489
 664 198 491
 665 10 492
 666 123 492
 667 207 492
 668 210 493
 669 120 494
 670 224 495
 671 40 498
 672 10 499
 673 187 499
 674 208 499
 675 76 500
 676 214 500
 677 262 500
 678 29 501
 679 48 501
 680 63 501
 681 90 501
 682 262 501
 683 10 503
 684 112 504
 685 56 506
 686 135 506
 687 246 508
 688 30 509
 689 155 509
 690 67 510
 691 86 510
 692 90 512
 693 171 513
 694 226 513
 695 127 517
 696 233 518
 697 2 519
 698 82 519
 699 121 519
 700 154 519
 701 160 519
 702 208 519
 703 231 519
 704 1 520
 705 40 520
 706 58 520
 707 103 520
 708 200 520
 709 28 521
 710 143 521
 711 252 521
 712 260 521
 713 95 525
 714 253 525
 715 230 527
 716 198 528
 717 243 528
 718 42 533
 719 109 533
 720 117 533
 721 130 534
 722 76 535
 723 188 536
 724 216 536
 725 14 538
 726 142 538
 727 167 539
 728 233 539
 729 263 539
 730 180 540
 731 180 541
 732 64 542
 733 96 543
 734 15 544
 735 39 544
 736 52 544
 737 107 545
 738 9 546
 739 72 546
 740 143 546
 741 193 546
 742 208 547
 743 68 548
 744 247 549
 745 47 550
 746 183 552
 747 22 553
 748 138 553
 749 157 553
 750 167 553
 751 228 553
 752 213 555
 753 252 557
 754 118 558
 755 121 558
 756 207 559
 757 84 560
 758 70 561
 759 83 562
 760 50 564
 761 30 565
 762 157 565
 763 171 565
 764 215 565
 765 50 566
 766 141 568
 767 260 569
 768 94 570
 769 8 571
 770 169 571
 771 251 574
 772 38 576
 773 130 577
 774 132 577
 775 240 578
 776 76 579
 777 114 579
 778 12 580
 779 105 580
 780 184 580
 781 199 580
 782 229 580
 783 231 580


1   10   15   25   17   37   23   49   52    2   45   56
2   10    7   18   23   17   12   41   37   46    1   45
3   10    5   10   29    9   19   33   30    8   39   12
4   10   11   13   34   28   24   38   43    6   27   60
5   10    3   10   19   29    8   30    9   33   39   48
6   10   13   40   11   38    4   43   34   28   79   24
7   10    2   18   23   17   12   41   46   37   47    9
8   10   19   20   30   36    5   31    3   29   48   10
9   10   10   12   33   29    3    5   18   39   58   53
10   10    3    9   29    5   33   12   39   19   30    8
11   10    4   13   34   38   28   43    6   24   40   60
12   10    9   33   18   10   29    7    3    2   47   53
13   10   11    4    6   38   34   43   40   28   24   66
14   10   22   35   32   42   31   16   26   21   54   27
15   10   25    1   17   37   49   52   56   23   57   45
16   10   21   26   27   32   24   28   14   44   51   42
17   10   23   37   25    1   15    2   45    7   41   57
18   10    7    2   12   23   47   46    9   33   41   53
19   10   30    8    5   20    3   36   29   48   10   31
20   10   36   31    8   30   19   59   22   61   35   50
21   10   16   26   27   32   24   28   44   51   14   55
22   10   35   14   31   32   42   50   54   20   62   36
23   10   17    2   37    7   41   45   18   46   25   57
24   10   28   34   27   21   26   16   44   55   60    4
25   10   15    1   37   17   52   49   57   45   23   56
26   10   27   21   16   32   24   28   44   51   55   42
27   10   26   21   16   24   28   32   44   55   51   34
28   10   24   34   27   21   26   44   16   60   55    4
29   10   10   33   39    3    9    5   19   48   12   63
30   10   19    8   36   20   48    5   31   59   64    3
31   10   20   36   35   22   50   59   61    8   30   14
32   10   26   21   16   42   27   14   51   35   22   54
33   10   29    9   12   10   39   58    3   53   63   47
34   10   28   24   43    4   11   60   38   44   55   13
35   10   22   14   31   50   42   54   62   32   51   36
36   10   20   31   30   59   61    8   19   50   64   35
37   10   45   57   17   25   23   52   41   15   49    1
38   10   43   40   13   11   34   66    4   75    6   79
39   10   29   63   48   33   74   10   58   77   64    9
40   10   38   43    6   79   13   84   11   75   87   66
41   10   46   45   67   23   37   57   70   81   80   47
42   10   54   51   32   35   62   72   50   22   26   14
43   10   38   66   34   75   60   40   11   73   13   84
44   10   55   60   27   69   28   24   26   78   51   21
45   10   57   37   41   52   70   67   23   80   49   46
46   10   41   47   67   65   53   81   58   70   45   23
47   10   53   58   65   46   83   76   33   18   41   63
48   10   64   39   77   74   30   71   63   29   19   59
49   10   56   52   57   25   37   45   88   15   17    1
50   10   62   54   61   68   35   59   31   82   42   22
51   10   42   54   69   32   72   44   26   55   62   27
52   10   49   56   57   45   37   25   88   15   70   17
53   10   58   47   65   46   76   83   63   33   94   18
54   10   42   62   51   72   50   35   82   32   22   92
55   10   44   60   69   78   73   28   24   27   90   51
56   10   49   52   88   57   25   37   45   15   97    1
57   10   45   52   37   49   70   41   80   56   67   25
58   10   53   47   65   76   63   83   33   46   39   94
59   10   61   68   36   50   71   64   85   31   62   86
60   10   55   44   73   66   34   28   78   91   24   43
61   10   59   68   50   71   36   64   85   62   31   86
62   10   50   54   82   68   72   42   86   35   61   59
63   10   39   76   74   58   89   53   77   95   48   33
64   10   71   48   77   59   61   74   85   36   68   30
65   10   53   47   83   58   76   94   46   81   67   98
66   10   75   73   43   60   87   96   84   91   38   79
67   10   70   81   80   46   41   45  100   65   57   47
68   10   86   61   85   82   59   50   62   71   99   64
69   10   78   93   90   51   55   44   72   92   91   60
70   10   80   67   81  100   45   57   97   41   46   52
71   10   85   64   99   61   59   68   77  102   86   48
72   10   92   54   82   62  103   51   93   42   69   50
73   10   91   66   96   75   60   87   78   55   90  104
74   10   77   89   95   63   48   64  102   39  105   76
75   10   87   66   84   73   96   79   43   91  109   60
76   10   83   98   63   94   58   65   95   53   89   47
77   10   74   89   64  102   71   48  105   95   63  108
78   10   90   69   93   91   55  104   73   44   60   51
79   10   84   87  101   75  106  109   66   40   43   38
80   10   70   67  100   81   97   57   45   41   46  115
81   10   67   70   80  100   94   65   83  107   46  111
82   10   86   62   68   72   92   50  103   54   85   61
83   10   94   76   65   98   58   81   53   47  107  111
84   10   79   87   75  101  106  109   66   96  114   43
85   10   99   71   68   86   61   59   64  102   82  105
86   10   82   68   85   99   62   61   71   50   59   72
87   10   84   75   79   66   96  109  106  114   73  101
88   10   97  110   56   52   49   57  117   80   70  115
89   10   74   95   77  112  102   63  105   98   76  108
90   10   78   93   69   91  104  113   73   55   96   60
91   10   96   73  104   90   78  113   66   75   60   69
92   10  103   72   93   82   69   62   54   86   51   78
93   10   90   69   78   92  103   72  104   91   51  113
94   10   83   98  107   76   65  111   81   53   58   67
95   10   89   98   74  112   76   77  116   63  105  102
96   10   91   73   75  104   87   66  113  114  109  119
97   10  110  100   80   88  115   70  117  123   57   67
98   10   95   76   83   94   89  116  120   63   65  112
99   10   85   71  102   86  105  118  108   68  121   64
100   10   80   97   70   81  115  107   67  111  110  127
101   10  106   79   84  109   87  114  135  134   75  122
102   10  105  108  112   99   77   89   71   85   74  128
103   10   92   93   72   82  129  130   86   69  124   90
104   10  113   91   90   96  119   78   73   93  131   69
105   10  102  108  112   99   77   89  128   74   71  118
106   10  109  101  114   84   87   79  134  135  122   75
107   10  111   94  100   81  127  120  136   83   98  115
108   10  105  102  112  128   99  118   89  116   77  140
109   10  114  106  122   87  101   84  134   96  135   79
110   10  117  115   97  123   88  139  100  125  147   80
111   10  107   94  120  136  127  100   81   83   98  115
112   10  116  108  105  128  102   95   89  140  133   77
113   10  104  119   91   96  131   90  132  145  122   78
114   10  109  122  106   96   87  134  119  142  135  101
115   10  110  123  117  127  100   97  139  147   80  107
116   10  112  133  137  128  143  140   95  120  108   98
117   10  123  110  139  125  115  147  146   97   88  155
118   10  126  138  121   99  124  108  150  105  102  128
119   10  113  122  145  148  104  142  114  131   96  109
120   10  133  137  136  152  111  143  107  151  116   98
121   10  126  124  118  144  150  138  129   99   86  159
122   10  142  114  119  109  148  149  134  135  145  106
123   10  117  139  110  147  115  125  146  155  127   97
124   10  121  126  144  150  129  118  138  130  159  154
125   10  146  117  139  123  110  147  115   88   97  155
126   10  121  118  124  138  150  144  165   99  164  129
127   10  153  136  115  111  107  155  151  147  156  160
128   10  140  112  116  108  105  138  157  163  133  137
129   10  130  154  141  144  124  159  132  121  103  150
130   10  129  141  154  132  131  144  103  167  124  159
131   10  132  141  130  145  158  113  119  104  154  129
132   10  131  141  130  158  145  154  129  113  167  119
133   10  137  143  116  120  152  140  161  128  112  151
134   10  135  149  142  122  106  114  109  101  171  148
135   10  134  149  106  109  142  114  122  101  171  148
136   10  151  156  127  153  120  152  162  111  107  161
137   10  133  143  152  116  120  161  140  128  112  151
138   10  118  126  157  150  121  164  165  128  124  140
139   10  147  123  117  146  155  125  115  110  160  172
140   10  128  163  116  143  137  112  157  133  169  108
141   10  130  154  132  129  131  167  158  159  144  145
142   10  148  122  149  145  119  168  134  114  135  170
143   10  137  133  152  161  116  120  140  128  163  151
144   10  150  124  159  129  121  154  126  130  165  141
145   10  148  166  119  158  168  142  131  132  174  122
146   10  125  139  117  147  123  172  155  110  185  180
147   10  139  155  123  160  117  146  115  172  153  127
148   10  142  145  168  122  119  166  170  149  174  158
149   10  134  135  142  122  148  177  171  114  170  109
150   10  144  126  165  124  121  159  164  138  173  118
151   10  156  136  162  152  153  161  120  127  143  137
152   10  161  143  151  137  133  156  120  136  162  116
153   10  160  156  127  151  155  136  162  175  147  184
154   10  141  167  159  130  129  144  132  158  131  124
155   10  160  147  153  139  175  172  127  123  180  186
156   10  151  162  153  136  152  161  184  175  127  160
157   10  169  164  163  165  138  140  182  128  190  176
158   10  166  178  174  145  167  131  132  141  168  192
159   10  154  144  150  167  183  173  129  188  141  130
160   10  155  175  153  147  172  180  156  127  139  162
161   10  152  143  162  151  187  137  156  133  179  176
162   10  156  151  184  153  152  161  136  175  187  160
163   10  169  176  157  179  140  190  128  143  200  198
164   10  165  173  157  182  150  138  169  126  190  144
165   10  164  173  150  182  157  138  169  144  159  126
166   10  174  158  168  178  145  148  192  170  131  142
167   10  154  141  159  189  158  191  188  183  178  197
168   10  170  174  166  148  145  142  178  181  158  177
169   10  163  157  176  190  164  182  179  140  165  200
170   10  168  181  177  174  194  166  148  142  149  145
171   10  193  177  181  199  194  149  170  135  134  142
172   10  180  186  185  155  160  147  175  139  146  205
173   10  165  164  182  150  183  159  188  144  201  157
174   10  166  178  168  192  170  158  145  148  207  189
175   10  160  195  184  196  155  153  162  180  156  186
176   10  179  163  169  198  200  190  161  157  140  143
177   10  181  194  171  170  199  193  168  149  142  214
178   10  192  174  166  158  189  191  203  168  167  207
179   10  176  198  200  163  169  161  190  187  202  208
180   10  186  172  185  205  175  160  155  216  195  147
181   10  177  194  170  199  171  193  168  214  149  218
182   10  173  164  190  165  209  211  212  169  157  206
183   10  188  201  197  159  173  213  210  167  191  189
184   10  196  195  187  162  204  175  202  156  151  161
185   10  172  186  180  215  216  146  205  235  236  139
186   10  180  172  205  185  216  175  160  195  155  215
187   10  202  204  208  184  161  179  162  196  198  176
188   10  183  201  197  213  191  189  159  210  167  173
189   10  191  203  197  178  192  167  188  183  220  158
190   10  206  200  182  169  176  217  198  163  179  211
191   10  189  203  197  178  192  167  188  183  220  201
192   10  178  174  203  189  191  207  166  158  168  220
193   10  199  171  177  181  194  218  214  234  170  149
194   10  181  177  199  170  193  214  218  171  207  168
195   10  196  184  175  205  204  222  227  186  231  180
196   10  195  184  175  204  222  205  227  187  202  162
197   10  188  201  191  189  183  213  203  221  167  226
198   10  200  179  176  217  208  206  190  202  187  224
199   10  193  194  181  218  177  171  214  234  170  238
200   10  198  206  217  190  179  176  225  169  232  233
201   10  188  213  183  197  210  221  226  191  189  173
202   10  208  204  187  224  198  184  222  196  179  227
203   10  191  189  220  192  197  178  228  229  207  188
204   10  202  208  187  184  222  196  224  227  195  243
205   10  195  186  216  230  180  196  231  175  239  236
206   10  217  200  190  225  212  211  209  233  198  219
207   10  223  214  192  194  203  174  220  245  178  241
208   10  202  224  204  187  198  222  243  240  227  179
209   10  211  212  219  210  182  225  206  190  217  237
210   10  213  201  226  209  219  221  211  212  237  183
211   10  212  209  219  225  206  210  182  190  217  233
212   10  211  209  219  225  206  210  182  217  190  233
213   10  221  226  201  210  197  188  229  183  228  237
214   10  223  207  218  194  238  199  247  181  245  177
215   10  216  235  236  242  185  239  186  205  180  246
216   10  215  236  235  205  239  242  186  185  230  180
217   10  206  225  233  200  232  198  190  212  211  240
218   10  214  238  199  234  194  223  193  254  247  181
219   10  212  211  209  225  210  237  206  253  251  233
220   10  228  203  229  241  191  189  221  192  197  207
221   10  226  213  229  244  228  201  210  237  197  220
222   10  227  231  204  249  248  243  196  224  202  208
223   10  214  207  245  247  238  241  218  252  261  194
224   10  208  243  240  202  204  232  222  256  258  227
225   10  233  217  206  212  219  211  232  250  209  200
226   10  221  213  244  237  229  210  201  228  257  197
227   10  222  231  249  248  243  204  230  196  224  195
228   10  229  220  244  221  226  260  203  213  241  263
229   10  228  244  221  220  226  260  213  263  203  241
230   10  231  246  239  255  248  205  236  227  222  242
231   10  230  227  248  222  249  246  255  205  239  273
232   10  233  240  217  250  225  259  258  224  206  200
233   10  232  225  250  217  206  240  259  269  212  219
234   10  254  218  238  265  199  280  214  264  193  247
235   10  242  236  215  216  239  266  270  246  255  230
236   10  242  239  235  216  246  215  255  230  270  266
237   10  251  257  226  262  253  221  244  210  219  275
238   10  247  218  265  264  254  214  223  234  245  261
239   10  236  246  242  255  230  235  216  270  277  231
240   10  232  258  224  259  243  268  233  256  250  217
241   10  252  245  220  261  272  271  223  247  228  263
242   10  236  235  239  246  270  266  216  255  215  230
243   10  256  224  249  267  240  268  258  227  222  248
244   10  229  228  260  226  221  257  237  263  213  282
245   10  252  241  261  247  223  279  272  271  284  238
246   10  255  239  230  236  242  276  277  231  248  273
247   10  261  245  238  264  223  252  279  265  241  214
248   10  249  231  274  273  227  230  278  222  255  246
249   10  248  274  227  256  243  267  231  222  273  278
250   10  233  269  232  259  225  281  253  240  258  217
251   10  262  253  237  257  275  219  269  226  250  212
252   10  245  241  261  272  271  247  279  284  223  263
253   10  251  262  269  237  250  275  257  219  225  281
254   10  234  265  280  238  285  264  218  247  214  261
255   10  246  276  239  277  230  273  278  242  248  236
256   10  267  243  268  249  258  286  240  274  224  248
257   10  275  262  237  251  244  282  287  226  253  260
258   10  259  268  240  256  243  267  232  250  224  293
259   10  258  240  250  268  232  281  269  290  233  293
260   10  263  283  244  271  282  288  272  229  228  257
261   10  279  252  245  247  284  264  241  272  271  265
262   10  251  275  257  253  237  287  295  282  269  244
263   10  260  283  271  272  288  282  244  229  228  241
264   10  265  280  247  279  261  238  284  254  297  285
265   10  264  280  254  285  238  247  279  297  261  284
266   10  270  242  289  235  277  236  305  239  276  255
267   10  256  286  268  243  249  274  291  258  299  248
268   10  258  256  267  259  291  243  240  286  293  306
269   10  281  250  253  292  259  290  303  251  233  300
270   10  266  289  242  277  276  235  239  255  236  246
271   10  272  263  252  260  288  241  283  261  284  298
272   10  271  263  252  260  241  288  261  284  283  245
273   10  278  274  276  248  255  277  294  249  246  286
274   10  273  278  248  286  249  267  256  299  276  294
275   10  262  257  287  251  282  295  253  237  301  312
276   10  277  255  278  273  294  246  289  302  270  274
277   10  276  289  255  270  278  302  294  273  246  266
278   10  273  274  276  294  277  248  255  249  286  246
279   10  284  261  296  264  297  298  247  252  265  309
280   10  285  265  264  254  297  304  296  314  238  315
281   10  269  290  292  300  303  250  259  307  293  253
282   10  283  287  301  288  275  260  257  263  310  312
283   10  288  282  263  260  287  310  301  308  271  272
284   10  279  261  296  298  297  309  264  252  272  304
285   10  280  265  254  264  315  314  297  304  296  279
286   10  299  267  291  274  256  268  306  278  249  273
287   10  282  301  275  312  283  295  257  262  318  310
288   10  283  308  263  310  282  260  271  272  301  287
289   10  302  305  313  277  270  276  266  294  255  278
290   10  300  307  293  281  316  292  303  259  269  321
291   10  306  299  293  286  268  267  316  325  307  256
292   10  303  281  295  300  311  269  322  290  321  307
293   10  307  290  306  316  291  300  268  281  259  258
294   10  302  278  317  276  277  273  289  328  313  274
295   10  311  312  318  292  303  287  275  326  301  322
296   10  297  304  284  309  279  298  314  264  265  331
297   10  304  296  314  284  279  309  264  280  265  298
298   10  309  284  320  324  296  279  297  272  304  271
299   10  286  291  319  323  306  325  267  274  327  317
300   10  290  307  281  293  321  303  292  316  322  333
301   10  287  312  282  310  318  283  308  288  295  275
302   10  313  289  294  305  277  328  276  317  278  270
303   10  292  322  311  300  295  321  281  290  330  307
304   10  297  296  314  309  329  284  279  331  298  280
305   10  313  289  302  270  266  277  328  343  294  276
306   10  291  316  293  325  299  307  332  286  323  290
307   10  300  290  316  293  321  306  281  333  303  332
308   10  310  288  320  283  301  337  282  338  298  263
309   10  298  324  296  320  331  304  284  297  334  279
310   10  308  301  288  283  282  338  337  287  320  312
311   10  295  318  326  312  303  330  322  292  336  287
312   10  318  301  326  311  295  287  330  336  282  310
313   10  305  302  289  328  294  343  277  276  270  352
314   10  315  329  304  297  341  285  296  280  355  331
315   10  314  329  285  304  280  341  297  357  355  296
316   10  307  306  293  332  325  300  290  291  321  333
317   10  319  327  335  294  328  323  299  344  302  358
318   10  312  326  311  295  330  336  301  287  322  351
319   10  327  323  317  335  299  339  325  294  286  328
320   10  324  334  309  298  308  337  331  349  342  310
321   10  333  322  300  307  303  345  330  316  292  290
322   10  321  330  303  333  311  336  345  292  326  300
323   10  319  327  325  339  299  335  317  306  346  353
324   10  334  320  331  309  342  298  349  362  296  361
325   10  323  332  339  306  346  316  353  299  319  327
326   10  318  336  330  311  312  354  351  295  322  348
327   10  319  335  323  317  339  358  344  325  299  328
328   10  344  343  317  356  335  302  313  358  359  294
329   10  341  314  355  315  304  357  331  297  296  342
330   10  336  322  326  311  318  354  360  321  333  303
331   10  342  334  324  309  341  320  362  304  329  349
332   10  325  346  350  316  347  353  339  306  333  307
333   10  321  345  322  347  350  330  307  316  332  300
334   10  324  342  331  320  349  362  309  361  298  337
335   10  327  358  319  317  344  323  328  339  366  325
336   10  330  326  354  360  322  318  351  311  312  345
337   10  338  349  340  361  320  368  308  310  348  373
338   10  340  337  348  364  351  310  373  368  349  308
339   10  346  353  323  325  327  365  335  319  332  371
340   10  348  338  351  364  337  354  373  326  310  318
341   10  355  329  357  331  314  369  342  374  367  304
342   10  334  331  362  324  349  361  369  341  320  379
343   10  352  359  356  363  328  344  313  384  358  382
344   10  358  328  335  356  343  366  359  327  317  382
345   10  333  347  370  321  372  322  350  360  330  377
346   10  353  339  365  332  350  325  347  376  371  323
347   10  350  345  332  333  370  346  377  353  321  376
348   10  340  351  364  338  354  373  326  337  381  383
349   10  361  362  337  334  368  342  324  320  378  338
350   10  347  332  346  353  370  377  345  376  333  365
351   10  348  354  340  364  336  381  326  360  338  380
352   10  359  343  363  356  384  328  344  382  313  395
353   10  346  365  339  350  332  376  371  325  347  323
354   10  351  360  336  348  330  326  380  375  381  386
355   10  341  357  329  367  369  374  342  331  314  379
356   10  359  343  352  363  344  328  382  358  384  387
357   10  367  355  341  329  374  369  315  314  394  404
358   10  344  366  335  382  356  327  328  371  387  359
359   10  356  352  343  363  384  344  382  328  387  390
360   10  354  375  336  372  380  330  351  345  381  386
361   10  349  362  368  378  342  334  337  385  388  379
362   10  361  342  349  378  379  334  369  331  324  368
363   10  352  359  356  343  384  395  390  382  387  344
364   10  348  373  383  351  340  381  338  368  354  386
365   10  353  371  376  346  339  350  392  332  347  389
366   10  358  371  389  382  344  397  335  387  392  339
367   10  357  355  394  374  341  404  369  406  329  413
368   10  373  385  388  361  349  383  364  337  378  338
369   10  374  379  355  396  362  378  341  342  399  394
370   10  377  372  347  345  350  393  391  376  375  333
371   10  365  392  389  366  353  376  339  346  405  358
372   10  375  370  391  360  345  377  380  347  354  411
373   10  368  383  364  385  388  400  338  348  361  402
374   10  369  379  396  355  399  394  378  367  341  362
375   10  380  360  372  391  386  381  354  411  370  351
376   10  365  393  377  353  371  350  346  370  392  347
377   10  370  393  376  372  350  347  408  409  410  391
378   10  379  362  398  361  388  385  369  396  412  349
379   10  378  369  374  396  398  362  399  361  412  342
380   10  386  381  375  360  354  391  372  351  411  364
381   10  386  380  383  364  375  351  354  360  348  402
382   10  387  390  401  397  366  384  407  358  356  359
383   10  373  364  400  402  381  368  385  386  388  414
384   10  395  390  363  387  359  382  352  401  356  343
385   10  388  368  373  403  378  361  383  415  412  400
386   10  381  380  375  383  354  364  360  416  411  351
387   10  382  390  401  397  407  384  366  356  359  358
388   10  385  368  403  373  378  412  398  415  361  414
389   10  392  397  371  405  366  407  422  382  387  365
390   10  387  401  382  384  407  395  397  363  423  359
391   10  411  372  375  417  410  419  380  418  409  370
392   10  389  405  371  397  365  422  376  366  426  433
393   10  408  409  377  376  410  420  370  405  424  365
394   10  413  404  399  406  396  374  367  369  421  428
395   10  384  390  363  401  423  429  387  382  359  436
396   10  399  379  398  374  421  394  369  378  412  413
397   10  407  389  387  382  401  392  366  390  425  422
398   10  412  378  396  379  403  388  385  427  421  399
399   10  396  394  413  421  404  374  406  428  379  369
400   10  402  414  415  383  416  403  432  373  388  385
401   10  390  407  387  382  397  423  425  384  395  429
402   10  400  414  415  416  383  432  403  373  381  386
403   10  415  414  388  412  385  400  398  402  432  440
404   10  406  413  394  399  367  428  396  444  421  442
405   10  392  426  389  430  422  424  433  420  371  376
406   10  404  413  394  399  428  444  367  396  421  442
407   10  397  401  425  387  390  382  389  422  443  438
408   10  409  410  393  420  419  431  377  439  391  417
409   10  408  410  393  420  419  431  377  391  439  417
410   10  409  408  419  393  431  391  417  411  420  377
411   10  417  418  391  419  410  375  435  380  441  434
412   10  398  403  427  388  378  385  396  440  415  421
413   10  406  404  394  399  428  421  396  442  444  374
414   10  415  400  402  403  432  416  388  383  385  412
415   10  414  403  400  402  432  388  416  385  383  412
416   10  402  400  432  437  434  414  415  418  446  386
417   10  419  411  418  435  391  441  431  410  434  409
418   10  411  417  434  419  441  437  435  448  391  416
419   10  417  431  435  411  410  418  409  441  439  408
420   10  424  430  408  409  426  393  439  449  410  405
421   10  428  442  399  427  396  451  413  398  412  447
422   10  433  438  426  430  443  425  405  455  392  424
423   10  429  436  445  452  401  453  458  395  425  390
424   10  430  420  426  449  433  405  456  422  460  457
425   10  443  438  407  422  453  401  452  397  433  458
426   10  430  433  424  422  405  449  438  455  420  460
427   10  447  440  451  421  412  454  428  398  442  403
428   10  442  421  451  413  399  444  427  461  396  406
429   10  436  423  445  452  395  458  453  401  472  390
430   10  426  424  433  449  420  422  405  460  456  455
431   10  439  435  419  410  417  409  441  408  457  420
432   10  446  414  415  450  416  402  400  440  459  403
433   10  426  422  430  438  455  424  449  405  460  443
434   10  437  448  418  441  416  459  417  411  435  446
435   10  431  441  419  439  417  418  448  411  410  434
436   10  429  423  445  452  458  472  453  395  401  466
437   10  434  448  459  441  418  416  446  464  432  417
438   10  443  422  433  425  455  426  463  430  453  460
439   10  431  435  457  419  467  420  441  410  409  408
440   10  447  427  450  454  465  451  412  432  468  475
441   10  435  448  434  418  417  437  419  464  431  470
442   10  428  461  421  444  451  471  413  462  454  427
443   10  438  425  453  422  455  433  452  458  463  466
444   10  461  462  442  428  413  479  406  404  421  490
445   10  452  436  458  423  453  429  466  472  425  482
446   10  432  459  450  474  437  416  480  465  434  448
447   10  454  440  427  451  468  478  450  465  475  421
448   10  437  434  441  464  459  476  418  470  435  469
449   10  456  460  430  424  473  455  426  457  433  463
450   10  465  446  440  432  475  474  447  480  459  488
451   10  454  447  471  427  442  468  428  421  478  440
452   10  458  453  445  466  436  423  443  429  425  472
453   10  458  452  466  445  443  425  484  423  438  485
454   10  447  451  468  478  427  440  471  475  465  442
455   10  463  460  438  433  449  473  426  430  443  422
456   10  449  457  460  473  477  424  430  455  420  467
457   10  456  467  439  477  449  483  431  460  473  420
458   10  452  453  466  445  484  482  443  472  436  485
459   10  446  474  437  448  476  487  480  434  432  489
460   10  449  473  455  456  463  430  433  426  477  457
461   10  462  444  479  442  481  471  490  428  451  504
462   10  461  444  479  490  481  442  471  504  428  503
463   10  455  460  486  473  492  438  449  443  433  485
464   10  470  469  476  448  441  494  459  435  467  437
465   10  475  450  488  474  480  468  493  440  489  447
466   10  458  484  453  452  485  482  445  472  443  506
467   10  483  457  469  477  470  491  439  500  501  456
468   10  478  454  471  447  451  498  475  465  488  440
469   10  470  464  467  476  441  494  505  448  435  507
470   10  469  464  476  467  494  441  448  505  435  507
471   10  481  479  478  451  468  454  461  442  498  503
472   10  482  499  445  458  452  466  436  484  453  511
473   10  460  456  449  477  463  495  455  492  486  483
474   10  480  489  487  459  493  465  446  475  450  488
475   10  465  488  450  480  468  493  474  489  478  502
476   10  464  494  470  496  497  469  487  459  448  437
477   10  483  491  500  467  473  457  456  495  460  449
478   10  468  498  471  454  451  502  481  475  488  447
479   10  481  461  490  471  462  503  504  444  510  442
480   10  489  474  493  487  488  465  475  459  514  497
481   10  479  471  503  461  490  504  478  510  462  468
482   10  472  484  466  499  511  458  485  452  506  453
483   10  491  477  500  467  501  457  515  495  473  507
484   10  485  466  482  506  458  511  453  452  472  512
485   10  484  466  506  486  512  508  482  517  492  458
486   10  492  463  485  508  512  495  473  455  460  517
487   10  489  497  480  496  474  493  476  459  514  494
488   10  475  493  465  502  480  509  489  498  474  468
489   10  480  493  487  474  514  497  488  496  475  465
490   10  504  479  462  481  516  503  461  523  471  510
491   10  500  483  477  501  515  495  513  467  507  473
492   10  486  508  495  512  518  463  473  519  513  485
493   10  489  480  514  488  474  520  487  475  465  502
494   10  496  497  476  505  464  470  487  521  469  507
495   10  513  519  492  518  473  515  491  477  500  486
496   10  497  487  494  476  522  489  527  480  514  474
497   10  496  487  494  522  476  489  480  514  527  474
498   10  502  509  478  468  510  488  525  471  528  475
499   10  511  482  472  526  533  484  506  466  548  530
500   10  491  483  501  515  477  507  513  495  467  529
501   10  507  500  505  491  483  521  515  529  467  535
502   10  509  498  488  525  528  520  478  493  475  537
503   10  510  504  523  481  516  479  490  538  546  471
504   10  503  523  516  490  479  510  481  538  546  550
505   10  507  521  501  494  536  541  469  470  535  542
506   10  517  512  485  484  530  511  508  534  482  526
507   10  501  505  521  500  536  535  491  483  541  494
508   10  512  517  492  486  518  531  506  539  485  519
509   10  502  525  528  498  488  520  537  544  532  493
510   10  503  498  523  504  532  546  545  481  538  549
511   10  526  499  506  482  530  533  484  548  534  551
512   10  508  517  506  492  486  485  539  531  534  518
513   10  519  515  518  495  491  500  529  531  492  547
514   10  520  524  493  522  489  487  480  497  488  496
515   10  513  519  529  500  491  495  518  501  483  552
516   10  523  504  503  490  538  550  555  546  510  479
517   10  512  506  508  534  530  539  485  531  554  492
518   10  519  513  531  540  495  547  508  515  492  539
519   10  518  513  515  495  531  547  540  529  492  508
520   10  514  524  493  528  509  525  537  502  522  553
521   10  505  507  536  541  535  542  501  494  556  529
522   10  524  527  514  543  497  496  520  487  553  489
523   10  516  504  503  538  546  550  510  490  549  555
524   10  522  514  520  543  527  553  493  497  489  496
525   10  528  544  537  509  502  532  520  545  498  559
526   10  533  548  511  530  551  534  560  499  506  568
527   10  543  522  524  542  558  497  496  514  553  494
528   10  525  537  544  509  532  502  520  545  498  559
529   10  515  552  535  536  513  519  501  500  563  507
530   10  534  551  526  517  554  506  548  511  512  533
531   10  540  547  539  518  519  508  557  512  513  561
532   10  545  549  544  525  546  528  510  537  538  567
533   10  548  526  560  511  551  568  576  530  499  534
534   10  530  551  554  517  562  506  526  548  512  539
535   10  536  541  556  529  521  564  507  563  542  501
536   10  535  541  556  521  542  529  507  564  505  563
537   10  544  528  525  559  520  509  532  553  573  545
538   10  550  546  549  523  555  545  516  532  574  510
539   10  540  531  547  561  518  569  508  517  512  554
540   10  547  531  539  518  557  519  561  569  552  508
541   10  536  542  556  535  521  558  505  577  564  507
542   10  541  558  556  536  521  527  565  570  577  535
543   10  527  522  524  553  558  575  571  565  542  514
544   10  537  528  525  532  545  509  559  520  567  502
545   10  532  549  546  544  567  538  550  525  528  510
546   10  538  549  550  545  532  523  574  510  555  567
547   10  540  531  539  557  518  519  552  561  569  513
548   10  533  526  560  551  568  576  530  534  511  554
549   10  546  545  550  538  532  574  567  510  523  555
550   10  538  546  549  555  574  523  545  532  516  567
551   10  534  530  554  548  526  562  568  560  533  576
552   10  557  529  578  566  563  547  540  519  515  564
553   10  559  572  571  543  524  573  537  520  575  522
554   10  562  551  534  579  530  561  569  539  580  586
555   10  550  538  546  583  585  523  549  516  574  602
556   10  541  536  564  535  542  577  563  570  584  566
557   10  552  547  578  540  531  566  588  563  539  529
558   10  565  570  577  575  542  543  527  571  541  556
559   10  573  572  553  537  571  581  544  589  528  524
560   10  576  568  548  533  551  526  580  596  530  554
561   10  569  562  579  539  554  540  547  590  598  531
562   10  579  554  561  569  586  551  534  580  597  594
563   10  566  564  578  552  587  556  535  557  529  536
564   10  563  566  556  587  578  535  536  591  584  603
565   10  570  558  577  575  542  584  601  571  556  543
566   10  563  564  578  552  587  557  556  588  535  603
567   10  574  582  592  549  545  595  593  532  546  550
568   10  576  560  580  548  596  551  586  533  594  554
569   10  561  579  562  590  598  554  539  597  540  547
570   10  565  577  558  575  584  601  556  542  600  591
571   10  575  572  589  553  559  573  543  558  565  605
572   10  573  559  571  553  589  581  575  543  610  537
573   10  559  572  581  553  571  589  537  604  544  593
574   10  567  582  549  595  592  583  550  546  545  538
575   10  571  565  558  570  589  572  605  543  577  553
576   10  568  560  596  580  548  551  533  586  594  526
577   10  570  565  584  558  591  556  600  601  542  575
578   10  566  563  588  557  552  564  607  587  599  603
579   10  562  569  586  561  597  554  598  594  580  590
580   10  586  594  568  596  576  579  611  562  597  560
581   10  573  604  593  572  606  559  615  589  610  571
582   10  592  595  567  593  574  606  608  616  604  583
583   10  585  602  608  595  574  555  592  582  620  623
584   10  591  600  587  577  601  603  609  570  565  564
585   10  583  602  608  620  555  595  623  574  625  592
586   10  594  580  597  579  611  562  598  596  568  554
587   10  603  591  584  609  564  607  566  563  600  621
588   10  599  578  613  619  590  607  617  557  566  563
589   10  610  571  572  605  575  618  573  581  559  615
590   10  599  598  612  569  597  613  588  561  579  627
591   10  584  587  603  600  609  601  577  622  570  564
592   10  582  595  593  567  608  606  616  574  604  583
593   10  606  604  592  582  616  581  615  567  595  573
594   10  586  580  611  597  579  598  596  562  626  568
595   10  592  608  582  574  583  602  567  616  593  585
596   10  580  576  568  624  594  611  586  560  626  638
597   10  598  586  594  579  590  612  611  569  562  580
598   10  597  590  612  579  569  586  594  599  627  562
599   10  590  613  588  612  619  598  569  627  634  597
600   10  601  584  591  614  609  577  630  603  622  570
601   10  600  614  584  591  605  577  570  630  609  565
602   10  585  583  608  620  623  625  595  574  592  635
603   10  609  587  591  607  584  621  622  600  617  628
604   10  606  593  615  581  616  629  632  592  582  573
605   10  614  601  589  610  631  600  575  633  618  571
606   10  593  604  616  615  592  581  582  637  629  595
607   10  617  621  603  628  609  587  588  622  619  591
608   10  595  602  625  592  583  635  582  585  623  620
609   10  603  622  591  587  621  584  607  600  636  628
610   10  618  589  639  605  615  631  642  632  629  604
611   10  626  594  586  597  580  596  624  598  638  640
612   10  627  598  590  634  613  599  597  619  641  588
613   10  619  599  641  612  634  588  590  627  617  644
614   10  633  601  630  605  600  631  636  622  584  591
615   10  629  632  604  606  618  642  610  593  616  581
616   10  606  637  593  604  592  615  595  582  629  608
617   10  628  607  621  619  613  588  603  641  609  649
618   10  610  642  639  632  615  631  629  589  605  650
619   10  613  641  617  644  634  599  588  628  612  607
620   10  623  625  602  608  585  635  583  643  595  656
621   10  628  607  617  622  609  603  636  587  649  591
622   10  636  609  630  621  603  600  591  628  646  607
623   10  620  625  602  608  635  585  583  643  656  658
624   10  638  640  626  596  611  648  594  665  652  580
625   10  623  620  635  608  602  643  595  656  585  658
626   10  611  638  624  640  648  652  594  659  596  645
627   10  634  612  645  613  641  598  655  597  619  590
628   10  621  617  607  649  622  619  609  603  657  641
629   10  632  615  642  637  618  604  606  610  650  616
630   10  636  633  614  622  646  600  601  651  609  631
631   10  639  633  614  618  605  610  654  653  642  630
632   10  629  642  615  618  650  637  610  604  639  606
633   10  631  630  614  636  653  646  639  654  605  601
634   10  627  641  612  613  644  619  645  655  660  599
635   10  643  625  608  656  658  623  663  616  637  620
636   10  630  622  646  651  633  614  609  621  653  600
637   10  647  616  629  632  606  643  615  635  604  668
638   10  640  624  626  648  665  652  611  659  596  672
639   10  631  642  618  650  610  654  662  633  632  653
640   10  638  624  626  665  652  648  659  611  596  672
641   10  644  619  634  613  660  627  649  617  657  612
642   10  632  650  629  639  618  615  610  631  664  662
643   10  635  663  656  658  647  625  637  670  616  608
644   10  641  660  634  619  657  649  613  675  655  627
645   10  655  648  627  652  671  634  679  659  660  680
646   10  651  636  653  630  633  666  622  654  669  686
647   10  637  670  668  663  667  643  676  674  635  664
648   10  652  659  645  671  678  626  638  665  655  679
649   10  657  661  644  628  681  641  669  621  617  666
650   10  642  662  664  639  673  632  654  629  667  618
651   10  646  666  636  669  653  630  686  622  661  633
652   10  648  659  678  671  645  665  626  638  679  688
653   10  654  646  633  662  651  631  630  689  636  639
654   10  653  662  639  631  650  633  646  689  673  642
655   10  645  660  680  679  685  671  634  675  627  644
656   10  658  663  643  677  682  635  687  670  625  647
657   10  649  661  681  644  684  675  641  669  691  692
658   10  656  663  643  677  682  687  635  670  625  647
659   10  652  648  678  671  665  672  688  683  645  679
660   10  675  655  680  644  690  641  685  681  634  645
661   10  649  657  669  666  684  681  651  628  692  621
662   10  654  650  673  653  639  664  693  642  631  689
663   10  656  658  643  670  647  687  635  676  694  668
664   10  667  668  674  673  650  676  662  642  647  670
665   10  672  683  659  678  652  640  638  648  688  697
666   10  669  651  661  684  686  646  695  649  699  657
667   10  668  674  664  676  670  647  673  650  702  637
668   10  667  674  676  664  670  647  673  694  702  650
669   10  666  684  661  651  686  695  649  657  646  699
670   10  676  668  663  647  674  667  694  696  703  643
671   10  679  678  688  659  652  685  648  655  645  705
672   10  683  665  678  659  697  688  704  652  709  648
673   10  664  662  650  674  667  693  668  708  654  676
674   10  676  668  667  664  670  702  673  708  694  647
675   10  660  680  690  681  691  692  698  685  655  657
676   10  674  668  667  670  694  664  702  647  708  703
677   10  682  658  687  656  712  711  714  663  717  643
678   10  688  671  659  652  679  683  672  709  648  665
679   10  671  685  680  655  678  688  705  690  706  645
680   10  685  690  675  660  679  655  706  671  691  698
681   10  691  692  675  657  698  661  649  684  707  660
682   10  677  687  658  656  712  711  714  663  717  696
683   10  672  665  697  678  704  688  659  709  652  671
684   10  669  661  666  699  707  695  681  686  657  692
685   10  680  679  690  706  671  655  675  705  660  688
686   10  695  710  666  699  669  689  700  684  651  646
687   10  711  696  682  677  714  703  712  717  694  663
688   10  678  709  705  671  679  683  659  672  652  685
689   10  700  701  693  710  686  653  654  662  695  726
690   10  680  685  706  675  698  691  679  660  692  681
691   10  692  698  681  675  713  690  707  680  657  660
692   10  691  698  681  713  707  675  690  684  657  722
693   10  701  689  700  673  662  727  730  723  654  710
694   10  703  696  715  676  670  702  687  717  674  724
695   10  699  686  710  721  720  684  669  719  707  666
696   10  703  694  715  717  687  711  728  714  670  724
697   10  704  683  672  725  709  738  665  734  688  678
698   10  691  692  713  722  690  681  675  707  706  680
699   10  695  720  721  684  707  719  686  710  669  713
700   10  701  689  710  693  726  686  727  695  721  740
701   10  700  689  693  710  727  726  686  730  731  740
702   10  708  716  724  694  676  674  703  715  696  668
703   10  696  694  715  717  687  728  711  724  714  702
704   10  697  683  725  672  709  738  734  665  688  678
705   10  709  718  688  706  679  685  678  671  735  736
706   10  690  685  705  680  718  679  732  722  698  736
707   10  713  719  692  699  684  720  691  698  681  733
708   10  702  716  723  674  724  676  673  741  694  742
709   10  705  688  718  678  725  683  735  671  697  734
710   10  700  695  689  686  726  701  721  699  740  720
711   10  714  712  717  687  696  729  703  682  715  677
712   10  711  714  729  717  687  682  677  696  703  715
713   10  707  692  698  719  691  733  722  737  720  681
714   10  711  712  717  729  687  696  703  715  728  744
715   10  703  696  728  717  694  724  711  714  702  687
716   10  708  723  702  741  724  742  730  731  746  674
717   10  714  711  715  696  728  703  712  687  744  694
718   10  735  705  736  745  709  706  732  688  747  725
719   10  720  737  707  713  733  699  721  695  754  755
720   10  719  721  699  737  695  707  733  713  754  755
721   10  726  720  695  699  740  710  748  719  737  755
722   10  739  732  743  698  713  733  706  736  757  690
723   10  730  731  741  716  746  708  727  742  702  750
724   10  742  715  728  702  752  716  751  708  703  756
725   10  734  738  747  709  704  697  735  718  761  705
726   10  740  721  748  710  749  700  727  720  695  701
727   10  730  731  750  749  746  701  723  700  740  726
728   10  715  751  717  744  724  703  696  714  752  753
729   10  714  712  744  753  711  717  728  767  715  687
730   10  731  723  746  727  741  750  716  749  763  708
731   10  730  723  746  727  741  750  716  763  749  742
732   10  743  739  736  722  745  758  706  718  735  760
733   10  737  719  713  757  722  759  720  707  739  754
734   10  725  738  747  735  761  709  704  769  697  718
735   10  745  718  736  747  760  761  734  705  765  732
736   10  745  732  735  718  743  760  739  765  706  758
737   10  733  719  720  754  755  713  707  721  757  768
738   10  734  725  747  769  704  697  761  735  709  778
739   10  743  732  722  758  757  759  736  733  745  760
740   10  726  748  749  721  766  762  750  727  710  755
741   10  723  746  731  730  742  716  756  752  724  750
742   10  752  756  724  741  764  751  716  723  746  728
743   10  739  732  758  722  736  757  759  745  760  765
744   10  753  728  729  751  717  767  714  771  715  711
745   10  736  735  760  765  718  732  743  761  747  739
746   10  731  741  730  750  723  763  727  770  756  742
747   10  734  761  738  725  735  769  745  772  718  778
748   10  740  766  726  755  749  754  721  762  774  773
749   10  750  762  740  727  763  748  726  770  766  731
750   10  749  763  727  762  746  731  770  730  740  741
751   10  728  752  764  744  724  742  756  753  715  782
752   10  756  742  764  751  724  741  728  781  782  746
753   10  744  767  771  729  775  751  728  717  783  714
754   10  755  737  748  777  773  774  720  766  779  719
755   10  754  748  737  773  774  777  766  740  720  721
756   10  752  764  742  741  751  781  724  746  723  782
757   10  759  758  768  739  743  776  733  722  732  737
758   10  759  743  757  739  776  732  760  765  736  745
759   10  757  758  768  776  739  743  733  732  722  779
760   10  765  745  772  761  736  758  735  743  732  739
761   10  772  747  765  760  745  769  735  778  734  738
762   10  749  770  763  750  766  748  740  774  727  746
763   10  770  750  762  746  749  780  731  727  730  741
764   10  756  752  751  742  782  783  781  775  724  741
765   10  760  772  745  761  758  736  735  743  732  776
766   10  774  773  748  762  749  740  755  754  770  777
767   10  771  753  775  744  729  783  782  751  728  717
768   10  759  757  779  776  777  758  754  733  737  755
769   10  778  761  747  738  734  772  725  735  765  760
770   10  763  762  780  750  749  746  766  781  731  727
771   10  767  775  753  783  782  744  751  729  764  728
772   10  761  765  760  778  745  747  769  735  736  758
773   10  774  766  777  755  754  779  748  762  740  749
774   10  773  766  777  755  754  748  779  762  740  749
775   10  783  782  771  767  753  751  764  744  752  756
776   10  759  758  768  757  779  765  760  743  739  777
777   10  779  773  774  754  768  755  766  737  759  748
778   10  769  761  772  747  738  734  765  760  725  735
779   10  777  768  773  754  774  755  759  757  776  737
780   10  781  770  763  746  762  756  750  764  741  749
781   10  780  764  756  752  782  770  763  783  746  742
782   10  783  775  764  771  751  752  781  756  753  767
783   10  782  775  771  764  751  752  767  753  756  781
    1    3    2    3    3    1    3    1    3    3    2    2    3    2    3    3    2    1    1    2    3    2    1    2    1    3    1    2    3    1    3    1    2    3    3    2    1    2    2    1    1    1    3    1    1    1    3    3    2    2    3    1    3    2    1    2    2    1    1    1    3    3    2    3    2    2    3    3    3    1    1    2    1    3    1    1    1    2    2    1    3    1    3    3    1    2    3    2    1    1    2    2    2    1    1    2    2    1    2    3    2    1    2    3    2    1    1    1    2    3    2    2    3    2    2    2    2    3    1    1    1    2    1    1    2    1    2    1    2    1    2    1    1    1    1    2    1    1    2    3    1    1    2    1    3    1    2    2    3    1    1    1    1    3    2    3    1    1    3    1    1    2    2    3    3    2    2    1    1    2    3    2    3    3    3    2    2    3    2    1    2    1    3    2    2    3    1    2    3    3    2    3    1    3    3    2    2    3    1    2    1    1    1    1    1    1    1    3    2    1    2    1    3    2    2    3    1    3    2    3    3    2    3    2    3    3    1    2    3    1    1    2    1    1    2    1    3    3    1    2    2    2    1    1    1    2    2    3    2    3    1    2    2    2    2    3    1    2    2    1    1    2    3    2    3    1    2    1    3    3    3    2    3    1    3    2    2    1    3    3    1    2    1    2    3    2    1    2    1    2    2    3    3    1    1    3    1    3    1    3    3    3    2    2    2    1    2    1    3    1    3    1    2    3    2    2    2    1    1    3    2    3    1    1    3    3    2    1    1    3    2    1    2    2    2    2    2    1    3    3    2    2    3    3    3    2    2    1    2    1    1    2    1    3    1    1    3    2    3    3    1    1    3    3    2    3    3    2    1    3    3    2    1    2    2    3    2    3    1    2    1    3    1    2    1    1    1    2    2    3    3    2    2    2    3    3    1    2    3    3    2    1    1    1    3    2    2    3    2    2    3    1    2    1    3    1    1    1    1    3    2    3    3    2    2    2    2    2    3    3    3    1    3    1    2    3    3    1    3    2    1    2    1    1    2    1    1    1    2    1    2    3    3    3    2    1    1    3    3    3    1    2    1    1    1    3    1    2    1    2    1    2    1    1    2    3    3    1    1    1    3    2    1    1    1    2    2    1    1    1    3    1    1    3    1    3    3    1    2    2    1    1    1    1    2    2    2    2    1    1    1    2    2    2    1    2    2    2    2    2    3    2    1    2    3    3    2    1    2    2    3    1    1    1    1    2    2    1    1    1    2    1    1    1    3    3    3    3    2    3    2    1    2    1    1    2    2    1    3    2    1    1    2    1    3    1    3    1    2    3    2    3    1    3    3    1    3    1    3    3    3    1    1    2    1    2    2    1    1    3    3    2    1    2    3    1    1    1    3    2    2    1    3    1    2    2    3    2    1    3    1    2    1    1    2    2    2    3    3    3    1    2    2    3    3    3    3    3    3    2    1    2    2    3    2    1    1    1    1    2    1    1    2    3    1    2    2    3    1    3    3    2    2    1    2    1    1    2    1    1    1    1    3    2    2    3    3    1    3    3    3    3    1    2    3    2    3    2    1    1    3    2    1    3    1    3    2    3    2    3    1    2    1    2    1    3    2    1    1    1    3    2    3    2    2    3    2    3    1    3    1    1    2    3    3    2    1    1    1    2    3    2    1    3    1    2    2    3    2    2    3    1    1    3    3    3    2    2    3    1    3    3    3    1    3    2    3    3    2    1    2    2    2    3    1    2    2    3    2    1    1    3    3    3    1    2    1    2    2    1    1    3    2    2    1    1    3    3    2    2    3    1    2