99


  1  6  4
  2 15 15
  3 24 18
  4 33 12
  5 48 12
  6 57 14
  7 67 10
  8 77 10
  9 86 15
 10  6 21
 11 17 26
 12 23 25
 13 32 35
 14 43 23
 15 55 35
 16 65 36
 17 78 39
 18 87 35
 19  3 53
 20 12 44
 21 28 53
 22 33 49
 23 47 46
 24 55 52
 25 64 50
 26 71 57
 27 87 57
 28  4 72
 29 15 78
 30 22 70
 31 34 71
 32 42 79
 33 54 77
 34 66 79
 35 78 67
 36 87 73
 37  7 81
 38 17 95
 39 26 98
 40 32 97
 41 43 88
 42 57 89
 43 64 85
 44 78 83
 45 83 98
 46  5 109
 47 13 111
 48 25 102
 49 38 119
 50 46 107
 51 58 110
 52 67 110
 53 74 113
 54 88 110
 55  2 124
 56 17 134
 57 23 129
 58 36 131
 59 42 137
 60 53 123
 61 63 135
 62 72 134
 63 87 129
 64  2 146
 65 16 147
 66 25 153
 67 38 155
 68 42 158
 69 57 154
 70 66 151
 71 73 151
 72 86 149
 73  5 177
 74 13 162
 75 25 169
 76 35 177
 77 46 172
 78 54 166
 79 65 174
 80 73 161
 81 86 162
 82  2 195
 83 14 196
 84 28 189
 85 38 187
 86 46 195
 87 57 194
 88 63 188
 89 77 193
 90 85 194
 91  8 211
 92 12 217
 93 22 210
 94 34 216
 95 47 203
 96 58 213
 97 66 206
 98 78 210
 99 85 204


1   10    2   10    3   11   12    4   20   13   14    5   19    6   22   21   15   23    7   16   30   28   24    8   31   25   29   37   17    9   32   26   18   33   38   41   35   34   39   40   27   42   43   48   46   36   44   47   50   51   49   55
2   10    3   10   11   12    1    4   13   14   20    5   22   19   21    6   23   15    7   16   24   30   28   31   25    8   29   37   17   32   26    9   33   18   41   38   35   34   27   39   40   42   43   48   36   44   46   47   50   51   49   45
3   10   12    2   11    4   10   13   14    1    5   20   22    6   21   15   23   19    7   16   24   25   30    8   31   28   17   29   26    9   32   37   18   33   41   35   34   27   38   43   42   40   39   36   48   44   50   46   47   51   45   52
4   10    3   14    5   12    2   11   13    6    1   10   15    7   23   22   20   16   21    8   24   25   19   17    9   18   26   31   30   28   32   33   29   27   35   37   34   41   43   42   36   44   38   40   39   48   50   45   46   47   51   52
5   10    6   14    4    7   15    3   13   12    8   16    2   23   11    9   22   17   24   25    1   10   18   21   20   26   27   31   19   35   30   33   32   34   36   29   28   43   41   44   42   37   40   38   39   45   48   50   51   52   53   47
6   10    5    7   14    8   15   16    4    9   17   13    3   23   12   18   25   24   11    2   22   26   21   10    1   27   20   35   31   33   34   30   36   19   32   43   44   42   41   29   28   37   40   45   39   38   48   50   51   52   53   54
7   10    8    6    5    9   16   14   15   17   18    4   25   23   13   24    3   12   26   27   22    2   11   35   21    1   10   20   36   33   34   31   32   44   30   43   19   42   41   29   28   45   37   40   39   38   50   52   51   48   54   53
8   10    7    9    6   18   16   17    5   15   14   25    4   23   26   24   27   13    3   12   35   22   11    2   36   21   34   33    1   10   44   20   31   43   32   30   42   41   19   45   29   28   40   37   52   54   39   51   50   53   38   48
9   10    8    7   18   17    6   16   15    5   25   27   14   26   24   23   35    4   13   36    3   22   12   34   44   21   33   11    2   43   31   32   42   20   10    1   45   30   41   19   29   54   52   40   53   51   28   50   39   37   38   48
10   10    2   11    1   12    3   20    4   13   19   14   21   22    5   23   15   28    6   30   31   29   24   37   16    7   25   32    8   33   17   26   38   41   39    9   40   18   48   34   42   35   43   46   27   47   50   44   36   55   51   49
11   10   12    3    2   10   13   20    4    1   14   22   21   19    5   23   15    6   30   24   28   31   16   29    7   25   37   32    8   26   17   33   41   38    9   18   34   39   40   35   42   43   48   27   44   46   36   47   50   51   49   45
12   10   11    3    2   13    4   10   14   20   22    1    5   21   23   15   19    6   24   16   30    7   31   25   28   29    8   17   32   26   37   33    9   18   41   34   35   38   27   42   40   43   39   48   44   36   50   46   47   51   45   49
13   10   12   22   14   11   21   23    3   20   15    4    2    5   24   10    6   16   19   25   31   30    1    7   26   32   17   29   28   33    8   37   41   18   34   35    9   27   43   42   38   40   39   44   36   48   50   47   46   51   45   52
14   10    5    4   13    6   15    3   12   23   16   11    7   22    2   24   21   25    8   10   20   17    1    9   26   18   31   19   30   33   27   32   35   34   29   28   41   43   36   42   37   44   40   38   39   48   50   45   51   52   47   46
15   10   16   23   14   24   25    6   13   17    5   22   26    7    4   18   21    8   12    3    9   27   11   35   31   33   20    2   34   32   30   36   43   10   44   42   41   19    1   29   28   40   37   45   39   38   50   48   51   52   53   54
16   10   15   17   25   24   23   26   18    6   14    7    8    5    9   27   13   35   22    4   21   33   34   36   12    3   31   44   32   43   11   42   20    2   30   41   10   19   45   29    1   40   28   39   37   50   52   51   38   48   54   53
17   10   18   16   25   26   27   15    9   24   35    8    7   23    6   36   14    5   34   44   33   22   13   43   21    4   32   42   31   12    3   45   41   11   30   20    2   54   52   51   40   29   53   10   50   19   39    1   28   48   37   38
18   10   17    9   27   16    8   26   25   15    7   35   24    6   36   23    5   14   34   44   33   13   43   22    4   21   42   32   45   31   12    3   41   11   30    2   54   20   52   53   51   10   50   40   29   19    1   39   28   48   38   37
19   10   20   28   21   30   29   37   22   11   10   13   12   31    2    3   38   23   32    1   14   39    4   24   40   41   48   15   46   33   47    5   25   16   42    6   26   34   43   50   55   49   35   17    7   57   51   44   56   27   58    8
20   10   19   21   11   22   13   12   10   30    3   28    2   29   31   23   37   14    4    1   24   15   32    5   38   25   33   16   41    6   39   40   48   26   42   34    7   46   17   43   47   35   50    8   18   27   44   49    9   36   51   55
21   10   22   30   20   13   31   23   19   24   29   12   11   32   28   15   14   37    3   33   25   41   10    2   16    4   26   38   40   39    5   34   42   43    6   48   35   17    1   50    7   44   27   47   46   18   36   51    8   49   52    9
22   10   21   13   23   20   31   24   30   12   15   14   11   19   25   32    3   29   16   33    4   28    2   26   10    5   41   37    6   34   17   42   43   40   35   38   39    7    1   48   27   18   44    8   36   50    9   47   51   46   52   45
23   10   24   15   22   25   13   21   16   14   26   31   33   17   12   32    6    5   30   20   11    3    4   35   34    7   27   18   41   43   42   19    2   29    8   10   36   44    9   28   37   40   39   38    1   48   50   45   51   52   53   47
24   10   25   23   26   15   16   22   33   17   21   35   31   13   34   32   14   27   43   18   42   30   41    6   36   44    5   12    7   20    4    3   11    8   29    9   40   19   45   39    2   28   50   37   38   10   51   48   52   53   54    1
25   10   24   26   16   23   15   17   35   27   18   33   34   22   36   14   43   13   44   21   32   31    6   42    7    5    9    8   41   30   12    4    3   45   20   11   29   40   50   52    2   51   19   39   53   28   54   10   37   48   38   49
26   10   25   35   27   24   17   16   34   36   33   23   44   18   15   43   42   32   22   31   41   45   21   14    9   13    6    7    8    5   30   52   51   54   40   50   53   12    4   29   20   39    3   11   48   38   19   37   60   28    2   49
27   10   35   36   26   17   18   25   44   34   16   24   43   33   15   45   23    9   42    8   32    7    6   54   41   22   31   14   52   53   21   13    5   51   50   30   40    4   12   63   39    3   60   29   20   11   48   62   49   38   61    2
28   10   37   29   30   19   38   20   31   21   39   48   46   22   40   32   47   41   13   11   33   23   12   10   55   50   24   42    3   49    2   57   43   34   14   15   56   25   51    4   58    1   26   60   16   52   64   35    5   44   59   65
29   10   37   30   28   38   31   39   40   48   32   19   21   41   46   47   22   20   33   50   42   23   13   49   24   55   43   34   57   11   51   12   56   25   58   10   15   60   26    3   52   14    2   44   35   59   16    4   53   65   64   45
30   10   29   31   21   28   37   32   22   38   19   41   20   39   40   48   33   23   13   24   42   47   46   50   11   43   34   12   25   15   26   14   49   10    3   51   16    2   35   44   55   57    4   52   60   58    5   17   56   36    6   27
31   10   32   30   21   41   29   33   22   40   39   23   24   37   42   38   28   48   34   43   20   19   13   25   50   26   15   35   47   44   51   16   12   46   11   49   14   52   36    3   17   27   60   45   10   53    4   57    2   58    5    6
32   10   41   31   33   42   40   30   43   34   39   29   50   48   21   38   24   22   23   51   37   44   26   25   35   28   52   49   47   13   45   60   36   15   20   53   19   46   16   27   58   57   17   54   14   12   59   11   61   55   56   62
33   10   34   32   42   43   41   31   44   24   35   26   25   40   50   23   30   51   36   39   22   21   52   45   48   27   29   38   53   15   16   49   17   60   37   54   13   28   47   20   18   14   19   58   46   61   62   57   12   59   63   11
34   10   43   33   44   42   35   36   26   32   41   45   25   24   27   52   51   31   50   53   54   23   40   17   16   39   22   30   15   60   21   48   18   49   29   38   63   62   13   61   37   58   14   47   28   59   20    6   57    9   46   19
35   10   36   26   27   44   34   25   43   33   24   17   42   45   18   16   23   32   15   41   54   31   52   53   51   22   50   21    9   40   13   30   14    8    6    7   39   60   63    5   48   29   49   38   62   12   61   20    4   37    3   11
36   10   35   44   27   34   26   45   43   25   33   42   17   54   18   24   53   52   16   32   41   51   23   15   31   50   63    9   22   40   60   21   62    8   30   39    7    6   61   14   13   49   48   29    5   38   72   58   59   71   12   37
37   10   29   28   38   30   39   48   46   19   31   40   47   21   32   41   20   22   55   50   33   49   57   42   13   23   56   11   24   43   58   12   51   34   10   60   25   64    3   59   15    2   65   52   14   26   44   35   16    4   66   53
38   10   39   48   40   47   29   37   46   30   28   41   31   32   50   49   55   57   56   42   58   33   21   51   19   60   43   22   59   20   34   65   52   64   24   23   66   53   61   13   44   67   25   26   45   74   35   62   68   11   12   15
39   10   48   40   38   47   41   50   29   46   49   32   37   31   30   57   42   28   51   58   33   55   60   56   43   59   52   34   21   22   65   53   19   61   64   44   24   66   20   23   45   67   62   35   26   25   68   54   13   69   74   36
40   10   39   48   41   38   50   32   49   47   29   31   42   30   51   46   37   33   57   60   43   58   52   28   34   56   55   59   21   53   22   44   61   24   45   65   19   23   62   35   26   66   20   25   64   54   67   36   68   13   69   63
41   10   32   42   40   33   50   31   39   43   48   34   51   38   30   29   49   52   44   60   37   47   24   21   53   22   35   45   26   28   23   46   25   58   57   36   59   54   61   56   19   27   20   13   15   62   55   16   63   17   65   14
42   10   43   33   34   41   32   51   50   44   52   40   45   31   53   35   39   36   60   48   26   49   24   54   25   30   38   29   27   23   21   61   22   58   62   47   63   59   37   57   16   15   17   28   46   13   56   18   70   20   71   19
43   10   34   42   33   44   41   35   32   45   52   51   36   50   26   53   31   40   24   54   25   27   60   39   48   23   49   30   22   38   17   21   16   29   63   62   61   15   58   18   59   37   47   13   57   28   46   14   70   20   71   72
44   10   34   36   43   45   35   42   33   26   27   54   52   53   51   41   25   32   24   50   17   31   63   60   40   23   16   18   62   15   49   61   39   48   22   30   21   38   29   58   59   72   13   71    9   70   14   47   37   57    6    8
45   10   54   44   53   52   43   36   34   42   51   63   35   33   62   50   60   27   41   61   26   32   49   40   72   25   24   71   70   31   59   39   58   48   17   69   18   23   80   81   16   38   30   57   15   22   29   21   47   67   68   78
46   10   47   55   38   48   39   57   56   37   40   29   49   28   64   58   65   50   30   41   59   32   31   66   60   51   74   42   19   67   33   21   68   52   75   61   43   20   22   34   73   69   53   62   70   76   78   77   23   24   44   45
47   10   46   48   38   55   39   57   56   40   49   58   37   29   50   65   64   41   59   28   60   30   32   66   51   31   42   67   74   33   52   68   61   43   19   75   21   53   69   34   62   22   70   73   20   78   77   76   44   45   71   24
48   10   39   40   38   47   46   49   50   41   29   57   37   32   58   55   30   31   56   51   42   60   28   33   59   43   52   65   34   21   64   53   61   66   22   19   67   44   62   45   24   68   20   23   69   74   54   35   70   26   25   75
49   10   58   50   60   57   59   48   51   40   39   56   47   61   52   41   38   46   42   65   67   55   66   53   62   68   69   32   70   43   33   64   29   71   31   34   37   78   45   74   63   54   30   75   77   44   80   72   28   76   79   81
50   10   51   49   40   60   41   42   52   48   39   58   32   43   53   59   33   38   57   61   47   34   62   31   45   56   44   46   54   29   30   63   37   55   69   70   67   65   66   68   35   71   36   28   24   26   21   72   64   22   78   25
51   10   52   50   60   53   42   49   61   43   41   45   62   40   54   58   59   34   33   44   48   39   63   32   57   70   71   38   69   47   31   36   35   56   72   67   68   46   80   29   30   66   26   65   78   55   24   37   81   25   27   77
52   10   53   51   60   45   54   50   42   62   43   61   63   44   49   34   41   33   59   40   58   32   70   71   36   39   48   72   35   69   57   31   80   38   26   67   47   68   81   56   27   78   24   25   66   30   29   46   65   79   77   55
53   10   52   54   51   45   63   62   60   61   50   42   43   44   34   49   72   71   70   41   59   33   58   36   69   40   35   32   80   48   39   81   57   68   67   26   78   27   31   38   56   47   79   66   25   24   77   65   30   29   46   23
54   10   45   53   63   52   44   62   51   43   61   36   60   42   34   72   50   71   35   70   33   41   49   81   27   80   59   69   32   26   58   40   39   48   25   78   68   31   24   67   57   79   17   38   77   56   47   18   23   66   30   16
55   10   46   47   56   57   64   65   48   38   58   39   49   66   74   40   59   37   50   67   29   75   60   28   68   73   41   30   51   32   31   61   76   69   77   42   52   78   70   84   33   62   82   19   85   53   83   43   21   71   34   80
56   10   57   65   55   64   58   66   47   59   49   46   74   67   48   68   75   39   60   38   50   40   73   69   61   76   51   77   78   70   41   37   62   52   29   84   85   71   42   32   53   83   80   79   82   28   30   31   86   43   33   63
57   10   56   58   49   65   47   59   55   66   46   64   48   67   60   39   50   40   74   38   68   51   75   61   69   41   52   78   70   77   62   76   37   73   29   42   53   32   71   30   31   80   85   28   43   84   33   79   63   34   72   45
58   10   59   49   57   60   56   67   66   65   50   61   68   51   47   48   69   40   39   55   70   62   64   52   46   74   78   75   38   53   71   77   41   76   42   80   63   79   32   72   43   73   85   54   33   29   45   37   84   81   34   31
59   10   58   60   67   49   57   68   61   69   66   56   70   65   62   50   78   51   71   77   75   52   74   48   47   80   53   76   64   40   55   39   79   72   63   46   38   41   85   42   81   54   84   73   88   43   45   32   86   87   33   34
60   10   51   49   61   50   59   58   52   62   53   57   70   69   40   42   71   63   48   67   41   68   39   54   56   45   43   66   47   72   80   78   65   32   38   34   33   44   77   46   55   81   79   75   31   74   64   76   29   36   35   30
61   10   62   60   70   71   69   59   53   63   52   51   72   58   80   49   68   67   78   50   54   81   79   57   77   66   45   56   42   65   40   43   48   76   75   41   39   88   44   47   34   74   85   33   87   89   32   38   64   55   86   90
62   10   61   63   71   70   72   53   60   52   69   80   51   54   59   81   58   78   49   50   45   68   67   79   77   42   57   43   66   44   41   40   88   56   34   76   48   65   39   75   89   33   90   87   32   36   85   47   74   86   35   38
63   10   62   54   72   53   61   71   52   70   45   81   60   51   80   69   59   50   44   78   43   42   49   79   58   68   34   67   36   77   41   33   35   40   88   57   89   90   66   32   48   39   56   76   87   27   65   26   75   99   85   47
64   10   65   56   74   55   66   57   73   75   47   67   46   58   59   68   49   76   82   48   84   77   83   38   39   85   69   78   60   40   50   61   70   37   91   86   51   93   79   29   62   41   71   92   80   95   87   28   88   52   94   32
65   10   66   56   64   74   57   67   75   58   55   59   68   73   76   49   47   77   46   69   78   84   60   85   48   61   83   82   50   39   70   38   40   79   51   86   71   62   80   88   87   52   93   95   91   41   37   53   29   72   92   42
66   10   65   67   74   75   68   56   59   64   57   58   76   77   73   78   69   84   85   49   55   60   70   61   47   83   79   86   82   71   46   80   50   62   48   88   87   51   95   39   40   93   38   52   91   72   81   53   94   92   89   63
67   10   68   66   59   77   69   75   78   76   65   58   74   70   56   57   85   61   79   71   60   84   80   49   64   73   62   86   88   87   83   55   72   81   50   95   51   47   52   82   89   48   53   63   46   93   97   39   40   90   94   96
68   10   67   78   77   69   66   76   75   59   70   58   79   65   85   74   80   61   71   84   56   57   88   60   86   62   87   49   73   64   81   72   95   83   89   51   50   55   63   97   52   82   53   47   93   90   96   48   94   46   40   39
69   10   70   78   68   71   80   67   61   77   79   59   62   72   81   58   60   76   66   88   75   85   63   49   87   65   57   86   89   51   53   74   56   52   84   50   90   95   97   54   64   73   99   96   98   83   48   47   45   40   55   39
70   10   71   69   80   61   62   78   72   81   79   68   59   67   77   63   60   58   88   53   76   52   66   51   49   89   87   75   85   54   90   57   86   50   65   56   84   74   97   95   45   99   98   96   42   40   48   64   43   73   47   39
71   10   70   80   72   69   81   62   61   78   79   63   68   59   77   60   67   53   88   52   58   89   54   51   90   87   76   49   66   85   75   86   50   45   99   57   97   65   95   56   84   98   74   96   42   43   40   44   48   41   39   64
72   10   81   71   80   63   70   62   61   69   79   78   53   54   60   52   89   68   90   88   59   77   51   67   45   58   87   99   49   50   76   97   86   66   85   98   75   57   44   95   42   43   96   65   84   56   34   74   41   40   36   48
73   10   74   82   83   75   84   76   64   66   65   91   85   93   67   92   77   68   56   86   94   95   78   57   55   59   87   58   69   88   79   96   70   47   49   97   46   80   61   60   71   89   48   62   98   50   39   90   81   38   99   40
74   10   75   66   65   73   64   67   76   56   68   84   83   77   57   82   85   59   58   55   78   69   86   93   91   49   47   95   79   46   70   87   92   60   88   61   94   80   71   48   50   62   39   38   40   96   51   97   89   81   72   52
75   10   76   74   66   67   84   68   77   73   85   65   83   78   64   86   82   69   56   59   58   57   79   95   87   93   88   70   91   94   80   92   55   61   71   49   60   96   97   89   62   47   81   46   72   90   50   48   98   51   99   39
76   10   85   77   75   84   68   86   78   67   66   74   87   83   95   73   88   79   69   93   65   82   94   70   59   80   97   96   91   89   64   58   71   92   56   57   61   90   81   98   62   99   60   49   72   55   47   63   51   50   52   46
77   10   78   76   68   85   67   79   69   75   86   88   87   84   66   70   80   95   71   74   59   89   65   97   83   61   81   73   58   96   90   93   94   62   72   56   57   60   82   98   99   64   49   91   92   63   51   50   55   53   52   47
78   10   77   69   79   68   70   67   80   76   88   71   85   87   75   86   59   66   81   61   84   89   72   62   95   58   74   97   90   65   60   96   57   56   99   63   49   83   98   73   94   93   64   51   53   52   82   50   91   54   92   55
79   10   78   88   80   77   87   69   89   70   81   71   68   90   86   85   76   97   72   67   95   99   98   61   96   84   75   62   59   66   63   58   94   60   74   83   65   93   73   49   57   53   56   52   51   82   91   54   92   64   50   45
80   10   71   70   81   79   69   72   78   62   61   88   77   68   89   63   90   67   87   59   76   60   86   85   99   97   58   53   75   66   98   95   52   84   54   51   96   49   65   57   74   50   56   45   94   83   73   93   64   42   40   48
81   10   72   80   71   70   79   69   62   90   78   89   63   88   61   77   99   87   68   97   67   98   53   59   60   86   54   76   85   52   95   96   58   51   75   66   84   45   49   50   57   65   74   56   94   42   44   83   93   43   73   40
82   10   83   91   73   92   93   84   75   74   85   76   94   86   95   66   64   77   65   67   68   87   96   78   88   56   97   79   69   57   59   55   58   89   98   70   80   90   99   71   49   47   61   46   60   81   62   72   48   50   39   38
83   10   82   84   93   91   73   92   85   94   76   75   86   95   74   77   87   66   96   68   67   65   88   78   64   97   79   69   56   89   59   98   57   80   58   70   90   99   55   71   61   81   49   60   62   47   72   46   50   48   51   39
84   10   85   76   83   86   75   93   95   77   73   82   94   87   91   74   92   68   78   88   67   66   96   79   97   65   69   89   64   80   70   59   98   56   90   58   71   99   57   81   61   55   62   72   60   49   47   46   50   63   51   48
85   10   84   76   86   77   95   87   75   88   83   78   93   94   68   79   67   96   97   73   74   66   82   69   91   89   92   80   70   65   98   90   99   59   71   81   64   58   56   61   57   72   62   60   49   55   63   51   47   50   52   53
86   10   95   87   85   88   84   76   96   97   77   94   93   79   78   89   83   75   98   68   90   99   92   67   91   69   80   82   73   74   66   70   71   81   65   59   72   61   58   64   62   56   57   60   49   63   55   51   53   52   50   47
87   10   88   86   95   97   96   89   85   79   77   98   76   90   78   84   99   94   80   93   68   69   75   83   81   67   70   71   92   91   66   72   74   73   82   59   61   62   65   58   60   63   56   64   57   49   53   51   52   50   55   54
88   10   87   79   89   97   86   95   90   77   78   85   96   98   99   80   76   69   81   84   68   70   71   94   67   75   72   93   83   66   61   62   59   74   92   73   91   82   65   58   63   60   56   57   49   64   53   52   51   54   50   55
89   10   90   99   88   98   97   87   79   96   86   95   80   81   78   77   85   71   70   69   72   76   94   84   68   67   75   93   62   61   83   63   66   59   92   74   91   73   60   58   82   65   53   52   49   54   57   56   51   64   50   45
90   10   89   99   98   97   88   87   79   81   96   80   86   95   78   71   77   72   70   85   69   76   94   68   84   67   62   61   93   75   63   83   59   66   92   60   74   91   58   53   73   82   65   54   52   51   49   57   56   50   64   45
91   10   92   93   83   82   94   84   73   85   95   86   76   75   74   96   87   77   97   88   66   68   67   78   65   64   79   98   89   69   99   56   90   59   80   57   70   58   55   71   81   61   49   60   72   62   47   46   48   50   51   63
92   10   91   93   83   94   82   84   95   85   86   73   76   96   75   87   74   97   77   88   66   78   68   98   67   79   89   65   64   99   90   69   80   56   70   59   57   58   71   81   55   61   72   49   62   60   47   46   50   63   48   51
93   10   92   94   91   83   84   82   95   85   86   76   96   73   87   75   97   77   88   74   78   68   98   79   66   67   89   99   65   90   69   64   80   70   59   56   71   81   58   57   61   55   72   62   60   49   47   46   63   50   51   48
94   10   93   95   92   96   86   91   84   83   85   87   97   82   76   88   98   77   75   73   89   79   99   78   90   74   68   67   66   69   80   65   70   81   71   64   59   56   72   58   61   57   62   60   49   55   63   47   51   50   53   46
95   10   86   87   96   85   94   97   88   84   93   76   77   89   98   83   79   78   92   99   90   91   75   68   82   67   80   73   69   74   66   70   81   71   65   59   72   61   64   58   62   56   57   60   63   49   55   51   53   52   50   47
96   10   97   95   87   98   86   94   88   89   99   85   90   93   84   79   77   76   92   83   78   91   80   75   68   81   82   69   67   70   71   73   74   66   72   59   61   65   62   58   64   63   56   60   57   49   53   51   52   55   50   54
97   10   96   98   87   89   88   99   95   90   86   79   94   85   77   84   78   76   93   80   81   69   83   68   70   92   75   71   67   91   72   82   66   73   74   61   62   59   65   63   58   60   56   64   57   49   53   52   51   54   50   55
98   10   99   97   89   90   96   87   88   95   86   79   94   85   81   80   77   78   76   84   93   71   69   70   72   68   83   92   75   67   91   62   61   82   66   73   74   59   63   65   58   60   53   56   57   64   49   54   52   51   50   45
99   10   98   90   89   97   88   96   87   79   95   86   81   80   78   85   77   94   71   72   70   76   69   84   68   93   67   75   62   83   61   92   63   91   66   59   74   82   73   60   58   65   53   54   52   49   57   56   51   64   50   45
    2    1    1    3    1    2    2    1    2    3    3    2    3    3    2    2    2    3    2    1    2    1    1    1    2    3    3    3    2    1    2    1    2    1    2    1    2    2    1    1    3    3    3    1    2    1    2    3    3    1    2    1    2    1    3    2    2    1    1    1    2    1    3    2    3    3    1    1    2    1    1    3    2    1    2    2    2    3    1    1    3    1    2    1    3    1    3    2    3    2    3    3    1    1    1    3    3    2    2


1
2
3
4
5
6
7
8
9
10
11
12
13
14
15
16
17
18
19
20
21
22
23
24
25
26
27
28
29
30
31
32
33
34
35
36
37
38
39
40
41
42
43
44
45
46
47
48
49
50
51
52
53
54
55
56
57
58
59
60
61
62
63
64
65
66
67
68
69
70
71
72
73
74
75
76
77
78
79
80
81
82
83
84
85
86
87
88
89
90
91
92
93
94
95
96
97
98
99
-1