100

1 1.43775e+02 8.62630e+02
2 8.81780e+02 1.18319e+00
3 5.45244e+02 7.35005e+02
4 5.02813e+02 8.76001e+02
5 2.04876e+02 3.45225e+02
6 7.01637e+02 5.76987e+02
7 1.47167e+02 1.64286e+02
8 1.35382e+02 8.07910e+02
9 6.28999e+02 9.76971e+02
10 6.74999e+02 7.31447e+02
11 3.13696e+02 2.99126e+02
12 4.45689e+02 9.81970e+02
13 3.54793e+02 7.65215e+02
14 3.98129e+02 9.76034e+02
15 2.73041e+02 8.53944e+02
16 6.66295e+02 3.12270e+02
17 8.76942e+02 9.25390e+02
18 1.34026e+02 9.49816e+02
19 9.66825e+02 7.26799e+02
20 6.59346e+02 8.89080e+02
21 4.00340e+02 8.74489e+02
22 1.18041e+02 3.12040e+02
23 8.09870e+02 5.08555e+01
24 1.62821e+01 1.14161e+02
25 1.26192e+01 4.82407e+01
26 6.50039e+02 9.40261e+02
27 7.91189e+02 7.58951e+02
28 9.07194e+02 6.12605e+02
29 5.10857e+02 2.58629e+01
30 3.16366e+01 4.31221e+02
31 7.76763e+02 2.53781e+02
32 5.31819e+02 9.06890e+02
33 6.54965e+02 7.67759e+02
34 1.86060e+02 2.06527e+02
35 5.64595e+02 2.99685e+00
36 4.10816e+02 4.37921e+02
37 9.30189e+02 6.39817e+02
38 9.41392e+02 8.89979e+02
39 3.41538e+02 3.94141e+01
40 1.62622e+02 9.51969e+01
41 1.07558e+02 2.62746e+02
42 8.26398e+01 1.31129e+02
43 4.30137e+01 7.79010e+01
44 5.54450e+02 9.97819e+01
45 6.08618e+02 2.27863e+02
46 8.89589e+02 7.60960e+02
47 5.59461e+02 5.08125e+02
48 1.36027e+01 5.08467e+02
49 4.02567e+02 8.39178e+02
50 8.86156e+02 7.64310e+02
51 8.46462e+01 6.29068e+02
52 4.86783e+02 2.59062e+02
53 6.47516e+02 5.53517e+02
54 9.67650e+02 8.24246e+02
55 2.36623e+02 1.52397e+00
56 8.79518e+02 7.37584e+02
57 5.09840e+02 4.20787e+02
58 9.36134e+02 3.03893e+02
59 8.72343e+02 4.99018e+02
60 1.42996e+02 8.40984e+02
61 2.33102e+02 3.03929e+02
62 1.99819e+02 9.37721e+02
63 3.02123e+02 8.47440e+02
64 3.65531e+02 5.66229e+02
65 1.07593e+02 5.49471e+02
66 8.02657e+02 3.44868e+02
67 3.19486e+02 8.13104e+02
68 3.24542e+00 7.01539e+02
69 1.80027e+02 7.66307e+02
70 9.77601e+02 9.68843e+02
71 1.46301e+01 8.42383e+02
72 9.22626e+02 9.54285e+02
73 8.96272e+02 7.89067e+02
74 6.67952e+02 9.06108e+02
75 4.25058e+02 8.69541e+02
76 8.65918e+02 3.69610e+02
77 8.98572e+02 5.39108e+02
78 6.21689e+02 8.78159e+02
79 6.73730e+02 6.13117e+02
80 8.92979e+01 4.91923e+02
81 1.47858e+02 4.59840e+02
82 4.28293e+02 9.05370e+02
83 5.17499e+01 6.36336e+02
84 8.26458e+02 2.31701e+02
85 4.26249e+02 9.46357e+02
86 3.16069e+02 8.53389e+02
87 2.75713e+02 9.73754e+02
88 8.35293e+02 2.47974e+02
89 9.70187e+02 6.35213e+01
90 1.23616e+02 6.44170e+02
91 2.26668e+02 5.62456e+02
92 8.08920e+02 7.91390e+02
93 9.42256e+02 5.31023e+02
94 7.05831e+02 4.55757e+02
95 8.56231e+02 5.09763e+02
96 3.52477e+02 1.16433e+00
97 3.08882e+02 8.42792e+02
98 7.50979e+02 3.94934e+02
99 6.10775e+02 5.84408e+02
100 4.83637e+02 1.16325e+02


1   10   60    8   18   62   69   15   71   63   97   87   86   67   68   90   13   51   83   21   49   14   75   82   85   91   65   12    4   64   80   48   32   81    3   30   78    9   36   26   20   33    5   74   99   47   10   22   61   57   79   11
2   10   23   89   84   88   31   58   35   44   66   45   76   29   16  100   98   52   94   59   95   96   93   77   39   57   53   47    6   28   37   11   36   99   55   79   61   40   34   19   56    7   10    5   46   50   27   64   73   92   33    3
3   10   33   10    4   78   99   32   49   79   75   20   13   21   82   53   74    6   47   26   67   85   64   27    9   86   97   12   63   92   14   15   57   94   36   56   50   46   73   87   91   69   28   17   95   37   98   62   59   77   60    8
4   10   32   75   82   21   85   49   78   12   14    3   20   26    9   74   13   33   86   67   97   63   10   15   87   62   99   27   79   92   64   69   53    6    1   60   47    8   18   17   50   56   73   46   91   72   38   90   36   57   94   54
5   10   61   22   11   41   81   34   80    7   30   91   36   65   42   48   40   64   52   24   51   90   43   57   83   39   55   25  100   96   47   68   45   69   44   29   13   16    8   99   67   53   35   60   97   63   94   15    3   86    1   49
6   10   79   53   99   94   10   47   95   59   98   33   77   27   28    3   37   56   92   93   57   66   50   46   76   16   73   19   78   20   36   74   31   64   88    4   58   45   54   26   84   32   52   17   38   13   49   75    9   21   82   72
7   10   34   40   42   41   43   24   22   61   25   55    5   11   39   96   30   81   80  100   52   48   36   65   29   91   44   57   35   64   45   51   90   83   47   16   68   69   99   94   53   13   31    8   98   67   23   60   66   84   71    6
8   10   60    1   69   71   18   62   15   90   68   63   97   67   51   86   83   87   13   65   91   49   21   75   82   14   80   85   48   64   81   12    4   30   32    3   36    5   78   22   61   47   33    9   99   20   26   57   11   74   10   41
9   10   26   74   20   78   32    4   12   85   33   82   75   14   10   21   17    3   92   49   27   72   38   73   50   86   46   13   56   97   70   67   63   87   79   54   15   99    6   19   53   62   37   28   47   64   18   69    1   60   77   95
10   10   33   79   27    3   92   78    6   20   99   74   53   56   26   50   46    4   32   73    9   47   28   37   94   17   75   95   19   49   77   82   59   54   21   38   13   85   72   93   12   98   64   57   67   14   86   97   70   63   36   66
11   10   61    5   34   36   52   22   41    7   57   81  100   40   39   64   91   42   80   96   45   55   30   44   47   65   29   43   24   16   48   35   25   90   51   99   53   94   83   98   31   13    6   79   69   66    3   68   67   84   88    8
12   10   85   14   82   32   75   21    4   49   87   86    9   97   63   78   26   67   15   20   74   13   62    3   33   18    1   60   10   69    8   92   27   64   99   79   17   71   90   91   53   72    6   47   73   50   46   56   38   51   68   83
13   10   67   49   97   86   63   21   15   75   82   69    4    3   85   64   14   87    8   60   32   62    1   12   91   90   18   78   33   51   99   10   65   47   20   83   36   26   74    9   71   79   68   53   81   57   80    6   48   27    5   92
14   10   85   12   82   21   75   87   49    4   86   32   97   63   15   67   62   13    9   78   26   18   20    1   74    3   60   69    8   33   10   71   64   90   99   91   27   92   79   51   68   17   83   53   47    6   65   72   50   73   46   56
15   10   63   97   86   67   62   87   13   69   21    1   49   60    8   75   82   18   14   85   12    4   90   71   32   51   91    3   64   68   83   65   78    9   26   20   33   74   80   81   10   48   99   36   47   79   53   30   57    6    5   27
16   10   45   98   31   66   94   84   88   52   57   76   47   44   53    6  100   58   95   99   59   36   23   79   77   35   29   93   11    2   28   89   64   10   37   39   61    3   96   33    5   27   56   34   92   46   50   91   19   73   55   81
17   10   72   38   70   54   73   92   50   46   27   56   74   19   20   26    9   78   33   10   37   28   32   79    4    3   77    6   93   95   59   99   12   53   82   85   75   21   14   49   94   47   98   13   76   86   67   97   63   66   87   15
18   10   62    1   60    8   87   71   15   69   63   97   86   67   14   21   68   13   49   85   82   75   90   12   83   51    4   91   32   65   64   48   80    3   81   78    9   26   30   20   74   33   36   10   99    5   47   79   22   53   57   61
19   10   46   56   50   73   37   54   28   38   92   27   93   77   17   72   70   95   59   10    6   79   33   20   74   53   76   94   78   26   99   98   66    9    3   58   47   32    4   88   31   16   84   57   75   82   49   12   85   21   13   45
20   10   74   78   26    9   33   32    4   10   92   27    3   17   82   12   75   85   73   50   21   49   46   56   72   14   79   38   99    6   54   70   13   53   86   19   67   97   63   37   28   15   87   47   77   95   94   64   59   93   62   57
21   10   75   49   82   85   86   97   67   14   63    4   12   13   15   32   87    3   62   78   69    9    1   26   20   60   74    8   33   18   10   64   91   99   90   79   71   47   51   53   27   92   83    6   68   36   65   57   17   81   80   50
22   10   41    5   61   34   30    7   81   80   42   11   40   48   24   65   43   91   25   36   51   83   90   55   39   64   52   96   68   57  100   69   47   44   29    8   45   13   60   67   71   35   16    1   99   15   97   63   86   53   49    3
23   10    2   89   84   88   31   35   44   45   58   66   16   29   76  100   98   52   94   59   96   95   39   57   77   93   47   53    6   11   36   99   28   55   79   37   61   34   40    7    5   64   56   10   19   27   46   50   42   33    3   41
24   10   43   25   42    7   40   41   34   22   55   61    5   30   39   11   96   81   80   48   65  100   52   91   29   36   51   83   44   90   35   64   57   68   45   47   69   16    8   71   13   60   99    1   67   53   94   31   15   97   98   63
25   10   43   24   42   40    7   55   41   34   22   39   61   96    5   30   11   81   80   48  100   29   65   52   44   35   91   36   51   83   90   57   45   64   68   16   47   69    8   31   71   13   23   99   60   94   53   98   67    1   84   66
26   10   74    9   20   78   32    4   33   12   10   92   85   82   17   27    3   75   14   21   49   72   73   50   38   46   56   79   70   54   13   86   67   97   99   63    6   87   19   53   15   37   28   47   62   64   77   95   94   59   69   93
27   10   92   56   50   46   73   10   33   19   37   20   28   17   79   54   74   38    6   78   26   72   77    3   53   99   95    9   59   93   70   32    4   94   47   98   75   82   76   49   21   85   12   66   13   57   14   16   64   67   58   86
28   10   37   77   93   95   59   56   19   46   50   73   27   92    6   54   79   76   94   10   53   98   38   66   33   99   58   17   72   47   70   20   88   74   31    3   16   84   78   26   57    9   32    4   45   36   64   75   52   89   49   82
29   10   35   44  100   96   39   45   52   55   23   16   11   31   40   34    2   84    7   61   88   57   36   66   98   42    5   89   41   43   94   47   22   76   25   24   58   53   64   81   99    6   95   59   91   79   30   80   77   65   93   48
30   10   48   80   81   65   22   41    5   51   83   90   91   61   68   34    7   42   11   24   43   64   40   69   36   25    8   71   60    1   13   55   67   57   52   15   97   63   39   86   18   47   62   96  100   49   21   75   87    3   99   45
31   10   84   88   66   16   98   76   58   45   23   94   59   95   44   89    2   52   77   57   93  100   53   35    6   47   29   99   79   28   36   37   11   39   10   96   56   27   19   64   46   50   33    3   92   61   73    5   34   55   54   91
32   10    4   78   82   85   75   12    9   26   20   21   74   49   14    3   33   86   10   13   97   67   63   15   87   27   92   79   99   62   17    6   53   69   64   50   73   46   56    1   72   60   47   18    8   38   54   70   91   19   28   37
33   10   10    3   78   20   27   74   92   79   26   32    4   99    6    9   53   56   50   46   73   75   49   82   17   21   47   85   28   12   13   37   38   19   94   54   72   95   14   77   67   59   86   64   97   63   93   57   70   98   15   36
34   10    7   41   61   40   22   42    5   11   43   24   55   39   25   81   96   30   80   52  100   36   48   65   91   29   44   57   64   45   35   51   90   83   47   16   68   69   99   94   53   13   31   98    8   67   66    6   79   60    3   84
35   10   29   44  100   96   39   45   23   52    2   16   55   31   84   88   11   89   40   66   57   34   98    7   61   36   94   76   58    5   42   47   41   43   22   25   53   24   99   59   95    6   64   81   79   77   93   91   80   30   28   65
36   10   57   64   47   11   52   91   61    5   99   53   81   16   45   94   79   22    6   34   65   80    3  100   13   98   41   90   44   51   30    7   67   10   49   69   66   48   39   31   83   33   97   40   63   29   86   75   21   15   96    4
37   10   28   19   77   93   56   46   50   95   59   73   27   54   92    6   38   79   10   76   94   17   53   98   33   72   66   99   70   58   20   74   78   47    3   88   26   31   16   84    9   57   32    4   45   75   36   49   82   64   89   21
38   10   72   54   17   70   73   50   46   56   92   19   27   37   74   28   20   26   10   33   78    9   77   93   79   95    6   59   32    3    4   53   99   94   12   82   75   85   76   98   47   49   21   14   66   58   13   86   67   97   57   16
39   10   96   55  100   29   40   44   35   34    7   11   52   42   61   43   41   45   25   24    5   22   36   57   16   81   23   31   30   47   80   84   64   91   88    2   98   66   94   65   48   53   99   76   89   90   51    6   58   79   83   95
40   10    7   42   34   55   43   24   25   41   39   96   61   22    5   11  100   29   30   52   81   44   80   35   36   48   65   45   91   57   64   51   16   90   83   47   68   31   23   94   98   99   53   69   84   66   88   13    8    6    2   79
41   10   22   34    7    5   61   42   24   40   30   43   81   11   80   25   48   65   55   91   39   36   96   51   83   52   90   64  100   57   68   29   44   45   69   47   35    8   13   16   60   71   67   99    1   53   15   97   63   86   94    3
42   10   43   24    7   40   25   34   41   22   55   61    5   39   11   96   30   81   80   48  100   65   52   29   36   91   44   51   35   83   90   57   64   45   68   47   16   69    8   13   99   94   31   53   60   71   98   67   23    1   97   15
43   10   25   24   42   40    7   34   41   55   22   61   39    5   96   11   30   81   80   48  100   29   65   52   44   36   91   35   51   83   90   57   45   64   68   16   47   69    8   31   13   99   94   71   23   53   60   98   67    1   84   66
44   10  100   29   35   45   52   39   96   16   23   31   84   11   88   57   55    2   66   98   36   61   34   94   40   47   76    7   89    5   58   53   42   41   22   99    6   64   95   59   43   79   24   81   25   77   91   93   80   30   28   65
45   10   16   52   44  100   31   57   84   98   29   66   88   35   94   23   47   36   76   11   39   53   58   96    2   99    6   95   59   61   79   89   64    5   34   77   55   93   40    7   28   22   41   91   10    3   81   37   42   33   27   56
46   10   50   56   73   19   92   27   54   37   38   28   17   72   10   77   70   33   93   95   79   59    6   20   74   78   26   53   99    9    3   94   32   98   76    4   47   66   58   75   82   49   12   85   16   21   57   88   31   84   13   14
47   10   99   53   57   79   94    6   36   64   98   16    3   10   52   33   45   66   95   59   11   13   31   76   91   77   27   28   49    4   78   92   88   93   84   61   75   67    5   37   56   20  100   21   32   44   74   81   50   46   97   82
48   10   80   30   65   83   51   81   90   68   91   22    5   41   61   69    8   71   34   64   60   11    7    1   42   24   36   13   43   67   15   40   63   97   18   86   25   62   57   49   21   87   52   47   75   55   39   82    3   85   99   14
49   10   21   75   82   67   86   13   97   63    4   85   15   14   32   12    3   87   78   62   69   60    1   20   33    9   26    8   74   64   18   10   91   99   90   79   47   53   51   71   27    6   36   83   92   65   68   57   81   80   17   56
50   10   46   73   56   92   19   27   54   37   38   28   17   72   10   70   77   33   93   95   20   74   79    6   59   78   26   53   99    9    3   94   32   98   76    4   47   66   58   75   82   49   12   85   21   16   57   88   31   13   14   84
51   10   83   90   65   68   80   48   91   69   81    8   30   60   71    1   64   15   67   13   63    5   97   22   86   18   62   61   41   36   49   87   21   11   75   34   82   85   14    7    3   57    4   47   42   12   24   32   99   40   52   43
52   10   45  100   57   44   11   16   36   29   61   47   39   35   31   96   94    5   98   34   66   64   53   84   99   88    7   55   40   22   41    6   23   81   76   91   79   42   95   58   59   80    2   65   43    3   30   24   77   10   25   89
53   10   99    6   79   47   94   10   98   57    3   95   33   59   16   27   77   66   36   28   64   76   92   37   93   56   50   46   78   31   45   52   20   73   74    4   88   13   19   84   32   49   58   75   26   21   82   67   54   11   91    9
54   10   38   73   19   46   50   56   17   72   70   92   27   37   28   77   93   10   74   20   33   95   26   59   78   79    6    9   53   99    3   32   94   76    4   98   66   47   58   75   12   82   85   49   21   14   88   16   31   84   57   13
55   10   39   96   40    7   42   43   34   25   24  100   29   41   61   11   35   22   44    5   52   45   81   36   30   57   80   16   48   91   65   23   64   31   47   84    2   51   88   98   90   94   83   66   53   99   76   89   68    6   79   58
56   10   46   50   73   19   92   27   37   54   28   38   17   77   10   93   72   33   95   59    6   79   70   20   74   78   53   26   99   94    3    9   98   76   32   47   66    4   58   75   16   82   57   49   88   31   12   21   85   84   13   14
57   10   47   36   52   16   53   99   94   64   45   11   98    6   79   61   66  100    5   31    3   91   44   10   95   76   81   88   84   59   33   13   34   29   77   22   39   35   65   80   49   41   67   27   28   58    7   90   93   96    4   75
58   10   76   88   84   66   31   59   98   95   93   77   89   16   94   23    2   28   37   45    6   53   79   19   47   99   44   56   57   52   46   50   27   35   73  100   10   92   29   54   36   33    3   38   11   17   64   20   72   39   78   96
59   10   95   77   93   28   76   37   98   66   94    6   58   79   53   56   19   88   46   31   50   84   27   99   16   73   92   10   47   54   33   57   45   38    3   17   20   89   23   52   78   74   72   36   70   26    2   44   64    4   32    9
60   10    1    8   69   18   62   71   15   63   97   86   67   87   68   90   51   83   13   21   49   75   14   91   82   65   85   12   80   64   48    4   81   32    3   30   78   36    5    9   26   33   20   74   22   47   99   10   61   57   11   79
61   10    5   11   34   22   41    7   81   40   36   42   80   30   52   91   65   39   24   64   43   48   57   55  100   96   25   90   51   83   44   45   47   29   16   35   68   69   99   13   53   94    8   67   98    3   79    6   97   60   31   63
62   10   18   87    1   15   60   63   86   97    8   69   67   14   71   21   49   85   82   13   75   12   90   68    4   51   32   83   91   65    3   64   78    9   26   80   20   48   74   81   33   10   30   99   36   47   79   53    5   57   27    6
63   10   97   86   15   67   13   49   21   75   87   62   82   69   85    1   60   14    8   12   18    4   32    3   90   71   64   91   51   78   83   68    9   65   20   26   33   74   10   99   80   81   36   47   79   48   53   57    6   30   27   92
64   10   36   91   13   47   57   81   99    3   67   90   65   11   69    5   49   53   97   80   51   63   86   61   15   75   21   79   83   52    8    6    4   82   10   33   60   22   48   94   30    1   32   85   68   16   41   34   78   62   14   45
65   10   80   51   90   81   48   83   91   30   68    5   69   22   64    8   61   41   60   71    1   36   11   13   67   15   34   97   63   86    7   62   18   49   42   57   21   24   75   47   87   40    3   43   52   82   99   85   25    4   14   53
66   10   76   98   31   88   84   58   16   94   59   95   77   45   93    6   53   28   47   23   79   57   99   37   52   89   44    2  100   56   36   10   27   19   35   46   50   29   92   33   73    3   64   11   54   39   38   20   78   96   61   74
67   10   97   63   86   13   15   49   21   75   82   69   87   85   62   60   14    1    8    4   12   18   32    3   64   90   91   51   71   78   83   68   65   33   20    9   26   74   10   99   36   47   81   80   79   53   48   57    6   27   30    5
68   10   83   51   90   71    8   65   69   48   60    1   80   91   30   18   81   62   15   63   67   97   86   13   87   64   22    5   49   21   41   75   61   82   14   36   85   11   12   34    4    3    7   32   42   57   24   47   99   43   40   78
69   10    8   60    1   15   90   63   67   97   86   51   62   13   71   83   68   18   91   87   65   49   21   75   64   82   80   14   85   48   81    4   12   30    3   32   36    5   78   22   47   61   99   33   57   11   20    9   10   26   74   41
70   10   72   38   17   54   73   50   46   19   92   56   27   74   20   26   37    9   28   78   33   10   77   93   32   79   95    6   59    4    3   53   99   12   85   82   75   14   94   21   49   76   98   47   66   13   58   86   67   97   63   87
71   10    8   60    1   68   18   69   62   83   51   90   15   63   87   97   86   67   65   48   13   91   80   21   49   81   14   75   30   82   85   64   12    4   32    5   22    3   36   61   41   78   11    9   47   26   33   20   99   57   74   34
72   10   17   70   38   54   73   50   46   92   56   19   27   74   20   26    9   78   37   33   10   28   32   77   79   93    4    3    6   95   59   12   99   53   85   82   75   14   21   49   94   47   98   76   13   86   67   66   97   63   87   58
73   10   50   46   56   54   92   19   27   38   17   37   72   28   70   10   33   77   74   20   93   95   79    6   78   26   59    9   53   99    3   32   94    4   98   76   47   66   75   82   58   12   85   49   21   16   14   57   13   88   31   84
74   10   20   26   78    9   32   33    4   10   92   27   17    3   12   82   85   75   73   72   50   46   21   56   49   38   14   79   54   70   99    6   13   19   53   86   67   97   63   37   28   87   15   47   77   95   94   64   59   93   62   69
75   10   21   82   49   85    4   14   86   32   12   97   67   63   13   15    3   87   78    9   20   62   26   74   33   69    1   60   10    8   18   64   99   79   91   90   27   47   53   92    6   71   51   36   83   65   68   17   57   50   56   46
76   10   66   58   98   88   59   95   84   31   77   93   94   16   28    6   37   53   45   79   89   23   99   47   57   56    2   19   46   52   50   27   10   44   73   92   33  100   36   54   35    3   29   38   64   17   11   20   78   74   72   70
77   10   93   59   95   28   37   76   56   19    6   98   94   66   46   50   79   58   27   73   53   92   99   54   10   88   31   84   16   33   47   38   17    3   57   72   20   45   74   70   78   26   89   23   52   36    9   32    4   64    2   44
78   10   20   74   26   32    9   33    4   10    3   82   75   12   92   85   27   21   49   14   17   79   50   73   13   46   56   99   86   67   72    6   97   38   63   53   15   54   87   70   47   19   37   28   64   62   94   95   77   59   69   57
79   10    6   53   99   10   47   33   94    3   27   95   92   59   98   28   77   56   57   37   50   46   78   20   93   73   74   66   16   76   64    4   19   36   32   26   49   13   75   54    9   17   31   21   82   38   45   88   52   58   67   84
80   10   65   81   48   30   51   83   91   90   22    5   68   41   61   64   69   11   34    8   36    7   60   71   42    1   13   24   67   40   15   97   63   43   57   86   25   62   18   52   49   47   21   75   55   87    3   39   99   82  100   96
81   10   80   65   30    5   91   48   22   61   51   90   83   41   11   64   34   36   68    7   69   42    8   57   40   13   24   60   67   52   43    1   71   15   47   97   63   86   25   49   39   55   99  100   62    3   21   18   75   96   53   45
82   10   75   85   21   49   14   12    4   32   86   97   63   67   13   15   87   78    3    9   26   62   20   74   33   69    1   60   18   10    8   64   99   79   27   92   91   90   53   47   71    6   51   17   83   36   68   65   50   56   73   46
83   10   51   90   68   65   48   80   69   91    8   81   30   71   60    1   15   67   64   18   63    5   13   97   22   62   86   41   61   87   49   36   21   11   75   34   82    7   14   85    3   42   57    4   24   47   12   32   40   43   99   52
84   10   88   31   66   58   76   16   98   23   45   89    2   94   59   95   44   77   93   52   35  100    6   53   57   29   47   28   79   99   37   36   56   19   11   39   10   96   27   46   50   92   73   33   64    3   61   54    5   55   34   38
85   10   12   14   82   21   75    4   49   32   86   87   97   63   67   15   13    9   78   26   62   20    3   74   33   18    1   60   69    8   10   64   99   27   92   79   71   90   91   53   17   47    6   51   83   68   50   73   72   56   46   36
86   10   97   63   67   15   21   49   13   75   82   87   62   85   14   69    1   60   12    8    4   18   32    3   90   64   71   91   78   51    9   83   26   20   68   33   74   65   10   99   47   36   80   81   79   53   48   57    6   27   92   30
87   10   62   15   14   86   63   97   18   85   21   67   82   12    1   75   49   60    8   13   69    4   32   71    9   78    3   90   26   68   20   51   74   83   91   64   33   65   10   99   80   81   48   79   47   36   27   53   92    6   30   57
88   10   84   31   66   58   76   98   16   23   45   89   94    2   59   95   77   93   44   52    6   53   35   57   28  100   47   29   79   37   99   36   56   19   10   27   46   50   11   39   96   92   73   33    3   64   54   61    5   55   34   38
89   10    2   23   84   88   58   31   76   66   16   45   98   35   44   59   95   29   93   94   77  100   52   28   37    6   57   53   47   96   79   39   99   19   36   56   11   46   50   27   73   10   55   92   54   33   61   64    3   34   40    5
90   10   51   83   65   91   68   69   80    8   48   81   60    1   71   30   64   15   67   13   63   97   86   62   18    5   22   49   36   61   21   87   75   41   11   82   85   14    3   34    4   57   47   12    7   32   99   42   52   53   24   33
91   10   65   81   90   64   80   51   83   69    5   48   36   30   13   61    8   68   67   22   11   60   97   63   15   86    1   57   41   49   47   71   21   34    3   75   62   99   82   18   52    7   87    4   53   85   14   79   42   32   40   12
92   10   27   50   46   73   56   10   17   33   54   38   19   20   74   37   72   28   78   26   79    6   70    9   77    3   95   99   53   93   59   32    4   94   47   75   82   98   49   12   85   21   76   66   14   13   57   67   86   64   16   97
93   10   77   59   95   28   37   76   19   56   58   66   98   46   50    6   94   73   27   79   92   54   53   88   84   31   10   99   16   38   33   47   17   72   70   57    3   45   20   74   89   78   23   26   52    2   36    9   32    4   64   44
94   10   98   53    6   66   16   47   95   99   79   59   76   57   77   31   88   45   93   84   28   58   10   37   52   36   27   33    3   56   92   46   50   64   19   73   44  100   23   11   78   20   74   54    4   13   29   89   35   32    2   26
95   10   59   77   93   28   76   37   98   94    6   66   79   53   58   56   19   46   50   99   27   88   31   16   84   73   92   10   47   33   54   57   45    3   38   17   20   78   74   52   72   36   89   23   70   26   64    4   44    2   32    9
96   10   39   55   29  100   40   35   44    7   34   52   42   11   43   61   45   25   24   41    5   22   36   16   57   23   31   81   84    2   30   88   47   80   98   64   66   91   94   65   48   89   53   76   99   58    6   90   51   79   83   95
97   10   63   86   67   15   13   49   21   75   82   87   62   69   85   14   60    1    8   12    4   18   32    3   90   64   91   71   51   78   83   68    9   20   33   26   65   74   10   99   80   81   36   47   79   53   48   57    6   27   30   92
98   10   66   94   76   16   31   95   59   88   84    6   53   77   58   45   47   79   93   99   57   28   52   37   36   10   23   44   56   27   33  100   46   50   19   89    3   92    2   73   64   35   29   11   54   78   20   74   61   38    4   39
99   10   53   79    6   47   94   10    3   33   57   98   64   36   27   95   59   16   92   77   78   28   66   20   56    4   13   37   74   50   49   46   32   76   93   75   52   73   45   26   21   82   31   67   19   91    9   97   86   88   63   85
100   10   44   29   35   52   39   45   96   11   16   55   57   34   61   40   31   36   23    7    5   84   88   98   66   47   42   41   94    2   22   43   76   64   53   24   25   81   99   89   58    6   91   79   95   80   59   30   65   77   48   93
 
   3    2    1    1    1    2    3    2    2    2    2    1    3    2    1    1    1    3    3    1    2    3    1    3    2    1    3    1    2    3    3    1    1    2    2    2    2    1    2    1    2    1    1    1    1    2    1    2    2    3    1    2    1    2    2    3    3    3    2    1    3    2    2    1    1    1    1    2    3    1    3    1    1    2    3    1    3    3    2    2    1    1    3    2    2    2    3    3    2    1    2    3    1    2    2    2    1    2    3    3


1
2
3
4
5
6
7
8
9
10
11
12
13
14
15
16
17
18
19
20
21
22
23
24
25
26
27
28
29
30
31
32
33
34
35
36
37
38
39
40
41
42
43
44
45
46
47
48
49
50
51
52
53
54
55
56
57
58
59
60
61
62
63
64
65
66
67
68
69
70
71
72
73
74
75
76
77
78
79
80
81
82
83
84
85
86
87
88
89
90
91
92
93
94
95
96
97
98
99
100
-1
