70


1 64 96
2 80 39
3 69 23
4 72 42
5 48 67
6 58 43
7 81 34
8 79 17
9 30 23
10 42 67
11 7 76
12 29 51
13 78 92
14 64 8
15 95 57
16 57 91
17 40 35
18 68 40
19 92 34
20 62 1
21 28 43
22 76 73
23 67 88
24 93 54
25 6 8
26 87 18
27 30 9
28 77 13
29 78 94
30 55 3
31 82 88
32 73 28
33 20 55
34 27 43
35 95 86
36 67 99
37 48 83
38 75 81
39 8 19
40 20 18
41 54 38
42 63 36
43 44 33
44 52 18
45 12 13
46 25 5
47 58 85
48 5 67
49 90 9
50 41 76
51 25 76
52 37 64
53 56 63
54 10 55
55 98 7
56 16 74
57 89 60
58 48 82
59 81 76
60 29 60
61 17 22
62 5 45
63 79 70
64 9 100
65 17 82
66 74 67
67 10 68
68 48 19
69 83 86
70 84 94


1   10   36   23   16   47   29   13   38   31   70   37   58   69   22   59   63   50   66   35    5   53   10   52   57   51   65   15   60   24   56    6    4   64   18   12   41    2   42   33   11   67   21    7   34   17   48   43   54   19   32    3
2   10    7    4   18   19   32   42    3   24    8   26    6   57   15   41   28   66   63   49   53   22   14   44   43   55   59   68   17   20   38    5   30   69   10   31   35   52   23   47   21   12    9   13   34   58   50   37   29   70   60   16
3   10   32    8   28   42   14    7   18   44   26    4    2   41   68    6   20   30   49   19   43   17   55    9   24   27   57   53   15   66   21   34   46   63    5   12   40   22   10   61   52   59   60   45   38   33   50   39   58   47   37   69
4   10   18    2   42    7   32    6   41    3   19   24   57   66    8   53   15   26   63   43   28   44   22   17   68    5   14   59   49   10   38   52   20   30   55   12   21   34   47   69   50    9   23   60   58   31   37   35   13   16   29   70
5   10   10   53   52   50   58   37   60   47   51   12   16   66    6   23   22   41   38   33   63   21   34   56   17    1   18   59   43   65   42    4   36   67   13   69   54   31   29   57   11    2   48   70   32    7   24    9   68   15   62    3
6   10   41   42   18    4   43   17   53   32    2    3    7   44   68    5   66   10   52   21   12   34    8   60   63    9   22   19   57   28   14   24   50   26   15   33   30   59   58   37   38   47   20   27   40   23   61   51   49   16   54   69
7   10    2   32   19    4   18    3   26    8   42   28   24    6   49   15   57   41   14   55   44   66   63   68   43   20   53   22   30   17   59    5   38   10   69    9   52   21   35   31   12   34   23   47   27   50   13   60   58   37   70   29
8   10   28   26    3   32   49    7   14   19   55    2   20   42   18    4   44   30   68   41    6   43   24   17   15   57    9   27   66   53   63   46   22   21   34    5   40   59   12   61   10   52   38   60   45   69   50   33   35   39   31   47
9   10   40   61   27   17   43   68   46   21   34   45   39   44   12   41   25   30   62   33    6   42   60   14   54   20    3   52   18   32   10    4    5   53   28   67    8   48    7    2   56   51   50   26   11   65   49   58   66   37   19   63
10   10   52    5   50   53   60   58   37   51   12   47   33   56   21   34   16    6   65   41   66   67   17   23   43   54   22   38   11    1   48   63   42   18    4   59   36   62   13   29   31   69    9   64    2   57   68   32   70   44    7   61
11   10   67   56   48   65   51   54   64   33   60   62   52   12   50   10   34   21   58   37    5   53   47   16   17   61   43   39    9   40    1   41    6   23   45   36   66   25   38   42   22   68   18   27   63   13   46   29    4   44   59   31
12   10   21   34   60   33   52   54   17   10   43   62    5   51   67   56   50    9   41   48   53    6   61   65   11   40   58   42   68   37   39   44   18   45   27    4   47   46   66   25   16    3   32   22    2   64   23   63   30    7   38   14
13   10   29   31   70   69   38   23   36    1   59   35   22   16   47   63   66   37   58   57   53   15    5   50   24   10   52    4    6   18    2   51   42    7   60   41   19   65   12   32   56   43   17   33   64    3   21   34   67   11   26    8
14   10   20   30   28   44    3    8   68   32   26   49   42    7   41   43   18   55   27    2    4    6   17    9   19   46   40   61   21   34   45   24   12   53   39   57   15   25   66    5   52   60   10   63   33   22   62   59   54   50   38   58
15   10   24   57   63   19   66    2   59   22    7    4   35   38   69   18   31   32   42   70   13   53    6   26   29   23    3    8   41   47   28    5   49    1   55   36   16   58   37   10   43   50   14   44   52   17   68   20   60   12   30   21
16   10   47    1   23   37   58   36   38   13   29   50   31    5   22   69   70   53   59   10   66   63   52   51   35   65   60   56   57    6   12   64   15    4   33   24   18   11   67   41   42   21   34    2   48   17   54   43    7   32   19    3
17   10   43   41   21   34    9   68   12    6   44   42   40   61   60   27   33   18   52    3   10   53    4    5   46   32   30   45   39   54   14   62    2   20   50    7    8   28   25   51   67   56   66   48   58   37   26   19   65   22   63   11
18   10    4   42    6    2   32   41    7    3   19   43    8   53   44   66   17   28   24   68   57   26   15   63   14    5   22   10   49   59   52   30   20   21   12   34   38    9   60   55   50   47   58   37   23   69   27   31   33   16   40   13
19   10    7    2   26   32   24    8    4   15   18   49    3   28   57   55   42    6   66   41   14   63   22   44   59   20   53   68   43   30   38   17   35   69   31    5   23   13   10   70   47   29   52    9   21   58   12   34   37   50   27   16
20   10   30   14   28   44   68    3    8   49   32   26   27   42   55   43   46   41    7    9   18   17    2    6    4   19   40   61   45   21   34   25   39   12   24   53   57   15   66    5   60   52   33   10   63   62   22   54   59   50   38   58
21   10   34   12   33   17   60   43    9   54   52   62   61   40   41   10    6   67   68   39    5   51   56   48   45   27   53   44   50   42   46   11   18   65   25   58    4   37    3   32   30   14   47   66    2    7   20   16   22    8   28   63
22   10   63   59   66   38   69   31   23   57   13   29   47   53   70   35   15   24    1   16   36    5   58   37    4   18    2   10    6   50   42    7   52   41   19   32   60    3   51   43   12   17    8   26   21   34   33   65   56   44   28   68
23   10    1   47   16   38   36   13   29   31   69   22   70   59   37   58   63   66   53   35    5   50   10   57   52   15   24   51    6    4   60   18   65    2   41   42   56   12    7   33   64   17   19   21   43   34   32   67   11    3   48   54
24   10   15   57    2   19   63   66    7    4   59   22   18   35   38   32   69   42   31   26    6   53    3    8   13   70   41   29   23   28   49   47    5   55    1   16   36   10   58   43   37   14   44   17   50   52   68   20   30   12   60   21
25   10   45   39   40   61   46   27    9   62   34   21   68   17   43   44   54   12   33   30   20   41   60   14   48   67    6   42   52    3   56   11   10   18   32   51   28    5    8    4   53   65   50    7    2   26   49   58   37   19   66   55
26   10    8   49   28   55   19    7   32    3    2   14    4   18   42   20   44   30   24    6   41   68   15   57   43   17   66   63   53   22    9   27   59    5   46   21   38   34   10   12   40   52   69   35   61   31   60   23   47   50   13   58
27   10   46   40    9   61   45   68   44   25   39   30   43   17   20   14   21   34   41    3   12   42   62    6   32   33   28   18    8   54   60    4   52    7   26    2   10   53   49    5   67   48   56   19   51   50   55   11   66   65   58   37
28   10    8   26    3   49   14   32   20    7   55   30   44   19    2   42   18    4   68   41    6   43   17   24   27   15    9   57   46   66   53   63   40   21   34   22   61   12    5   59   10   52   45   60   38   39   33   25   50   69   47   58
29   10   13   70   31   69   36   23   38    1   59   35   22   16   47   63   66   37   58   57   53    5   15   50   24   10   52    4    6   18    2   51   60   42    7   41   19   65   56   12   32   64   43   33   17   21    3   34   67   11   26    8
30   10   20   14   44   68   28    3   27    8   46   32   43    9   42   41   26   17   49   40   18    6    7   61    4   55    2   45   21   19   34   25   39   12   53   60   33   52   24    5   62   10   57   66   15   54   63   22   50   59   51   67
31   10   69   13   70   29   38   59   35   23   22   63   36    1   66   47   16   57   15   37   58   24   53    5   50   10    4    2   18   52    6    7   19   42   41   51   60   32   12   65    3   43   56   17   26   33   21   34    8   64   67   28
32   10    3    7    8   42   18    2    4   28   26   19    6   41   14   44   49   68   20   43   30   55   24   17   57   15   53   66   63    9   22    5   27   21   34   59   12   10   52   38   46   40   60   61   50   69   47   33   58   23   37   31
33   10   12   54   60   34   21   67   62   48   52   56   51   11   10   65   17   50    5   43   61    9   53   40   39   41   58   37    6   45   68   64   42   27   47   44   25   46   18   16    4   66   23    3   22   32    1   38   63    2   30   36
34   10   21   12   33   17   60   43    9   54   62   61   52   40   41   10   67   39    6   68    5   48   56   51   45   27   53   44   50   42   46   11   65   25   18   58    4   37    3   32   30   14   47   66    2   20    7   16   22    8   28   63
35   10   69   31   70   59   13   29   38   63   22   57   23   66   15   36   24    1   47   16   53   37   58    2    4    5   19   18    7   50   10    6   42   52   32   41    3   26   51    8   60   43   12   17   28   49   65   55   21   56   44   34
36   10    1   23   29   16   13   47   70   31   38   69   37   58   59   22   35   63   66   50    5   53   10   57   52   51   15   24   65   60    6   56    4   64   18   12    2   41   42   11   33   67    7   21   34   17   19   48   43   32   54    3
37   10   58   50   47   16    5   10   23    1   53   52   51   36   38   22   60   66   65   13   29   56   63   59   31   69   12   70   33   67    6   11   64   21   34   41   48   57   35   54   18    4   17   42   43   24   15    2   62    7   32    9
38   10   59   22   69   31   23   13   63   29   66   70   47    1   36   16   35   57   53   58   37    5   15   24   50   10    4   18   52    6    2   42    7   41   19   51   60   32   12   43   17   65    3   56   21   33   34    8   26   67   44   68
39   10   45   61   25   40   46    9   27   62   34   21   17   54   33   12   43   68   44   60   48   67   30   41   52    6   56   20   11   14   42   10   51    3    5   18   65   53   32   50    4   28    8    7   58    2   37   26   64   66   49   47
40   10   61   45    9   39   27   46   25   34   21   17   68   43   62   44   12   33   30   54   41   60   14   20    6   42   52    3   67   48   18   10   32   56    5   28    4   53   51    8   11   50    7    2   65   26   58   49   37   66   19   47
41   10    6   42   43   18   17    4   68   44    3   32   53    2   21    7   34   12    9    5   52   10   14    8   60   28   30   66   27   20   33   19   26   40   50   61   63   57   22   24   46   58   15   37   49   59   54   47   51   38   45   62
42   10   18    6   41    4   32    3    2    7   43   44   68   17    8   28   53   14   19   26   66   30    5   24   20   57    9   21   34   12   10   63   49   52   15   22   60   27   59   55   50   38   40   33   61   58   46   47   37   23   69   51
43   10   17   41   68   44    9    6   21   42   34   12   18    3   27   40   61    4   32   60   52   30   14   53   33   46   10    5    2   20    7   45    8   28   39   54   62   50   66   25   26   51   19   67   58   56   37   63   22   48   49   57
44   10   68   30   14   43    3   20   41   17   42    9   32   27   28    6    8   18   46    4   40    7   21   26    2   61   34   49   12   45   19   39   53   25   55   60   52   33    5   10   66   62   24   57   54   15   63   50   22   51   58   59
45   10   39   25   40   61   46   27    9   62   34   21   17   68   43   44   12   54   33   30   41   60   20   14   48    6   67   42   52    3   56   10   18   32   11   51    5   28   53    4    8   65   50    7    2   26   58   49   37   66   19   47
46   10   27   40   45    9   61   25   39   68   44   30   17   43   20   34   21   14   41   62   12    3   42   33    6   54   28   32   60    8   18    4   52    7   26   10    2   67   49   48   53    5   56   51   50   19   55   11   65   66   58   37
47   10   16   23   37   58    1   36   38   50    5   13   22   29   53   66   10   31   59   69   63   70   52   51   35   60   57   65    6   56   12    4   18   15   24   41   33   42   67    2   64   21   11   34   17   43    7   48   54   32   19    3
48   10   67   11   54   56   65   33   51   62   60   12   52   34   64   21   10   50    5   58   37   61   17   39    9   53   40   43   45   47   41   16    6   25   27   68   46   23    1   42   44   18   66   36   22   38    4   63   59   13    3   29
49   10   55   26   28    8   19    3   32   14    7   20    2   30    4   18   42   44   68   24   41    6   15   57   43   17   27   66    9   63   53   46   22   59   40   21   34    5   38   12   61   10   52   35   69   45   31   60   23   47   39   50
50   10   10   58   37    5   52   51   47   53   60   16   65   56   12   23   33    1   67   11   66   38   36   22   21   34   48    6   54   63   64   59   41   13   17   29   31   43   69   18   42    4   70   62   57    2    9   35   24   15   68   32
51   10   56   65   50   60   52   67   11   10   33   48   58   37    5   12   54   64   34   21   53   47   16   62   17   23    1    6   43   41   36   66   38   22    9   63   61   42   13   29   59   18    4   40   31   69   39   68   70   44   45   57
52   10   10   60    5   50   12   51   53   33   58   37   21   56   34   65   67   54   17   47    6   41   43   48   11   16   66   62   42   23   18   22    4    9   38    1   63   64   59   36   68   61   44   40   13    2   29   32   69   31    3   57
53   10    5   10   66   52   50    6   58   37   47   22   63   41   18   38    4   60   23   42   16   59   12   17   43   57   51    2    1   21   34   69   31   13   33   36   29   24    7   32   15   56   70    3   65   68   44   35   19   67   54    9
54   10   33   62   67   48   12   60   56   34   11   21   51   65   52   61   10   39   17   50    9   40    5   43   45   64   58   53   41   25   37    6   27   46   68   44   42   47   16   18    4   66   23    3    1   22   32   30   38   63   14    2
55   10   49   26    8   28   19    7   32    3   14   20    2   30    4   18   42   24   44   15   68   57    6   41   43   17   66   63   27   22    9   53   59   46   38    5   21   40   35   34   69   12   10   61   31   52   45   23   60   13   47   70
56   10   65   67   51   11   48   60   33   54   52   50   12   64   10   62    5   34   58   37   21   53   47   16   17   43   61    6   41    1   23    9   39   40   36   66   38   22   42   45   18   63   68    4   13   59   29   27   44   25   31   69
57   10   15   24   63   66   59   22    2    4   38   19   69   35    7   31   18   53   13   70    6   42   23   29   32   47   41    5   26    3    1    8   16   36   58   37   10   28   50   49   52   43   55   17   44   14   68   60   12   21   34   20
58   10   37   50   47   16    5   10   23   53   52    1   51   36   38   60   22   66   65   13   29   56   63   59   31   69   12   70   33    6   67   11   64   21   34   41   48   18   57   54    4   35   17   42   43   24   15    2   62    7   32    9
59   10   22   63   38   69   66   31   13   35   57   70   29   23   15   47   24    1   36   53   16   58   37    5    4    2   18   50   10    6    7   19   42   52   41   32    3   60   51   43   12   17   26    8   21   28   34   65   33   44   56   68
60   10   52   12   33   10   51   21   34   56   54   50    5   67   48   65   53   11   17   62   58   37   43   41    6    9   47   61   42   16   40   18   64   68   66   39    4   23   44   22   45    1   38   63   27   59   32   36    3   46    2   25
61   10   40   39   45    9   25   27   46   34   21   62   17   43   68   12   33   54   44   60   41   30    6   52   67   48   42   14   20   10   56    3   18   51    5   11   32   53    4   50   65   28    8    7    2   58   37   26   66   49   47   19
62   10   54   33   48   34   21   67   12   61   39   60   40   56   11   45    9   17   51   25   52   65   43   10   27   46   50    5   41   68    6   53   44   64   58   37   42   18   30   47    4    3   16   14   32   20   66    2   23   22    7    1
63   10   22   66   59   38   57   69   31   15   24   23   13   35   29   53   70   47    4    1   16    2    5   36   18   58   37    6    7   10   42   19   50   41   52   32    3   43   60   17   26    8   12   51   28   21   44   34   68   33   49   56
64   10   65   11   56   51   67   48   50   37   58   60   54   52   33   10   16    5   47   12   62    1   36   23   34   53   21   38   29   13   17   22   66   31    6   70   69   43   59   63   41   61    9   39   40   42   18    4   45   35   57   68
65   10   56   51   11   67   48   64   50   60   52   33   54   10   58   37   12    5   62   34   21   16   47   53    1   23   17   36   43    6   41   38   66   22   61    9   13   29   63   39   40   59   42   31   18   69    4   70   45   68   44   27
66   10   63   22   59   38   57   53   69   23   31   24   15   47    4   13    5   29   18   35    2   70    6   16   58   37    1   10   36   42    7   50   41   52   19   32    3   43   60   17   12   51    8   26   21   34   44   28   68   33   56   65
67   10   48   56   11   54   65   33   51   60   62   12   52   34   21   64   50   10    5   58   37   17   53   61   43   39    9   47   40   16   41    6   45   25   23    1   42   68   27   66   18   46   36   44   22   38    4   63   59   13   29    3
68   10   44   43   30   17    9   14   41   27    3   42   20    6   32   46   40   18   28    8   61   21   34    4    7   45   12    2   26   39   49   25   53   60   33   52   19    5   10   62   55   54   66   24   50   57   63   15   22   51   67   58
69   10   31   13   70   38   29   59   35   22   23   63   36   66    1   47   16   57   15   24   37   58   53    5   50   10    4    2   18    6   52    7   19   42   41   51   32   60   12    3   43   65   17   56   26    8   21   33   34   28   44   67
70   10   29   31   13   69   35   38   36   23   59    1   22   63   16   47   66   57   37   58   15   24   53    5   50   10    4    2   52   18    6    7   19   51   42   41   60   32   65   12   56    3   43   17   33   64   21   26   34    8   67   11
    1    1    3    3    2    3    2    3    2    3    3    3    2    2    3    3    3    1    1    1    1    3    1    2    1    3    3    1    3    3    2    2    2    2    1    1    3    3    1    1    1    1    1    2    3    2    3    3    1    1    2    2    3    1    2    3    3    1    3    1    1    2    1    2    1    3    2    1    1    2



1
2
3
4
5
6
7
8
9
10
11
12
13
14
15
16
17
18
19
20
21
22
23
24
25
26
27
28
29
30
31
32
33
34
35
36
37
38
39
40
41
42
43
44
45
46
47
48
49
50
51
52
53
54
55
56
57
58
59
60
61
62
63
64
65
66
67
68
69
70
-1
