574

1 6.29570e+02 6.80860e+02
2 7.56500e+02 7.72700e+02
3 7.81890e+02 7.72700e+02
4 8.07300e+02 7.72700e+02
5 1.01051e+03 8.99710e+02
6 1.03590e+03 8.74300e+02
7 1.09061e+03 9.21190e+02
8 1.09061e+03 9.71990e+02
9 1.09061e+03 9.97400e+02
10 1.11211e+03 1.00131e+03
11 1.23910e+03 1.10289e+03
12 1.36609e+03 1.00131e+03
13 1.46770e+03 9.75900e+02
14 1.59859e+03 9.97400e+02
15 1.70020e+03 1.14980e+03
16 1.70020e+03 1.17520e+03
17 1.63670e+03 1.22600e+03
18 1.59859e+03 1.25141e+03
19 1.54391e+03 1.30609e+03
20 1.53119e+03 1.22990e+03
21 1.64551e+03 1.30609e+03
22 1.64939e+03 1.37840e+03
23 1.62400e+03 1.42920e+03
24 1.62400e+03 1.45461e+03
25 1.59859e+03 1.50539e+03
26 1.54391e+03 1.50930e+03
27 1.51850e+03 1.43311e+03
28 1.37000e+03 1.50539e+03
29 1.34070e+03 1.50930e+03
30 1.39150e+03 1.43311e+03
31 1.41689e+03 1.30609e+03
32 1.45500e+03 1.28070e+03
33 1.40811e+03 1.22600e+03
34 1.37000e+03 1.25141e+03
35 1.34461e+03 1.25141e+03
36 1.21760e+03 1.35301e+03
37 1.16680e+03 1.35301e+03
38 1.15410e+03 1.27680e+03
39 1.09061e+03 1.31490e+03
40 1.06520e+03 1.32760e+03
41 1.03980e+03 1.35301e+03
42 1.03590e+03 1.30609e+03
43 1.02320e+03 1.28070e+03
44 8.83500e+02 1.10289e+03
45 8.58110e+02 1.06480e+03
46 8.11190e+02 1.04820e+03
47 7.05700e+02 1.00131e+03
48 6.33400e+02 9.21190e+02
49 6.33400e+02 9.97400e+02
50 6.54900e+02 1.02670e+03
51 6.58810e+02 1.04820e+03
52 6.58810e+02 1.07359e+03
53 6.54900e+02 1.10289e+03
54 7.56500e+02 1.15369e+03
55 7.60390e+02 1.17520e+03
56 8.61990e+02 1.30221e+03
57 7.60390e+02 1.27680e+03
58 6.58810e+02 1.35301e+03
59 7.09610e+02 1.53080e+03
60 7.35000e+02 1.58160e+03
61 6.20700e+02 1.68320e+03
62 6.58810e+02 1.73400e+03
63 6.58810e+02 1.78480e+03
64 6.08010e+02 1.79750e+03
65 6.54900e+02 1.89029e+03
66 7.05700e+02 1.91570e+03
67 7.56500e+02 1.91570e+03
68 7.56500e+02 1.89029e+03
69 7.81890e+02 1.89029e+03
70 8.36600e+02 1.88641e+03
71 7.81890e+02 1.83949e+03
72 7.56500e+02 1.78869e+03
73 7.81890e+02 1.76330e+03
74 8.07300e+02 1.76330e+03
75 7.81890e+02 1.71250e+03
76 7.56500e+02 1.66170e+03
77 8.07300e+02 1.66170e+03
78 8.32700e+02 1.58551e+03
79 8.96190e+02 1.42039e+03
80 9.59710e+02 1.34420e+03
81 9.63590e+02 1.40381e+03
82 9.63590e+02 1.45461e+03
83 1.01051e+03 1.48391e+03
84 1.03590e+03 1.48391e+03
85 1.13750e+03 1.53471e+03
86 1.13750e+03 1.48391e+03
87 1.21369e+03 1.45850e+03
88 1.26840e+03 1.50539e+03
89 1.26840e+03 1.55619e+03
90 1.31529e+03 1.58551e+03
91 1.36609e+03 1.58551e+03
92 1.37000e+03 1.63240e+03
93 1.34461e+03 1.63240e+03
94 1.34461e+03 1.68320e+03
95 1.31920e+03 1.78480e+03
96 1.14141e+03 1.93721e+03
97 1.03980e+03 1.91180e+03
98 1.01051e+03 1.90301e+03
99 1.06131e+03 1.83949e+03
100 1.11211e+03 1.86490e+03
101 1.11211e+03 1.81410e+03
102 1.18830e+03 1.78869e+03
103 1.21369e+03 1.78869e+03
104 1.23910e+03 1.76330e+03
105 1.21369e+03 1.71250e+03
106 1.23910e+03 1.71250e+03
107 1.21369e+03 1.66170e+03
108 1.16680e+03 1.63240e+03
109 1.19221e+03 1.58160e+03
110 1.16680e+03 1.56891e+03
111 1.06131e+03 1.66170e+03
112 1.03980e+03 1.63240e+03
113 9.63590e+02 1.70859e+03
114 9.38200e+02 1.75939e+03
115 8.74710e+02 1.78480e+03
116 8.83500e+02 1.81410e+03
117 9.08910e+02 1.81410e+03
118 9.59710e+02 1.78869e+03
119 9.85100e+02 1.78869e+03
120 9.85100e+02 1.76330e+03
121 1.01439e+03 1.75939e+03
122 1.01439e+03 1.78480e+03
123 9.89000e+02 1.83561e+03
124 9.38200e+02 1.96260e+03
125 8.87400e+02 1.94990e+03
126 8.61990e+02 1.93721e+03
127 7.09610e+02 2.06420e+03
128 5.95290e+02 2.16580e+03
129 4.91990e+02 2.21480e+03
130 5.14490e+02 2.29730e+03
131 8.70800e+02 2.04270e+03
132 9.12790e+02 2.01340e+03
133 9.12790e+02 2.06420e+03
134 9.97790e+02 2.18240e+03
135 1.03590e+03 2.11891e+03
136 1.03590e+03 2.09350e+03
137 1.08670e+03 2.08080e+03
138 1.09939e+03 2.05539e+03
139 1.11211e+03 2.03000e+03
140 1.14141e+03 2.08961e+03
141 1.18830e+03 2.14430e+03
142 1.26449e+03 2.11891e+03
143 1.28990e+03 2.14430e+03
144 1.35340e+03 2.10619e+03
145 1.30260e+03 2.00461e+03
146 1.39150e+03 2.08080e+03
147 1.44230e+03 2.04270e+03
148 1.46770e+03 2.04270e+03
149 1.49311e+03 2.04270e+03
150 1.52240e+03 2.02609e+03
151 1.51850e+03 2.11891e+03
152 1.56930e+03 2.04270e+03
153 1.56930e+03 1.89029e+03
154 1.59471e+03 1.81410e+03
155 1.57320e+03 1.78480e+03
156 1.52240e+03 1.83561e+03
157 1.49699e+03 1.88641e+03
158 1.47160e+03 1.88641e+03
159 1.44619e+03 1.88641e+03
160 1.49311e+03 1.81410e+03
161 1.46770e+03 1.78869e+03
162 1.49311e+03 1.78869e+03
163 1.51850e+03 1.78869e+03
164 1.54391e+03 1.73789e+03
165 1.59471e+03 1.61090e+03
166 1.76369e+03 1.78480e+03
167 1.70020e+03 1.78480e+03
168 1.64551e+03 1.94109e+03
169 1.72170e+03 1.99189e+03
170 1.77250e+03 1.96650e+03
171 1.79789e+03 1.96650e+03
172 1.83600e+03 1.96650e+03
173 1.86141e+03 1.89029e+03
174 1.88680e+03 1.89029e+03
175 1.84869e+03 1.81410e+03
176 1.87410e+03 1.81410e+03
177 1.89949e+03 1.81410e+03
178 1.95029e+03 1.78869e+03
179 1.97570e+03 1.78869e+03
180 1.97570e+03 1.83949e+03
181 2.00109e+03 1.83949e+03
182 2.05189e+03 1.83949e+03
183 2.05189e+03 1.78869e+03
184 2.02650e+03 1.73789e+03
185 2.07730e+03 1.71250e+03
186 2.12811e+03 1.68711e+03
187 2.20430e+03 1.73789e+03
188 2.20430e+03 1.78869e+03
189 2.38211e+03 1.63631e+03
190 2.44561e+03 1.58551e+03
191 2.48369e+03 1.58551e+03
192 2.52570e+03 1.58160e+03
193 2.47490e+03 1.55619e+03
194 2.44949e+03 1.55619e+03
195 2.38600e+03 1.53080e+03
196 2.36061e+03 1.53080e+03
197 2.38211e+03 1.47119e+03
198 2.36061e+03 1.40381e+03
199 2.33520e+03 1.40381e+03
200 2.29320e+03 1.35689e+03
201 2.33131e+03 1.33150e+03
202 2.29711e+03 1.27680e+03
203 2.24631e+03 1.27680e+03
204 2.19551e+03 1.35301e+03
205 2.15740e+03 1.40381e+03
206 2.15740e+03 1.42920e+03
207 2.20820e+03 1.48000e+03
208 2.08119e+03 1.60699e+03
209 2.03039e+03 1.65779e+03
210 1.95420e+03 1.73400e+03
211 1.90340e+03 1.70859e+03
212 1.82721e+03 1.63240e+03
213 1.77641e+03 1.73400e+03
214 1.77250e+03 1.71250e+03
215 1.74711e+03 1.63631e+03
216 1.77250e+03 1.53471e+03
217 1.77250e+03 1.50930e+03
218 1.74711e+03 1.43311e+03
219 1.69631e+03 1.38230e+03
220 1.77250e+03 1.30609e+03
221 1.77250e+03 1.25529e+03
222 1.75980e+03 1.22990e+03
223 1.89949e+03 1.28070e+03
224 1.92490e+03 1.28070e+03
225 1.95029e+03 1.28070e+03
226 1.96689e+03 1.32760e+03
227 1.94150e+03 1.34029e+03
228 1.92881e+03 1.40381e+03
229 1.90340e+03 1.40381e+03
230 1.87801e+03 1.40381e+03
231 1.90340e+03 1.48000e+03
232 1.96689e+03 1.60699e+03
233 1.93760e+03 1.61090e+03
234 1.97570e+03 1.53471e+03
235 2.02650e+03 1.48391e+03
236 2.00500e+03 1.45461e+03
237 2.05189e+03 1.45850e+03
238 2.12811e+03 1.50930e+03
239 2.12811e+03 1.45850e+03
240 2.08119e+03 1.40381e+03
241 2.00500e+03 1.35301e+03
242 2.07730e+03 1.28070e+03
243 2.14080e+03 1.28070e+03
244 2.19160e+03 1.22990e+03
245 2.22971e+03 1.22990e+03
246 2.25510e+03 1.22990e+03
247 2.29320e+03 1.22990e+03
248 2.35670e+03 1.28070e+03
249 2.35670e+03 1.33150e+03
250 2.40750e+03 1.36961e+03
251 2.50910e+03 1.38230e+03
252 2.52180e+03 1.35689e+03
253 2.53449e+03 1.38230e+03
254 2.58529e+03 1.33150e+03
255 2.81391e+03 1.48391e+03
256 2.85199e+03 1.45850e+03
257 2.79240e+03 1.53080e+03
258 2.76699e+03 1.53080e+03
259 2.73770e+03 1.57279e+03
260 2.76311e+03 1.58551e+03
261 2.79240e+03 1.58160e+03
262 2.67811e+03 1.69590e+03
263 2.66541e+03 1.75939e+03
264 2.73770e+03 1.82680e+03
265 2.78850e+03 1.78869e+03
266 2.86859e+03 1.86100e+03
267 2.91551e+03 1.86490e+03
268 2.94480e+03 1.88641e+03
269 2.99561e+03 1.97529e+03
270 2.89400e+03 1.97529e+03
271 2.81779e+03 1.97529e+03
272 2.72891e+03 1.93721e+03
273 2.72891e+03 1.88641e+03
274 2.65270e+03 1.87369e+03
275 2.62340e+03 1.87760e+03
276 2.61461e+03 1.83561e+03
277 2.58529e+03 1.81410e+03
278 2.58920e+03 1.78480e+03
279 2.53840e+03 1.81020e+03
280 2.51301e+03 1.78480e+03
281 2.38600e+03 1.86100e+03
282 2.25900e+03 1.96260e+03
283 2.22090e+03 1.93721e+03
284 2.18279e+03 1.92449e+03
285 2.00500e+03 1.93721e+03
286 1.97961e+03 2.03881e+03
287 1.95420e+03 2.03881e+03
288 1.91609e+03 2.07689e+03
289 1.85260e+03 2.14039e+03
290 1.82721e+03 2.16580e+03
291 1.81449e+03 2.22930e+03
292 1.87410e+03 2.15699e+03
293 1.95029e+03 2.09350e+03
294 2.00109e+03 2.09350e+03
295 2.05189e+03 2.11891e+03
296 2.08119e+03 2.11500e+03
297 2.08119e+03 2.19119e+03
298 2.15350e+03 2.19510e+03
299 2.22971e+03 2.25859e+03
300 2.33131e+03 2.14430e+03
301 2.30980e+03 2.14039e+03
302 2.25900e+03 2.14039e+03
303 2.23359e+03 2.14039e+03
304 2.20820e+03 2.14039e+03
305 2.14471e+03 2.08961e+03
306 2.16619e+03 2.08080e+03
307 2.22971e+03 2.04270e+03
308 2.25510e+03 2.04270e+03
309 2.35670e+03 2.06811e+03
310 2.43680e+03 2.14039e+03
311 2.38211e+03 2.14430e+03
312 2.40750e+03 2.06811e+03
313 2.43289e+03 2.05539e+03
314 2.43289e+03 2.03000e+03
315 2.43680e+03 2.02609e+03
316 2.48369e+03 2.04270e+03
317 2.50910e+03 2.04270e+03
318 2.56381e+03 2.10230e+03
319 2.53840e+03 2.16580e+03
320 2.58529e+03 2.10619e+03
321 2.66150e+03 2.06811e+03
322 2.66150e+03 2.04270e+03
323 2.70350e+03 2.07689e+03
324 2.66150e+03 2.14430e+03
325 2.68689e+03 2.14430e+03
326 2.71619e+03 2.14039e+03
327 2.81391e+03 2.24590e+03
328 2.81391e+03 2.11891e+03
329 2.84320e+03 2.11500e+03
330 2.90279e+03 2.19510e+03
331 3.01711e+03 2.19510e+03
332 2.97900e+03 2.10619e+03
333 3.01711e+03 2.04270e+03
334 3.04250e+03 2.04270e+03
335 3.05520e+03 2.10619e+03
336 3.08061e+03 2.10619e+03
337 3.13141e+03 2.11891e+03
338 3.19490e+03 2.04270e+03
339 3.22029e+03 2.04270e+03
340 3.22029e+03 2.06811e+03
341 3.25840e+03 2.09350e+03
342 3.22420e+03 2.11500e+03
343 3.43350e+03 2.34529e+03
344 3.51600e+03 2.32279e+03
345 3.36000e+03 1.99189e+03
346 3.41080e+03 1.97920e+03
347 3.39811e+03 1.91570e+03
348 3.43619e+03 1.85221e+03
349 3.40199e+03 1.83561e+03
350 3.36000e+03 1.78869e+03
351 3.39811e+03 1.78869e+03
352 3.39811e+03 1.71250e+03
353 3.37270e+03 1.59820e+03
354 3.39811e+03 1.59820e+03
355 3.42350e+03 1.58551e+03
356 3.42350e+03 1.48391e+03
357 3.37660e+03 1.40381e+03
358 3.35119e+03 1.45461e+03
359 3.30041e+03 1.53080e+03
360 3.30041e+03 1.58160e+03
361 3.24961e+03 1.63240e+03
362 3.27109e+03 1.66170e+03
363 3.29650e+03 1.66170e+03
364 3.32580e+03 1.70859e+03
365 3.27500e+03 1.73400e+03
366 3.30041e+03 1.78480e+03
367 3.33850e+03 1.83561e+03
368 3.32580e+03 1.86100e+03
369 3.33850e+03 1.91180e+03
370 3.30041e+03 1.98801e+03
371 3.30041e+03 2.03881e+03
372 3.23301e+03 2.01730e+03
373 3.20760e+03 1.95381e+03
374 3.23301e+03 1.94109e+03
375 3.23301e+03 1.87760e+03
376 3.23301e+03 1.80141e+03
377 3.17340e+03 1.81020e+03
378 3.17340e+03 1.88641e+03
379 3.09330e+03 1.96650e+03
380 3.13141e+03 1.91570e+03
381 3.10600e+03 1.86490e+03
382 3.09330e+03 1.78869e+03
383 3.04641e+03 1.72131e+03
384 3.00830e+03 1.73400e+03
385 3.02100e+03 1.78480e+03
386 2.94480e+03 1.75939e+03
387 2.89400e+03 1.78480e+03
388 2.86859e+03 1.78480e+03
389 2.84320e+03 1.78480e+03
390 2.86471e+03 1.73789e+03
391 2.89010e+03 1.61090e+03
392 2.94090e+03 1.56010e+03
393 2.99170e+03 1.53471e+03
394 3.04641e+03 1.48000e+03
395 2.91551e+03 1.40770e+03
396 2.86471e+03 1.34420e+03
397 2.89010e+03 1.34420e+03
398 2.94090e+03 1.30609e+03
399 2.94090e+03 1.26801e+03
400 3.00439e+03 1.22990e+03
401 3.04250e+03 1.20449e+03
402 3.03369e+03 1.27680e+03
403 3.05520e+03 1.35689e+03
404 3.10600e+03 1.35689e+03
405 3.14801e+03 1.45461e+03
406 3.10990e+03 1.58160e+03
407 3.16949e+03 1.59820e+03
408 3.16949e+03 1.56010e+03
409 3.16949e+03 1.53471e+03
410 3.19490e+03 1.50930e+03
411 3.23301e+03 1.50930e+03
412 3.27500e+03 1.40381e+03
413 3.22420e+03 1.37840e+03
414 3.19881e+03 1.37840e+03
415 3.19490e+03 1.35689e+03
416 3.18221e+03 1.33150e+03
417 3.19490e+03 1.26801e+03
418 3.17340e+03 1.25141e+03
419 3.12260e+03 1.22600e+03
420 3.14410e+03 1.20449e+03
421 3.16949e+03 1.17910e+03
422 3.20760e+03 1.16641e+03
423 3.24570e+03 1.15369e+03
424 3.27109e+03 1.15369e+03
425 3.24961e+03 1.22600e+03
426 3.28381e+03 1.28070e+03
427 3.30920e+03 1.21721e+03
428 3.34730e+03 1.20449e+03
429 3.45279e+03 1.11170e+03
430 3.32580e+03 9.97400e+02
431 3.30041e+03 9.97400e+02
432 3.27500e+03 1.02279e+03
433 3.22420e+03 9.97400e+02
434 3.24570e+03 9.50510e+02
435 3.30920e+03 7.72700e+02
436 3.34730e+03 7.72700e+02
437 3.49199e+03 6.83010e+02
438 3.53699e+03 6.83010e+02
439 3.56400e+03 7.10000e+02
440 3.46344e+03 6.83010e+02
441 3.12260e+03 9.21190e+02
442 3.02100e+03 9.71990e+02
443 3.06789e+03 1.00131e+03
444 3.09330e+03 1.00131e+03
445 3.14410e+03 1.00131e+03
446 3.17340e+03 1.04820e+03
447 3.09721e+03 1.02279e+03
448 3.02100e+03 1.07359e+03
449 2.99561e+03 1.14980e+03
450 2.94090e+03 1.09020e+03
451 2.90279e+03 1.02670e+03
452 2.92820e+03 9.63200e+02
453 2.96631e+03 8.74300e+02
454 2.85590e+03 9.71990e+02
455 2.86859e+03 9.97400e+02
456 2.89400e+03 1.09900e+03
457 2.79240e+03 1.14980e+03
458 2.83051e+03 1.21330e+03
459 2.80510e+03 1.21330e+03
460 2.84320e+03 1.27680e+03
461 2.83051e+03 1.32760e+03
462 2.80510e+03 1.32760e+03
463 2.79240e+03 1.27680e+03
464 2.69961e+03 1.29340e+03
465 2.69961e+03 1.21721e+03
466 2.64000e+03 1.17520e+03
467 2.66150e+03 1.09020e+03
468 2.71619e+03 1.07359e+03
469 2.66541e+03 1.04820e+03
470 2.58920e+03 1.09900e+03
471 2.57260e+03 1.02670e+03
472 2.57650e+03 9.46600e+02
473 2.55109e+03 1.02279e+03
474 2.50029e+03 1.09900e+03
475 2.53840e+03 1.20061e+03
476 2.51301e+03 1.20061e+03
477 2.38211e+03 1.05211e+03
478 2.39480e+03 1.02670e+03
479 2.39480e+03 1.00131e+03
480 2.42020e+03 9.75900e+02
481 2.43289e+03 8.99710e+02
482 2.49641e+03 8.36190e+02
483 2.53449e+03 8.23500e+02
484 2.55990e+03 8.23500e+02
485 2.61070e+03 8.36190e+02
486 2.73770e+03 8.23500e+02
487 2.76311e+03 8.23500e+02
488 2.78850e+03 8.23500e+02
489 2.83930e+03 8.23500e+02
490 2.88461e+03 6.76600e+02
491 2.88961e+03 6.71600e+02
492 2.88668e+03 6.74510e+02
493 2.63061e+03 6.76600e+02
494 2.63270e+03 6.74510e+02
495 2.63561e+03 6.71600e+02
496 2.65912e+03 6.06800e+02
497 2.40971e+03 6.83010e+02
498 2.29326e+03 6.80860e+02
499 2.29035e+03 6.77950e+02
500 2.22342e+03 6.80860e+02
501 2.22051e+03 6.77950e+02
502 2.17262e+03 6.80860e+02
503 2.16971e+03 6.77950e+02
504 2.09350e+03 6.77950e+02
505 2.09641e+03 6.80860e+02
506 2.31859e+03 8.74300e+02
507 2.34789e+03 9.08500e+02
508 2.28439e+03 8.70390e+02
509 2.25900e+03 8.70390e+02
510 2.24631e+03 8.95800e+02
511 2.17010e+03 8.83110e+02
512 2.23359e+03 9.21190e+02
513 2.33131e+03 1.02670e+03
514 2.36061e+03 1.02279e+03
515 2.39869e+03 1.07359e+03
516 2.37330e+03 1.09900e+03
517 2.38600e+03 1.12439e+03
518 2.34789e+03 1.14980e+03
519 2.30980e+03 1.14980e+03
520 2.18279e+03 1.07359e+03
521 2.19551e+03 1.14980e+03
522 2.13199e+03 1.14980e+03
523 2.06850e+03 1.14980e+03
524 2.03039e+03 1.14980e+03
525 1.91221e+03 1.15369e+03
526 1.92881e+03 1.02279e+03
527 1.90340e+03 1.02279e+03
528 1.85260e+03 1.07359e+03
529 1.72170e+03 1.00131e+03
530 1.77250e+03 1.00131e+03
531 1.82330e+03 1.01400e+03
532 1.82330e+03 9.88590e+02
533 1.86141e+03 9.50510e+02
534 1.92881e+03 8.95800e+02
535 1.86529e+03 9.21190e+02
536 1.74711e+03 8.99710e+02
537 1.74711e+03 8.74300e+02
538 1.74711e+03 8.48910e+02
539 1.74711e+03 8.23500e+02
540 1.74711e+03 7.98110e+02
541 1.70020e+03 7.94200e+02
542 1.70020e+03 8.19610e+02
543 1.64939e+03 7.94200e+02
544 1.64939e+03 8.70390e+02
545 1.62400e+03 8.95800e+02
546 1.51850e+03 8.99710e+02
547 1.53119e+03 8.74300e+02
548 1.54391e+03 8.48910e+02
549 1.52240e+03 8.19610e+02
550 1.47160e+03 8.70390e+02
551 1.42080e+03 8.57700e+02
552 1.39539e+03 8.45000e+02
553 1.39539e+03 8.95800e+02
554 1.34461e+03 8.95800e+02
555 1.21760e+03 9.08500e+02
556 1.16680e+03 8.70390e+02
557 1.14141e+03 8.57700e+02
558 1.13750e+03 8.99710e+02
559 1.21760e+03 8.19610e+02
560 1.15410e+03 7.94200e+02
561 1.06520e+03 7.68810e+02
562 1.03980e+03 7.81500e+02
563 1.01439e+03 7.94200e+02
564 8.26410e+02 6.80860e+02
565 8.23500e+02 6.77950e+02
566 7.50210e+02 6.80860e+02
567 7.47300e+02 6.77950e+02
568 6.67660e+02 6.80860e+02
569 6.64750e+02 6.77950e+02
570 6.52700e+02 6.06800e+02
571 4.91990e+02 7.55000e+02
572 4.91990e+02 7.10000e+02
573 5.19000e+02 6.83010e+02
574 6.26640e+02 6.77950e+02


1   10  574  569  568  570  573  567  566  572  571    2
2   10    3    4  566  567  564  565  568  569    1  574
3   10    2    4  566  567  564  565  568  569    1  574
4   10    3    2  564  565  566  567  568  569    1  574
5   10    6    7  563    8  562    9  558  557  561   10
6   10    5    7  563  562  558  557  561    8  556    9
7   10    8  558    6    9  557    5   10  556  555  560
8   10    9   10    7  558    5    6  557  556  555  560
9   10   10    8    7  558    5    6  556  557  555   11
10   10    9    8    7  558  555  556    5  557    6   11
11   10   12   10    9   35   38  555    8   34   33  558
12   10   13  554  553  551  552   11  550  555  546  547
13   10  546   12  550  553  547  551   14  554  548  552
14   10  545  529  546   13  544  547  548  530  536  550
15   10   16   17  222  221   18  529  530   21  528  220
16   10   15  222   17  221   18   21  220  529   20  528
17   10   18   21   16   15   20   19  222  221   22  220
18   10   17   20   21   19   16   22   15   32  222  219
19   10   20   18   32   21   17   31   22   27   23   33
20   10   18   19   32   17   33   31   21   34   16   15
21   10   18   22   17  219   19   23  220  221  222   20
22   10  219   23   21   24  218   19   25   18   27  220
23   10   24   22   25  219   27   26  218   21   19  217
24   10   23   25   22   26  219   27  218   21  217  165
25   10   26   24   23  165   27   22  219  218  217  216
26   10   25   27   24   23  165   22   30   28   91  219
27   10   26   23   24   25   30   19   22   31   32   28
28   10   29   30   91   90   88   89   92   93   87   27
29   10   28   88   91   90   89   30   93   92   87  109
30   10   28   29   27   31   88   91   32   90   26   89
31   10   32   34   33   35   19   30   20   27   18   36
32   10   31   33   34   20   19   35   18   30   27   17
33   10   34   35   32   31   20   19   18   30   11   12
34   10   35   33   31   32   20   19   30   36   11   38
35   10   34   33   31   32   36   11   30   20   38   37
36   10   37   38   87   39   86   40   88   35   41   34
37   10   36   38   39   40   87   41   86   42   43   88
38   10   39   37   36   40   42   43   41   87   35   11
39   10   40   42   41   38   43   37   36   80   81   86
40   10   39   41   42   43   38   37   80   81   36   84
41   10   40   42   39   43   80   81   37   82   84   83
42   10   43   40   41   39   80   81   38   37   82   56
43   10   42   40   41   39   80   38   81   37   56   82
44   10   45   46   54   55   56   47   57   43   52   53
45   10   44   46   54   55   47   52   51   53   50    5
46   10   45   44   47   54   55   51   52   50   53   49
47   10   50   51   49   52   48   53   46   54   45   55
48   10   49   50   47   51   52   53    2    3  571   46
49   10   50   51   47   48   52   53   46   54   55   45
50   10   51   49   52   47   53   48   46   54   55   45
51   10   50   52   53   49   47   48   54   46   55   45
52   10   51   53   50   49   47   54   55   46   48   45
53   10   52   51   50   49   47   54   55   46   48   57
54   10   55   53   46   57   52   45   44   51   47   50
55   10   54   57   53   46   44   52   45   51   56   50
56   10   57   80   79   81   43   55   42   54   82   41
57   10   55   56   54   58   79   53   80   44   52   45
58   10   57   59   55   56   54   60   79   53   52   78
59   10   60   78   76   77   61   58   75   62   79   73
60   10   59   76   78   77   75   61   62   73   74   72
61   10   62   63   64   76   60   75   72   59   73   77
62   10   63   61   64   72   76   75   73   74   65   71
63   10   62   64   72   65   61   73   71   66   75   68
64   10   63   62   65   61   72   66   68   73   71   67
65   10   66   68   64   67   63   69   71   72   62   73
66   10   67   68   65   69   71   70   72   63  127   64
67   10   68   69   66   71   70   65  126   72  125   73
68   10   69   67   71   66   70   65   72  126   73   74
69   10   68   67   71   70   66  126   72  125   73   65
70   10   69  126   71   68  125   67  116  117  115   72
71   10   69   72   68   70   73   74   67  116  115   66
72   10   73   74   71   75   63   68   69   62  115   70
73   10   74   72   75   71  115   76   77  116   63   62
74   10   73   72   75  115   71  116   77   76  117   70
75   10   73   76   77   74   72  115   62   71   78   60
76   10   77   75   60   73   78   74   62   72   61   59
77   10   76   75   78   74   73   60   72  115  113   59
78   10   77   60   76   59   75   79   74  113   73   82
79   10   81   82   80   56   83   84   41   78   42   43
80   10   81   41   42   43   79   56   40   82   39   83
81   10   82   80   79   41   83   84   42   40   43   56
82   10   81   83   79   84   80   41   40   42   86   56
83   10   84   82   81   86   79   41   85   80  112   40
84   10   83   82   86   81   85   41  112   79  110   40
85   10  110   86  109  108   87   84   89   88   83  112
86   10   85   87  110   84  109   83   88   37   89  108
87   10   88   86   36   85   89   37  110  109   29   90
88   10   89   87   29   90   28  109  110   91   86   85
89   10   88   90  109   29   91  110   93   87   28  107
90   10   91   93   89   92   29   88   28   94  109  107
91   10   92   90   93   28   29   94   89   88   30  107
92   10   93   91   94   90   29   89   28  106  107   95
93   10   92   94   91   90   89   29   28  106  107   88
94   10   93   92   91   90   95  106  104  107  105   89
95   10  104   94  103  106  105  102  161   93   92  107
96   10  100  139   97  138   99  101   98  140  137  102
97   10   98   99  100  123   96  124  101  122  119  139
98   10   97  123   99  124  100  119  122  118  125  101
99   10  101  100  122  123   97   98  119  121  120  118
100   10  101   99   96   97  102   98  122  123  103  121
101   10  100   99  102  122  103  121   97  123   96  119
102   10  103  104  105  101  106  100  107   95   99   96
103   10  102  104  105  106  101   95  107  100   99  108
104   10  103  106  102  105   95  107   94  101  108  100
105   10  106  107  104  103  102  108   95  109   94  101
106   10  105  104  107  103  102  108   95   94   93  109
107   10  105  108  106  109  110  104   89  103   90  102
108   10  107  109  110  105   85  106  111  112   89  104
109   10  110  108   85   89  107   88   86   90   87  105
110   10  109   85  108   86   89  107   88   87  111  112
111   10  112  121  113  108  120  122  110   85  119  107
112   10  111  113  108  121   85  120  110   84   83  122
113   10  114  120  121  118  119  122  112  111  115  117
114   10  118  120  119  113  117  115  121  116  122  123
115   10  116  117  114   74  118   73   71   70  119  120
116   10  117  115  114  118   70   74  119   71  123  120
117   10  116  115  118  114  119  123  120   70  122   74
118   10  119  120  114  122  123  117  121  113  116  115
119   10  120  118  122  121  123  114  117  113   99  116
120   10  119  121  118  122  114  113  123  117   99  115
121   10  122  120  119  118  113  114  123   99  111  101
122   10  121  119  120  118  123   99  114  113  101  117
123   10  119  118  122   98   99  120  121  117   97  114
124   10  125  132  126   98  131  133   97   70  123  117
125   10  126  124  132   70  131  133   69   98   67  116
126   10  125   70  124  132   69  131   67   68  116   71
127   10   66  128   67  131   68   65   69  126  133  132
128   10  129  127  130   66   65   67  131   68   69  133
129   10  130  128  127   65   66   67  131   68   64   69
130   10  129  128  127   66   65  131   67  133   68   69
131   10  133  132  125  124  126   70  127   67  136   69
132   10  133  131  124  125  126  136   98   70  135   97
133   10  131  132  124  125  136  135  126  134  137  138
134   10  135  136  137  133  138  140  131  132  139  141
135   10  136  137  134  138  140  139  133  141  132  131
136   10  135  137  138  134  139  140  133  132  141  124
137   10  138  136  140  139  135  141  134   96  133   97
138   10  139  137  140  136  135   96  141   97  134   98
139   10  138  137  140   96  136  135  141   97   98  100
140   10  138  137  139  141  136  135  142   96  143  134
141   10  140  142  143  137  138  139  135  136  144  145
142   10  143  141  144  145  140  146  139  138  137  147
143   10  142  144  141  146  145  140  147  148  138  139
144   10  146  143  142  147  145  148  149  151  141  150
145   10  144  146  142  143  147  148   96  141  140  159
146   10  144  147  148  149  145  143  151  142  150  152
147   10  148  149  146  150  151  144  152  145  159  158
148   10  147  149  150  146  151  152  144  158  159  157
149   10  148  150  147  152  151  146  144  157  158  159
150   10  149  152  148  147  151  146  157  153  158  168
151   10  149  152  148  150  147  146  144  168  143  157
152   10  150  149  151  148  147  168  153  169  157  146
153   10  156  157  154  168  158  155  160  163  159  162
154   10  155  156  153  163  164  160  162  167  157  161
155   10  154  163  164  156  162  160  153  161  167  157
156   10  160  163  162  157  158  155  153  161  154  159
157   10  158  159  156  160  153  162  163  161  154  155
158   10  157  159  156  160  153  161  162  163  154  155
159   10  158  157  160  156  161  162  163  153  147  148
160   10  162  163  161  156  157  158  155  159  164  154
161   10  162  160  163  156  164  158  159  157  155  154
162   10  163  161  160  156  164  155  157  158  154  159
163   10  162  160  156  161  155  164  154  157  158  153
164   10  155  163  162  154  160  161  156  165  153  157
165   10   25   26  164  215   24  155   23  216  163   27
166   10  213  167  214  175  176  177  173  215  211  174
167   10  166  213  214  154  155  175  215  164  168  153
168   10  169  153  152  170  154  150  171  157  156  167
169   10  170  171  168  172  152  173  153  174  289  150
170   10  171  169  172  173  168  174  175  288  166  176
171   10  170  172  169  173  174  168  175  288  176  287
172   10  171  170  173  174  169  288  287  175  176  286
173   10  174  176  175  172  177  171  170  180  178  166
174   10  173  177  176  175  172  180  171  178  181  285
175   10  176  177  173  174  166  178  213  211  214  180
176   10  177  175  173  174  178  180  179  211  210  166
177   10  176  175  178  174  180  179  173  210  181  211
178   10  179  210  180  177  181  176  184  211  183  175
179   10  178  180  181  210  184  183  177  182  176  211
180   10  181  179  178  182  177  183  285  174  176  210
181   10  180  182  179  183  178  285  177  184  210  174
182   10  181  183  180  179  184  285  178  185  210  177
183   10  182  184  181  179  185  180  178  210  186  209
184   10  183  185  179  210  209  178  182  181  180  186
185   10  184  186  209  183  208  210  179  182  187  188
186   10  185  187  208  209  184  188  183  182  238  232
187   10  188  186  185  183  184  208  182  284  209  283
188   10  187  186  284  185  283  183  182  282  184  281
189   10  190  194  195  196  191  193  192  197  280  187
190   10  194  191  193  192  195  189  196  197  198  280
191   10  193  190  192  194  195  189  196  197  280  251
192   10  191  193  190  194  195  189  196  197  262  253
193   10  194  191  190  192  195  196  189  197  251  253
194   10  193  190  191  195  192  196  189  197  198  251
195   10  196  197  194  190  193  189  191  198  199  192
196   10  195  197  194  190  189  193  198  199  191  207
197   10  195  196  198  199  250  194  193  190  249  200
198   10  199  250  197  249  201  200  248  196  195  202
199   10  198  200  201  249  250  197  248  196  202  195
200   10  201  199  249  202  198  203  204  248  250  247
201   10  249  200  248  202  199  198  250  203  247  246
202   10  247  203  248  246  201  200  249  245  244  204
203   10  246  245  202  247  244  204  200  201  243  248
204   10  205  206  243  203  200  244  240  239  202  207
205   10  206  239  204  240  207  238  237  243  200  242
206   10  205  239  207  240  204  238  237  235  243  200
207   10  206  239  238  205  204  199  240  200  237  196
208   10  209  186  185  238  232  234  235  184  233  237
209   10  208  185  184  232  186  233  210  183  234  211
210   10  178  211  179  184  177  180  209  183  176  181
211   10  210  178  233  177  212  179  176  175  232  184
212   10  215  214  211  216  233  213  217  232  210  166
213   10  214  166  167  215  175  212  176  211  177  210
214   10  213  166  215  212  167  175  211  176  177  216
215   10  212  214  213  216  217  166  165  167  211  233
216   10  217  218  215  212  231  230   24  219   25  214
217   10  216  218  215  231  212  219  230   24  229   23
218   10  219  217  216   22   23   24  220  230  229   21
219   10   22  218   23   21   24  220  217  221   25   18
220   10  221  222  219   21  223  218   22  230   16  224
221   10  222  220   16   15  223   21   17  219  224  525
222   10  221  220   16   15   17   21  223   18  219  525
223   10  224  225  227  226  229  230  228  525  241  220
224   10  225  223  227  226  241  228  229  525  230  242
225   10  224  226  223  227  241  228  242  229  525  230
226   10  227  241  225  224  223  228  229  230  242  236
227   10  226  225  224  241  228  223  229  230  236  231
228   10  229  230  227  231  226  236  241  224  225  235
229   10  230  228  227  231  226  236  241  223  224  225
230   10  229  228  231  227  226  223  224  218  236  241
231   10  229  230  228  234  236  235  217  233  216  232
232   10  233  234  209  208  211  210  235  212  231  184
233   10  232  234  211  209  212  210  231  208  235  184
234   10  235  232  233  236  231  237  208  209  228  229
235   10  237  236  234  240  238  239  231  228  241  208
236   10  235  237  234  240  228  241  231  229  239  227
237   10  235  236  240  239  238  234  206  241  205  228
238   10  239  207  206  237  235  208  205  240  236  234
239   10  206  238  205  240  237  207  235  236  204  208
240   10  237  239  205  206  236  241  235  238  242  204
241   10  226  227  225  240  228  236  242  224  229  237
242   10  243  241  226  240  244  225  523  204  524  522
243   10  242  244  204  245  203  205  246  522  240  521
244   10  245  246  243  203  521  522  247  202  204  242
245   10  246  244  203  247  202  521  243  519  522  204
246   10  245  247  203  202  244  519  521  248  518  243
247   10  246  202  245  203  248  519  518  244  201  249
248   10  249  201  202  247  200  250  203  246  198  199
249   10  201  248  250  200  198  199  202  247  203  197
250   10  198  249  199  201  251  248  197  252  200  253
251   10  253  252  254  250  198  197  249  199  193  476
252   10  253  251  254  250  476  475  249  198  197  248
253   10  251  252  254  250  198  197  475  476  193  249
254   10  252  253  251  464  475  476  465  466  250  463
255   10  256  257  258  261  260  259  395  392  391  396
256   10  255  395  257  258  396  397  461  392  261  462
257   10  258  261  255  260  259  256  391  392  395  393
258   10  257  259  260  261  255  256  391  392  262  395
259   10  260  258  261  257  255  262  391  256  263  392
260   10  259  261  258  257  255  391  262  256  392  390
261   10  260  257  259  258  255  391  256  392  262  390
262   10  263  278  259  260  264  265  277  276  261  274
263   10  262  278  276  277  264  274  275  265  279  273
264   10  273  265  274  263  272  389  276  275  266  388
265   10  389  264  388  390  387  266  273  263  262  267
266   10  267  388  389  387  268  265  270  390  271  386
267   10  268  266  387  388  389  386  270  385  269  390
268   10  267  266  270  269  387  385  388  386  389  271
269   10  333  334  379  270  268  332  267  335  380  336
270   10  271  269  268  267  266  333  329  332  334  328
271   10  270  272  266  273  329  328  267  323  268  264
272   10  273  271  274  264  275  322  323  321  276  266
273   10  272  264  274  275  265  276  271  266  263  389
274   10  275  276  273  277  264  272  278  263  279  265
275   10  274  276  277  278  273  279  272  264  263  280
276   10  277  275  274  278  279  263  280  264  273  272
277   10  278  276  279  275  280  274  263  262  264  273
278   10  277  279  276  280  263  275  274  262  264  273
279   10  280  277  278  276  275  274  263  281  262  264
280   10  279  278  277  276  275  281  263  274  262  189
281   10  280  279  282  315  314  283  188  313  277  316
282   10  283  308  284  307  309  306  281  305  302  303
283   10  284  282  307  308  188  306  305  281  309  182
284   10  283  282  307  188  308  182  306  305  285  187
285   10  181  180  286  182  287  174  173  179  183  294
286   10  287  294  293  288  285  295  296  292  172  289
287   10  286  288  293  294  285  295  172  292  289  296
288   10  293  287  286  294  289  292  290  172  295  171
289   10  292  290  288  291  293  287  294  286  172  171
290   10  289  292  291  288  293  287  294  286  172  171
291   10  290  292  289  288  293  294  287  286  169  295
292   10  289  290  288  291  293  294  287  286  295  172
293   10  288  294  287  286  292  295  289  296  290  297
294   10  293  295  286  287  296  288  297  292  305  289
295   10  296  294  297  305  293  286  306  287  298  288
296   10  295  305  297  294  306  298  286  304  293  287
297   10  298  296  295  305  294  304  306  303  299  293
298   10  297  304  303  299  305  296  306  302  295  301
299   10  298  303  304  302  301  300  297  306  305  311
300   10  301  311  302  309  303  310  312  304  308  313
301   10  300  302  311  303  309  304  308  312  307  310
302   10  303  304  301  300  308  307  306  298  309  299
303   10  304  302  301  306  298  307  300  308  305  299
304   10  303  302  306  298  305  307  301  308  299  300
305   10  306  296  304  307  295  303  298  297  308  302
306   10  305  304  307  303  296  308  302  298  295  297
307   10  308  306  282  305  303  304  302  283  301  284
308   10  307  282  306  302  303  309  304  283  301  305
309   10  312  313  300  311  314  301  315  308  310  302
310   10  311  312  313  319  300  309  316  314  315  317
311   10  300  310  301  312  309  313  302  314  315  316
312   10  313  314  309  315  310  311  316  317  300  301
313   10  314  312  315  316  309  317  310  311  300  318
314   10  315  313  312  316  317  309  310  311  318  300
315   10  314  313  316  312  317  309  310  311  318  300
316   10  317  315  313  314  312  318  310  320  309  319
317   10  316  315  313  314  318  320  312  310  319  322
318   10  320  319  317  316  321  324  322  325  310  313
319   10  318  320  310  324  317  316  325  313  321  311
320   10  318  319  321  324  317  322  325  316  323  326
321   10  322  323  324  325  320  326  318  272  317  319
322   10  321  323  320  324  325  326  318  272  317  274
323   10  321  322  326  325  324  328  320  272  318  329
324   10  325  326  321  323  320  322  318  319  328  317
325   10  324  326  323  321  322  320  328  318  319  329
326   10  325  324  323  321  328  322  329  320  327  318
327   10  330  328  329  326  325  324  323  331  332  321
328   10  329  326  330  323  327  325  271  324  321  270
329   10  328  330  326  327  332  271  323  270  325  324
330   10  329  327  331  328  332  335  333  326  336  334
331   10  335  332  336  330  337  333  334  329  327  328
332   10  333  335  334  331  336  330  269  329  337  270
333   10  334  269  335  332  336  379  337  270  331  380
334   10  333  335  336  269  332  379  337  338  331  380
335   10  336  334  333  332  337  331  269  379  338  342
336   10  335  337  334  333  332  331  338  379  342  340
337   10  336  335  342  338  340  339  334  341  331  333
338   10  339  340  372  342  341  373  337  371  374  370
339   10  338  340  372  341  342  371  373  370  374  337
340   10  339  338  341  342  372  371  337  370  373  374
341   10  342  340  339  371  372  338  370  337  345  373
342   10  341  340  339  338  337  372  371  336  370  373
343   10  344  341  342  371  340  345  346  339  337  370
344   10  343  341  371  342  346  345  340  370  339  372
345   10  346  370  371  369  347  372  368  374  341  339
346   10  345  347  369  370  371  348  349  368  367  372
347   10  369  346  348  349  345  368  367  370  351  350
348   10  349  347  351  367  350  368  369  346  352  366
349   10  348  351  350  367  347  368  369  366  352  346
350   10  351  367  366  349  368  352  364  348  365  369
351   10  350  349  348  367  352  366  368  364  347  365
352   10  364  351  350  363  354  353  366  349  365  355
353   10  354  355  360  359  363  352  362  364  356  361
354   10  353  355  360  352  356  359  363  364  362  358
355   10  354  353  356  360  352  359  363  358  364  362
356   10  358  357  355  354  353  359  360  412  411  363
357   10  358  356  412  359  426  413  411  414  355  415
358   10  357  356  359  412  411  360  353  413  355  354
359   10  360  411  358  353  410  361  354  412  363  409
360   10  359  361  353  363  362  411  354  355  410  364
361   10  362  363  360  407  365  364  408  359  411  409
362   10  363  361  364  365  360  407  353  366  359  352
363   10  362  361  364  365  360  353  352  354  366  359
364   10  363  365  362  352  366  350  361  351  353  367
365   10  366  364  362  363  376  350  361  367  352  377
366   10  365  350  367  376  368  364  351  349  375  352
367   10  368  350  349  366  351  369  348  347  376  375
368   10  367  369  350  349  366  347  375  351  376  348
369   10  368  347  367  345  370  346  349  374  375  348
370   10  371  345  372  374  369  339  373  346  340  341
371   10  370  341  372  345  339  340  338  342  374  346
372   10  339  338  340  373  371  370  374  341  342  345
373   10  374  372  378  375  380  339  338  370  379  340
374   10  373  375  372  378  370  339  380  338  369  371
375   10  378  374  376  373  377  368  380  369  367  366
376   10  377  366  375  365  378  368  367  350  364  374
377   10  376  378  382  381  375  380  365  366  374  373
378   10  380  375  381  373  377  374  376  379  382  372
379   10  380  334  269  381  333  378  373  338  336  374
380   10  378  381  379  373  374  375  377  382  338  372
381   10  380  378  382  377  379  385  375  373  376  374
382   10  385  381  383  377  384  378  380  376  386  375
383   10  384  385  382  386  406  377  381  387  407  390
384   10  383  385  386  382  387  390  388  267  381  268
385   10  384  383  382  386  381  387  268  267  388  377
386   10  387  384  385  388  390  389  383  267  266  268
387   10  388  389  390  386  266  267  265  268  384  385
388   10  389  387  390  266  265  386  267  268  264  384
389   10  388  387  390  265  266  386  267  264  268  273
390   10  388  389  387  386  265  266  391  267  384  264
391   10  392  261  257  393  260  390  258  255  256  259
392   10  393  391  394  256  255  261  257  395  406  258
393   10  392  394  391  406  395  256  405  409  408  255
394   10  393  405  406  403  392  409  404  408  395  410
395   10  397  396  256  398  461  255  462  399  393  403
396   10  397  461  462  460  395  398  463  399  256  458
397   10  396  461  398  395  460  462  399  463  256  458
398   10  399  397  396  402  400  460  395  461  403  462
399   10  398  400  397  402  460  396  401  458  461  449
400   10  401  402  399  449  398  419  403  420  450  448
401   10  400  449  402  419  420  399  421  448  418  398
402   10  400  401  403  399  398  419  404  420  449  418
403   10  404  402  394  398  416  405  400  415  399  414
404   10  403  416  415  414  405  402  413  418  417  419
405   10  410  409  414  411  394  404  408  413  415  416
406   10  407  408  409  410  394  393  405  411  361  383
407   10  408  406  409  361  410  411  362  360  363  405
408   10  409  407  410  406  411  405  361  360  359  362
409   10  408  410  407  411  406  405  361  359  394  360
410   10  409  411  408  405  407  359  406  360  414  412
411   10  410  409  359  408  360  405  407  412  361  358
412   10  413  414  358  415  357  411  416  426  359  410
413   10  414  415  412  416  405  417  426  404  411  410
414   10  415  413  416  412  405  404  417  426  418  410
415   10  414  416  413  417  404  412  418  405  426  403
416   10  415  414  413  417  404  418  426  412  419  425
417   10  418  416  425  420  419  415  426  421  422  414
418   10  417  420  419  421  425  416  422  415  426  423
419   10  420  418  421  401  417  402  422  400  416  425
420   10  419  421  418  422  417  401  425  423  402  416
421   10  420  422  419  418  423  417  425  424  401  446
422   10  423  421  424  425  420  418  417  419  427  446
423   10  424  422  425  421  427  420  428  418  417  446
424   10  423  422  427  425  428  421  426  432  420  417
425   10  427  426  417  423  422  424  418  421  428  420
426   10  425  427  417  428  416  418  413  415  412  424
427   10  428  425  426  424  423  422  417  418  421  420
428   10  427  424  426  425  423  429  422  417  421  418
429   10  428  430  427  424  431  432  423  425  426  422
430   10  431  432  434  433  446  424  429  423  445  422
431   10  430  432  434  433  446  445  424  423  429  422
432   10  431  433  430  434  446  424  445  423  422  447
433   10  434  432  446  431  445  430  441  447  444  443
434   10  433  431  432  430  445  446  441  444  447  443
435   10  436  440  434  437  431  430  441  433  438  432
436   10  435  440  437  434  438  439  430  431  433  432
437   10  440  438  439  436  435  430  434  431  432  433
438   10  439  437  440  436  435  430  431  434  432  429
439   10  438  437  440  436  435  430  431  434  429  432
440   10  437  438  439  436  435  430  434  431  432  433
441   10  445  444  443  447  442  434  433  446  453  432
442   10  443  444  447  452  448  453  441  445  451  450
443   10  444  447  442  445  448  441  446  452  450  433
444   10  447  443  445  442  441  446  448  433  434  452
445   10  444  447  446  443  433  441  434  442  432  448
446   10  445  433  447  444  432  443  434  422  423  421
447   10  444  443  445  446  448  442  441  433  449  434
448   10  449  450  443  447  442  444  451  456  401  445
449   10  401  448  400  450  456  399  402  419  451  420
450   10  456  451  449  448  455  452  442  454  401  400
451   10  455  452  454  456  450  448  442  449  453  457
452   10  451  455  454  442  453  450  456  448  443  489
453   10  452  442  489  454  455  443  441  451  444  488
454   10  455  451  452  456  450  453  489  488  442  468
455   10  454  451  452  456  450  442  453  457  468  448
456   10  450  451  455  457  449  448  458  454  452  459
457   10  459  458  468  456  465  463  460  467  466  450
458   10  459  460  463  457  461  462  399  456  465  396
459   10  458  463  457  460  465  462  461  464  396  456
460   10  463  461  462  458  396  459  397  399  398  457
461   10  462  396  460  397  463  398  458  395  459  399
462   10  461  463  396  460  397  464  459  458  395  398
463   10  460  462  461  459  458  464  396  465  397  457
464   10  465  463  462  254  466  459  461  460  458  457
465   10  466  464  459  463  457  458  467  468  462  460
466   10  465  467  470  475  468  476  469  464  457  474
467   10  469  468  470  466  471  473  465  457  474  475
468   10  469  467  457  466  470  465  471  459  455  473
469   10  467  468  470  471  473  466  472  457  465  474
470   10  467  471  473  474  466  469  475  476  468  472
471   10  473  470  472  469  474  467  468  480  466  475
472   10  471  473  485  484  483  469  482  481  470  480
473   10  471  472  470  474  469  467  480  478  479  515
474   10  470  473  471  476  515  475  517  516  477  478
475   10  476  466  474  470  254  252  465  467  517  471
476   10  475  474  470  466  517  254  252  515  516  518
477   10  515  478  514  516  479  513  517  480  518  519
478   10  479  477  514  515  480  513  516  517  507  474
479   10  478  480  514  477  513  515  516  507  481  517
480   10  479  478  514  481  477  507  515  513  516  473
481   10  480  507  482  479  506  483  478  514  484  472
482   10  483  484  481  485  472  480  507  497  506  479
483   10  484  482  485  481  472  493  494  495  497  480
484   10  483  485  482  472  481  493  494  495  486  473
485   10  484  483  482  472  486  487  493  494  495  488
486   10  487  488  489  485  484  493  494  495  454  472
487   10  488  486  489  485  454  490  492  491  493  494
488   10  487  489  486  454  490  485  492  491  453  455
489   10  488  487  486  453  454  490  492  491  452  455
490   10  492  491  489  488  487  486  453  496  495  494
491   10  492  490  489  488  487  486  453  496  495  494
492   10  490  491  489  488  487  486  453  496  495  494
493   10  494  495  496  485  484  483  486  487  482  488
494   10  493  495  496  485  484  483  486  487  482  488
495   10  494  493  496  485  484  483  486  487  488  482
496   10  495  494  493  486  485  490  492  484  491  487
497   10  498  499  482  500  483  501  484  506  481  493
498   10  499  500  501  497  502  503  508  509  506  505
499   10  498  500  501  502  497  503  508  505  509  504
500   10  501  502  503  499  498  505  504  497  509  508
501   10  500  502  503  499  498  505  504  497  509  508
502   10  503  501  500  505  504  499  498  511  509  508
503   10  502  501  500  505  504  499  498  511  509  508
504   10  505  503  502  501  500  499  498  511  509  510
505   10  504  503  502  501  500  499  498  511  509  510
506   10  508  507  509  510  512  481  480  479  511  513
507   10  506  508  481  509  480  510  479  514  512  513
508   10  509  506  510  512  507  511  481  513  514  479
509   10  508  510  512  506  511  507  513  481  514  479
510   10  512  509  508  506  511  507  513  514  479  481
511   10  512  510  509  508  506  507  520  502  503  500
512   10  510  509  508  511  506  507  513  520  514  479
513   10  514  477  478  479  515  516  480  517  507  518
514   10  513  478  477  479  515  480  516  517  507  518
515   10  477  516  478  517  514  479  513  518  480  474
516   10  517  515  477  518  478  514  519  513  479  474
517   10  516  518  515  477  519  478  514  513  474  479
518   10  519  517  516  515  247  477  246  513  514  248
519   10  518  517  516  247  246  245  521  515  477  513
520   10  521  522  523  519  513  244  512  245  524  246
521   10  522  520  244  245  246  519  247  523  203  243
522   10  523  521  520  244  524  245  243  242  246  203
523   10  524  522  521  242  520  244  243  525  225  245
524   10  523  522  525  242  225  526  521  224  520  243
525   10  528  524  224  223  527  526  225  523  531  222
526   10  527  528  533  531  532  535  534  525  530  524
527   10  526  528  531  533  532  535  534  525  530  524
528   10  531  527  532  526  525  530  533  529  535   15
529   10  530  531  532  536   14  537  545  533  528  544
530   10  529  531  532  533  536  528  535  537  527  538
531   10  532  530  528  533  527  535  529  526  536  534
532   10  531  530  533  535  527  528  529  526  536  537
533   10  535  532  531  527  534  526  530  528  536  537
534   10  535  533  526  527  532  531  536  537  538  530
535   10  533  534  532  531  527  526  536  530  537  538
536   10  537  538  539  542  540  544  530  529  541  532
537   10  538  536  539  542  540  541  544  545  543  535
538   10  537  539  540  536  542  541  544  543  545  535
539   10  540  538  542  537  541  536  543  544  545  535
540   10  539  541  538  542  537  543  536  544  545  535
541   10  542  540  543  539  538  544  537  536  545  548
542   10  541  539  540  538  543  544  537  536  545  548
543   10  541  542  544  540  539  545  538  548  537  549
544   10  545  542  543  541  537  538  536  548  539  547
545   10  544  548  547  543   14  546  542  536  537  549
546   10  547  550  548  549   13  545  551  553   14  544
547   10  548  546  549  550  545  551  544   13  553  552
548   10  547  549  546  550  545  544  543  551   13  552
549   10  548  547  550  546  551  545  543  552  544  553
550   10  551  546  547  549  548  552  553   13  554  545
551   10  552  553  550  554  546  549  547  548   13   12
552   10  551  553  554  550  549  546  547  548   13   12
553   10  551  554  552  550   13   12  546  547  549  548
554   10  553  552  551   12  555  550   13  559  546  556
555   10  556  558  559  557    7  554  560   10    8    9
556   10  557  558  555  559  560    7    8    6   10  561
557   10  556  558  560    7  559  555    6  561    8  562
558   10  556  557    7  555    8   10    6  560    9  559
559   10  560  556  557  555  558  554  561    7  552  562
560   10  557  559  556  561  558  562  555  563    7    6
561   10  562  563  560    6  557    5  556  558    7  559
562   10  561  563    6  560    5  557    7  558  556  559
563   10  562  561    6    5  560  557    7  558  556    8
564   10  565  566  567    4    3    2  568  569  570    1
565   10  564  566  567    4    3    2  568  569  570    1
566   10  567  565  564  568  569    2    3    4    1  570
567   10  566  565  564  568  569    2    3    4    1  570
568   10  569    1  574  570  567  566    2    3  573  565
569   10  568    1  574  570  567  566    2  573    3  565
570   10  569  568  574    1  567  566  573  565  564  572
571   10  572  573  574    1  569  568   48  570    2  567
572   10  573  571  574    1  569  568  570   48  567  566
573   10  572  571  574    1  569  568  570  567  566    2
574   10    1  569  568  570  573  567  566  572  571    2
      3    1    1    3    3    3    1    2    2    1    3    3    3    3    3    1    2    3    1    1    2    2    1    3    3    3    1    2    1    2    2    3    2    3    2    2    3    1    1    3    2    1    3    3    2    2    1    2    1    3    3    2    2    3    1    1    3    2    1    1    2    2    3    1    1    3    3    2    1    1    2    1    1    3    3    1    2    3    1    2    3    3    3    2    2    3    1    3    2    3    2    1    2    2    2    2    1    2    2    2    3    3    1    1    2    3    3    3    2    1    2    3    1    3    1    2    2    3    2    1    2    1    2    2    2    3    2    3    1    1    2    1    2    2    1    1    3    3    1    3    2    3    3    2    1    3    3    3    3    2    3    3    2    1    2    3    1    2    3    3    2    3    1    3    3    1    3    3    1    1    3    3    2    2    3    1    3    1    1    2    3    2    1    2    2    2    3    2    1    3    1    1    2    3    3    3    3    3    2    1    3    1    3    2    2    2    2    2    1    1    2    1    2    1    1    2    2    2    3    1    2    1    3    3    2    1    3    3    3    2    1    3    1    3    2    3    3    1    1    2    2    3    3    3    2    1    2    2    1    1    2    1    3    2    2    1    2    2    2    2    3    3    3    1    3    2    2    2    1    3    2    1    3    3    1    1    2    2    1    1    3    3    1    3    1    3    1    3    3    3    1    3    2    2    3    2    3    2    3    2    3    1    2    1    2    2    3    3    2    1    3    1    2    1    2    2    3    1    1    2    3    2    3    2    2    3    3    2    2    1    2    1    1    3    3    3    3    3    1    3    3    3    1    1    3    3    3    3    2    2    3    2    1    2    2    1    1    3    2    3    2    1    3    1    1    2    2    1    3    3    1    2    1    3    3    3    2    2    1    2    2    2    3    2    1    2    1    1    2    3    1    2    2    1    2    1    1    2    1    1    2    2    3    1    1    1    3    3    3    1    2    1    3    1    1    2    2    2    3    3    1    3    1    3    2    2    1    3    3    2    1    1    1    1    1    2    2    2    2    2    3    3    3    1    3    2    1    2    3    1    1    3    1    1    2    3    3    2    3    3    1    3    2    3    2    3    2    3    3    2    2    2    2    3    3    3    3    3    2    3    3    2    1    1    3    2    3    2    3    2    2    2    3    2    1    3    1    2    2    2    2    1    3    3    3    1    3    2    2    1    2    1    2    2    1    3    3    3    1    3    2    2    1    1    1    3    2    2    1    1    3    1    1    3    1    2    3    1    2    3    2    1    3    1    1    1    1    2    1    1    3    3    1    1    1    1    1    2    1    1    1    1    1    1    3    2    2    1    1    2    1    1    3    1