724

1 6.05610e+02 7.96600e+02
2 6.81800e+02 1.02520e+03
3 6.05610e+02 1.15221e+03
4 6.05610e+02 1.25381e+03
5 6.56410e+02 1.73641e+03
6 8.08810e+02 2.04119e+03
7 7.26250e+02 1.82529e+03
8 7.58010e+02 1.86340e+03
9 7.83400e+02 1.73641e+03
10 8.08810e+02 1.73641e+03
11 7.58010e+02 1.10141e+03
12 7.58010e+02 7.96600e+02
13 7.58010e+02 8.21990e+02
14 8.72300e+02 7.33110e+02
15 8.85000e+02 2.06660e+03
16 8.72300e+02 1.78721e+03
17 9.35800e+02 1.96500e+03
18 9.10390e+02 7.07700e+02
19 9.35800e+02 1.81260e+03
20 9.35800e+02 1.76180e+03
21 9.35800e+02 1.17760e+03
22 9.86600e+02 1.38080e+03
23 1.01199e+03 8.98200e+02
24 9.86600e+02 1.20301e+03
25 9.86600e+02 1.15221e+03
26 9.86600e+02 8.21990e+02
27 1.01199e+03 7.96600e+02
28 9.86600e+02 9.23590e+02
29 1.06279e+03 1.12680e+03
30 1.11359e+03 1.43160e+03
31 1.13900e+03 1.48240e+03
32 1.18980e+03 9.49000e+02
33 1.18980e+03 1.25381e+03
34 1.24061e+03 1.50779e+03
35 1.29141e+03 1.35539e+03
36 1.26600e+03 1.25381e+03
37 1.18980e+03 1.10141e+03
38 1.18980e+03 1.38080e+03
39 1.11359e+03 1.15221e+03
40 1.11359e+03 8.21990e+02
41 1.18980e+03 7.07700e+02
42 1.15170e+03 7.33110e+02
43 1.11359e+03 9.23590e+02
44 1.11359e+03 1.10141e+03
45 1.11359e+03 1.22840e+03
46 1.11359e+03 9.49000e+02
47 1.11359e+03 1.40619e+03
48 1.13900e+03 8.60100e+02
49 1.18980e+03 7.33110e+02
50 1.24061e+03 1.71100e+03
51 1.26600e+03 1.73641e+03
52 1.29141e+03 1.86340e+03
53 1.27869e+03 2.04756e+03
54 1.28506e+03 2.05391e+03
55 1.29141e+03 2.04119e+03
56 1.32949e+03 1.95865e+03
57 1.29141e+03 1.96500e+03
58 1.32314e+03 1.95230e+03
59 1.31680e+03 1.78721e+03
60 1.34221e+03 1.86340e+03
61 1.32949e+03 1.94596e+03
62 1.33586e+03 1.95230e+03
63 1.16439e+03 2.24439e+03
64 1.16439e+03 2.09199e+03
65 1.18980e+03 1.58400e+03
66 1.21520e+03 1.71100e+03
67 1.16439e+03 1.63480e+03
68 1.16439e+03 1.78721e+03
69 1.18980e+03 1.86340e+03
70 1.18980e+03 2.24439e+03
71 1.26600e+03 2.16820e+03
72 1.27869e+03 2.06025e+03
73 1.27234e+03 2.05391e+03
74 1.24061e+03 2.04119e+03
75 1.22789e+03 1.95865e+03
76 1.23426e+03 1.95230e+03
77 1.24061e+03 1.96500e+03
78 1.29141e+03 1.60939e+03
79 1.29141e+03 1.07600e+03
80 1.26600e+03 7.07700e+02
81 1.18980e+03 8.47400e+02
82 1.13900e+03 1.53320e+03
83 1.11359e+03 2.02850e+03
84 1.08820e+03 2.24439e+03
85 1.08820e+03 2.07930e+03
86 9.99300e+02 2.18090e+03
87 1.01199e+03 1.73641e+03
88 1.06279e+03 1.68561e+03
89 1.03740e+03 1.63480e+03
90 1.11359e+03 1.86340e+03
91 1.06279e+03 7.71190e+02
92 1.06279e+03 8.21990e+02
93 1.02471e+03 1.27920e+03
94 9.86600e+02 1.50779e+03
95 1.03740e+03 8.72790e+02
96 1.03740e+03 1.48240e+03
97 1.01199e+03 1.60939e+03
98 9.61190e+02 1.71100e+03
99 9.99300e+02 7.33110e+02
100 1.01199e+03 1.90150e+03
101 1.03740e+03 1.91420e+03
102 1.06279e+03 1.73641e+03
103 1.06279e+03 1.60939e+03
104 1.24061e+03 2.24439e+03
105 1.34221e+03 1.93961e+03
106 1.29141e+03 2.16820e+03
107 1.31680e+03 1.58400e+03
108 1.26600e+03 1.68561e+03
109 1.21520e+03 1.78721e+03
110 1.18980e+03 1.96500e+03
111 1.21520e+03 2.04119e+03
112 1.24061e+03 1.86340e+03
113 1.22789e+03 1.94596e+03
114 1.22154e+03 1.95230e+03
115 1.18980e+03 2.09199e+03
116 1.21520e+03 2.16820e+03
117 1.36760e+03 1.63480e+03
118 1.49461e+03 2.24439e+03
119 1.52000e+03 2.02850e+03
120 1.57080e+03 1.81260e+03
121 1.59619e+03 1.81260e+03
122 1.57080e+03 2.24439e+03
123 1.67240e+03 1.93961e+03
124 1.71051e+03 1.99676e+03
125 1.71686e+03 2.00311e+03
126 1.74859e+03 2.01580e+03
127 1.85020e+03 2.14279e+03
128 1.87561e+03 2.24439e+03
129 1.95180e+03 2.09199e+03
130 1.91369e+03 2.07930e+03
131 1.97721e+03 2.24439e+03
132 1.79939e+03 2.16820e+03
133 1.85020e+03 2.21900e+03
134 1.82480e+03 1.63480e+03
135 1.77400e+03 1.73641e+03
136 1.72320e+03 1.76180e+03
137 1.79939e+03 1.50779e+03
138 1.79939e+03 1.45699e+03
139 1.79939e+03 1.22840e+03
140 1.76131e+03 1.22840e+03
141 1.74859e+03 1.43160e+03
142 1.86289e+03 9.49000e+02
143 1.78670e+03 7.07700e+02
144 1.90100e+03 8.98200e+02
145 1.92641e+03 8.72790e+02
146 1.77400e+03 1.93961e+03
147 1.77400e+03 1.81260e+03
148 1.74859e+03 1.63480e+03
149 1.74859e+03 1.88881e+03
150 1.67240e+03 1.76180e+03
151 1.67240e+03 1.81260e+03
152 1.72320e+03 1.40619e+03
153 1.72320e+03 1.33000e+03
154 1.72320e+03 9.99800e+02
155 1.71051e+03 7.33110e+02
156 1.69779e+03 8.21990e+02
157 1.72320e+03 1.15221e+03
158 1.67240e+03 1.07600e+03
159 1.64699e+03 1.30461e+03
160 1.72320e+03 1.07600e+03
161 1.74859e+03 8.98200e+02
162 1.72320e+03 1.20301e+03
163 1.79939e+03 7.96600e+02
164 1.74859e+03 7.33110e+02
165 1.79939e+03 9.99800e+02
166 1.82480e+03 9.87110e+02
167 1.72320e+03 1.99039e+03
168 1.69779e+03 1.93961e+03
169 1.70414e+03 2.00311e+03
170 1.71051e+03 2.00945e+03
171 1.64699e+03 2.24439e+03
172 1.77400e+03 1.96500e+03
173 1.92641e+03 9.23590e+02
174 1.91369e+03 7.07700e+02
175 2.00260e+03 9.23590e+02
176 1.95180e+03 7.07700e+02
177 1.92641e+03 7.96600e+02
178 1.98990e+03 7.07700e+02
179 1.97721e+03 7.96600e+02
180 2.02801e+03 7.96600e+02
181 2.06609e+03 7.33110e+02
182 2.10420e+03 7.96600e+02
183 2.02801e+03 7.07700e+02
184 2.00260e+03 8.72790e+02
185 2.15500e+03 1.25381e+03
186 2.16135e+03 1.26650e+03
187 2.16770e+03 1.27285e+03
188 2.20580e+03 1.55859e+03
189 2.28199e+03 1.76180e+03
190 2.33279e+03 1.55859e+03
191 2.35820e+03 1.12680e+03
192 2.44711e+03 1.58400e+03
193 2.38359e+03 2.14279e+03
194 2.35820e+03 2.06660e+03
195 2.38359e+03 2.01580e+03
196 2.43439e+03 1.40619e+03
197 2.40900e+03 2.01580e+03
198 2.43439e+03 2.05391e+03
199 2.43439e+03 1.35539e+03
200 2.45980e+03 7.96600e+02
201 2.45980e+03 1.33000e+03
202 2.42170e+03 9.74390e+02
203 2.40900e+03 8.72790e+02
204 2.45980e+03 9.74390e+02
205 2.48520e+03 1.27920e+03
206 2.53600e+03 7.96600e+02
207 2.52330e+03 1.35539e+03
208 2.52330e+03 1.58400e+03
209 2.56141e+03 1.93961e+03
210 2.56141e+03 2.24439e+03
211 2.51061e+03 2.14279e+03
212 2.71381e+03 2.24439e+03
213 2.71381e+03 2.14279e+03
214 2.70109e+03 2.07930e+03
215 2.68840e+03 1.12680e+03
216 2.66301e+03 1.76180e+03
217 2.66301e+03 1.05061e+03
218 2.63760e+03 1.10141e+03
219 2.61221e+03 1.15221e+03
220 2.63760e+03 1.35539e+03
221 2.56141e+03 1.55859e+03
222 2.58680e+03 1.93961e+03
223 2.61221e+03 1.81260e+03
224 2.58680e+03 1.76180e+03
225 2.56141e+03 1.81260e+03
226 2.56141e+03 1.76180e+03
227 2.61221e+03 9.99800e+02
228 2.70109e+03 1.29189e+03
229 2.76461e+03 1.12680e+03
230 2.79000e+03 1.15221e+03
231 2.84080e+03 1.12680e+03
232 2.79000e+03 8.21990e+02
233 2.73920e+03 8.21990e+02
234 2.71381e+03 8.72790e+02
235 2.61221e+03 7.96600e+02
236 2.43439e+03 1.30461e+03
237 2.49789e+03 8.34710e+02
238 2.53600e+03 8.72790e+02
239 2.56141e+03 8.21990e+02
240 2.61221e+03 8.34710e+02
241 2.57410e+03 9.49000e+02
242 2.56141e+03 7.96600e+02
243 2.56141e+03 9.99800e+02
244 2.58680e+03 1.10141e+03
245 2.51061e+03 1.17760e+03
246 2.53600e+03 1.20301e+03
247 2.47250e+03 1.55859e+03
248 2.56141e+03 2.06660e+03
249 2.63760e+03 2.21900e+03
250 2.58680e+03 2.10471e+03
251 2.56141e+03 2.10471e+03
252 2.63760e+03 2.24439e+03
253 2.63760e+03 2.14279e+03
254 2.53600e+03 1.45699e+03
255 2.49789e+03 1.10141e+03
256 2.44711e+03 1.55859e+03
257 2.38359e+03 1.46971e+03
258 2.28199e+03 1.81260e+03
259 2.23119e+03 2.04119e+03
260 2.43439e+03 2.21900e+03
261 2.44074e+03 2.23170e+03
262 2.45980e+03 2.24439e+03
263 2.45346e+03 2.23170e+03
264 2.44711e+03 2.22535e+03
265 2.35820e+03 1.81260e+03
266 2.38359e+03 1.93961e+03
267 2.30740e+03 2.14279e+03
268 2.25660e+03 2.14279e+03
269 2.33279e+03 1.93961e+03
270 2.37090e+03 1.10141e+03
271 2.23119e+03 2.14279e+03
272 2.16770e+03 2.07930e+03
273 2.12961e+03 2.24439e+03
274 2.12961e+03 2.04119e+03
275 2.18039e+03 2.21900e+03
276 2.07881e+03 2.14279e+03
277 2.07881e+03 2.24439e+03
278 2.07881e+03 2.06660e+03
279 2.02801e+03 2.24439e+03
280 2.05340e+03 2.11740e+03
281 2.02801e+03 2.14279e+03
282 2.05340e+03 2.21900e+03
283 2.00260e+03 2.06660e+03
284 1.97721e+03 2.06660e+03
285 3.01859e+03 2.19359e+03
286 3.04400e+03 2.14279e+03
287 3.04400e+03 2.21900e+03
288 2.96779e+03 2.16820e+03
289 2.98051e+03 2.10471e+03
290 3.06939e+03 2.21900e+03
291 3.06939e+03 2.14279e+03
292 3.13291e+03 2.11740e+03
293 3.20910e+03 1.95230e+03
294 3.19641e+03 2.06660e+03
295 3.12020e+03 2.01580e+03
296 3.17100e+03 1.81260e+03
297 3.10750e+03 1.58400e+03
298 3.09480e+03 1.96500e+03
299 3.06939e+03 2.01580e+03
300 2.99320e+03 1.93961e+03
301 2.99320e+03 2.01580e+03
302 2.96779e+03 2.06660e+03
303 2.99320e+03 8.98200e+02
304 3.01859e+03 1.05061e+03
305 3.04400e+03 8.72790e+02
306 3.06939e+03 9.49000e+02
307 3.06939e+03 7.96600e+02
308 3.06939e+03 8.98200e+02
309 3.12020e+03 7.96600e+02
310 3.17100e+03 9.23590e+02
311 3.12020e+03 1.05061e+03
312 3.17100e+03 9.99800e+02
313 3.14561e+03 1.05061e+03
314 3.12020e+03 1.12680e+03
315 3.14561e+03 8.72790e+02
316 3.09480e+03 1.30461e+03
317 2.99320e+03 9.49000e+02
318 2.96779e+03 7.96600e+02
319 2.99320e+03 7.96600e+02
320 2.84080e+03 8.72790e+02
321 2.81541e+03 7.96600e+02
322 2.80270e+03 1.21570e+03
323 2.82811e+03 1.33000e+03
324 2.79000e+03 1.38080e+03
325 2.80270e+03 1.33000e+03
326 2.89160e+03 1.10141e+03
327 2.86619e+03 1.05061e+03
328 2.85350e+03 9.74390e+02
329 2.86619e+03 1.25381e+03
330 2.73920e+03 7.96600e+02
331 2.76461e+03 1.27920e+03
332 2.84080e+03 1.27920e+03
333 2.91699e+03 1.25381e+03
334 2.90430e+03 1.02520e+03
335 2.91699e+03 1.40619e+03
336 2.89160e+03 1.34270e+03
337 2.86619e+03 1.34270e+03
338 2.81541e+03 1.43160e+03
339 2.85350e+03 1.45699e+03
340 2.84080e+03 1.76180e+03
341 2.79000e+03 1.63480e+03
342 2.84080e+03 1.68561e+03
343 2.72650e+03 1.93961e+03
344 2.79000e+03 1.93961e+03
345 2.79000e+03 2.01580e+03
346 2.73920e+03 1.82529e+03
347 2.76461e+03 1.50779e+03
348 2.79000e+03 1.43160e+03
349 2.79000e+03 1.58400e+03
350 2.76461e+03 1.76180e+03
351 2.81541e+03 1.76180e+03
352 2.73920e+03 1.57131e+03
353 2.84080e+03 2.11740e+03
354 2.86619e+03 2.14279e+03
355 2.96779e+03 1.12680e+03
356 3.01859e+03 1.12680e+03
357 3.04400e+03 1.05061e+03
358 3.06939e+03 1.30461e+03
359 3.00590e+03 1.22840e+03
360 3.04400e+03 1.38080e+03
361 3.12020e+03 1.17760e+03
362 3.14561e+03 1.25381e+03
363 3.17100e+03 1.17760e+03
364 3.12020e+03 1.38080e+03
365 3.29801e+03 2.16820e+03
366 3.48850e+03 1.15740e+03
367 3.50518e+03 1.16740e+03
368 3.50850e+03 1.19406e+03
369 3.48850e+03 1.26074e+03
370 3.50518e+03 1.24074e+03
371 3.49850e+03 1.22074e+03
372 3.50850e+03 1.19740e+03
373 3.49850e+03 1.17074e+03
374 3.49518e+03 1.16074e+03
375 3.48850e+03 1.12740e+03
376 3.49850e+03 1.12074e+03
377 3.48850e+03 1.09740e+03
378 3.48850e+03 1.09406e+03
379 3.50850e+03 1.07740e+03
380 3.49850e+03 1.05740e+03
381 3.49850e+03 1.05074e+03
382 3.50850e+03 1.03740e+03
383 3.48850e+03 1.02074e+03
384 3.50850e+03 1.00074e+03
385 3.42500e+03 9.99800e+02
386 3.48850e+03 9.07400e+02
387 3.48850e+03 9.27400e+02
388 3.49518e+03 9.40740e+02
389 3.49518e+03 9.20740e+02
390 3.50850e+03 9.00740e+02
391 3.49850e+03 8.94060e+02
392 3.50850e+03 8.80740e+02
393 3.48850e+03 8.60740e+02
394 3.45041e+03 8.72790e+02
395 3.34881e+03 7.71190e+02
396 3.32340e+03 7.07700e+02
397 3.27260e+03 8.47400e+02
398 3.22180e+03 9.99800e+02
399 3.32340e+03 9.74390e+02
400 3.37420e+03 8.98200e+02
401 3.29801e+03 8.47400e+02
402 3.19641e+03 7.96600e+02
403 3.19641e+03 1.26650e+03
404 3.22180e+03 2.16820e+03
405 3.27260e+03 1.10141e+03
406 3.27260e+03 1.02520e+03
407 3.29801e+03 9.23590e+02
408 3.27260e+03 2.04119e+03
409 3.29801e+03 1.99039e+03
410 3.34881e+03 2.06660e+03
411 3.39961e+03 1.81260e+03
412 3.36150e+03 1.78721e+03
413 3.33609e+03 1.91420e+03
414 3.36150e+03 1.99039e+03
415 3.39961e+03 2.06660e+03
416 3.27260e+03 1.76180e+03
417 3.23449e+03 1.79990e+03
418 3.27260e+03 1.50779e+03
419 3.29801e+03 1.55859e+03
420 3.24721e+03 1.63480e+03
421 3.40596e+03 2.21131e+03
422 3.41096e+03 2.21631e+03
423 3.40596e+03 2.23131e+03
424 3.39596e+03 2.23131e+03
425 3.49518e+03 2.16756e+03
426 3.49850e+03 2.15756e+03
427 3.49850e+03 2.15090e+03
428 3.49850e+03 2.14090e+03
429 3.48850e+03 2.12090e+03
430 3.50518e+03 2.10090e+03
431 3.49850e+03 2.08090e+03
432 3.48850e+03 2.05756e+03
433 3.48850e+03 2.05424e+03
434 3.49850e+03 2.03756e+03
435 3.48850e+03 2.04090e+03
436 3.49850e+03 2.02090e+03
437 3.49518e+03 2.00090e+03
438 3.50850e+03 1.99756e+03
439 3.49850e+03 1.97756e+03
440 3.49850e+03 1.97090e+03
441 3.49518e+03 1.96090e+03
442 3.50850e+03 1.95756e+03
443 3.48850e+03 1.92756e+03
444 3.49850e+03 1.92090e+03
445 3.48850e+03 1.89756e+03
446 3.48850e+03 1.89424e+03
447 3.50850e+03 1.87756e+03
448 3.49850e+03 1.85756e+03
449 3.49850e+03 1.85090e+03
450 3.50850e+03 1.83756e+03
451 3.48850e+03 1.82090e+03
452 3.50850e+03 1.80090e+03
453 3.43770e+03 1.85070e+03
454 3.34881e+03 1.40619e+03
455 3.34881e+03 1.50779e+03
456 3.34881e+03 1.45699e+03
457 3.32340e+03 1.76180e+03
458 3.32340e+03 1.86340e+03
459 3.32340e+03 1.63480e+03
460 3.37420e+03 1.68561e+03
461 3.39961e+03 1.91420e+03
462 3.41230e+03 1.97770e+03
463 3.39961e+03 1.68561e+03
464 3.39961e+03 1.55859e+03
465 3.42500e+03 1.58400e+03
466 3.32340e+03 1.55859e+03
467 3.29801e+03 1.50779e+03
468 3.22180e+03 1.38080e+03
469 3.27260e+03 1.40619e+03
470 3.32340e+03 1.38080e+03
471 3.34881e+03 1.17760e+03
472 3.34881e+03 1.25381e+03
473 3.27260e+03 1.17760e+03
474 3.24721e+03 1.22840e+03
475 3.17100e+03 1.25381e+03
476 3.14561e+03 1.45699e+03
477 3.17100e+03 1.53320e+03
478 3.04400e+03 1.76180e+03
479 3.00590e+03 1.73641e+03
480 3.01859e+03 1.55859e+03
481 2.99320e+03 1.78721e+03
482 2.94240e+03 1.76180e+03
483 2.99320e+03 1.30461e+03
484 3.04400e+03 2.06660e+03
485 3.04400e+03 2.01580e+03
486 3.12020e+03 1.68561e+03
487 3.12020e+03 1.76180e+03
488 3.06939e+03 1.50779e+03
489 3.06939e+03 1.38080e+03
490 3.01859e+03 1.63480e+03
491 2.96779e+03 1.53320e+03
492 2.89160e+03 1.50779e+03
493 2.91699e+03 1.86340e+03
494 2.89160e+03 1.88881e+03
495 2.89160e+03 1.68561e+03
496 2.86619e+03 1.78721e+03
497 2.84080e+03 1.50779e+03
498 2.81541e+03 2.01580e+03
499 2.84080e+03 1.78721e+03
500 2.89160e+03 1.97770e+03
501 2.91699e+03 2.04119e+03
502 2.89160e+03 2.14279e+03
503 2.86619e+03 2.16820e+03
504 2.89160e+03 2.06660e+03
505 2.91699e+03 2.21900e+03
506 2.81541e+03 2.24439e+03
507 2.81541e+03 2.06660e+03
508 2.79000e+03 2.14279e+03
509 2.73920e+03 2.16820e+03
510 2.76461e+03 2.06660e+03
511 2.66301e+03 2.24439e+03
512 2.61221e+03 2.06660e+03
513 2.63760e+03 1.40619e+03
514 2.63760e+03 1.58400e+03
515 2.53600e+03 2.01580e+03
516 2.53600e+03 1.81260e+03
517 2.51061e+03 1.83801e+03
518 2.48520e+03 1.78721e+03
519 2.51061e+03 1.68561e+03
520 2.48520e+03 1.83801e+03
521 2.48520e+03 1.93961e+03
522 2.51061e+03 2.21900e+03
523 2.38359e+03 1.88881e+03
524 2.33279e+03 1.88881e+03
525 2.44711e+03 2.23805e+03
526 2.48520e+03 2.01580e+03
527 2.45980e+03 2.06660e+03
528 2.35820e+03 1.27920e+03
529 2.29471e+03 1.35539e+03
530 2.28199e+03 8.72790e+02
531 2.30740e+03 1.25381e+03
532 2.32010e+03 1.17125e+03
533 2.32645e+03 1.16490e+03
534 2.32010e+03 8.72790e+02
535 2.32010e+03 1.15855e+03
536 2.31375e+03 1.16490e+03
537 2.29471e+03 1.22840e+03
538 2.30740e+03 1.05061e+03
539 2.33279e+03 1.17760e+03
540 2.33279e+03 1.30461e+03
541 2.35820e+03 1.33000e+03
542 2.35820e+03 1.63480e+03
543 2.30740e+03 1.63480e+03
544 2.20580e+03 1.76180e+03
545 2.28199e+03 1.55859e+03
546 2.23119e+03 1.22840e+03
547 2.24391e+03 1.27920e+03
548 2.28199e+03 1.63480e+03
549 2.23119e+03 1.17760e+03
550 2.12961e+03 1.50779e+03
551 2.15500e+03 1.30461e+03
552 2.15500e+03 1.17760e+03
553 2.16770e+03 1.26016e+03
554 2.17404e+03 1.26650e+03
555 2.12961e+03 1.68561e+03
556 2.15500e+03 1.63480e+03
557 2.07881e+03 1.60939e+03
558 2.06609e+03 1.15221e+03
559 2.02801e+03 1.25381e+03
560 2.16770e+03 8.85510e+02
561 2.19311e+03 1.15221e+03
562 2.18039e+03 1.05061e+03
563 2.20580e+03 1.12680e+03
564 2.20580e+03 1.25381e+03
565 2.23119e+03 9.23590e+02
566 2.15500e+03 1.40619e+03
567 2.05340e+03 1.83801e+03
568 2.07881e+03 1.76180e+03
569 2.05340e+03 1.50779e+03
570 2.00260e+03 1.35539e+03
571 2.05340e+03 1.43160e+03
572 2.05340e+03 1.68561e+03
573 2.12961e+03 1.38080e+03
574 2.12961e+03 1.45699e+03
575 2.07881e+03 1.27920e+03
576 2.02801e+03 1.73641e+03
577 2.00260e+03 1.83801e+03
578 1.97721e+03 1.83801e+03
579 1.97721e+03 1.78721e+03
580 1.95180e+03 1.81260e+03
581 2.00260e+03 1.68561e+03
582 1.97721e+03 1.43160e+03
583 1.90100e+03 1.40619e+03
584 1.92641e+03 1.81260e+03
585 2.00260e+03 1.93961e+03
586 1.97721e+03 1.53320e+03
587 2.00260e+03 1.50779e+03
588 1.92641e+03 1.30461e+03
589 1.93910e+03 1.60939e+03
590 1.90100e+03 1.25381e+03
591 2.00260e+03 1.05061e+03
592 2.00260e+03 1.25381e+03
593 2.02801e+03 9.99800e+02
594 1.95180e+03 1.25381e+03
595 2.00260e+03 1.17760e+03
596 2.10420e+03 9.99800e+02
597 2.02801e+03 1.15221e+03
598 2.00260e+03 9.99800e+02
599 1.91369e+03 1.15221e+03
600 1.97721e+03 9.99800e+02
601 1.85020e+03 1.17760e+03
602 1.85020e+03 1.81260e+03
603 1.87561e+03 2.01580e+03
604 1.86289e+03 1.88881e+03
605 1.85020e+03 1.07600e+03
606 1.85020e+03 1.30461e+03
607 1.85020e+03 1.40619e+03
608 1.79939e+03 1.33000e+03
609 1.72320e+03 1.10141e+03
610 1.67240e+03 8.72790e+02
611 1.63430e+03 7.33110e+02
612 1.57080e+03 7.96600e+02
613 1.58350e+03 7.33110e+02
614 1.59619e+03 8.47400e+02
615 1.59619e+03 1.12680e+03
616 1.59619e+03 1.17760e+03
617 1.59619e+03 9.23590e+02
618 1.57080e+03 1.07600e+03
619 1.59619e+03 1.35539e+03
620 1.67240e+03 8.47400e+02
621 1.62160e+03 1.43160e+03
622 1.57080e+03 9.99800e+02
623 1.59619e+03 9.49000e+02
624 1.57080e+03 1.25381e+03
625 1.53270e+03 1.22840e+03
626 1.44381e+03 1.45699e+03
627 1.49461e+03 1.20301e+03
628 1.54539e+03 8.47400e+02
629 1.52000e+03 1.43160e+03
630 1.59619e+03 8.98200e+02
631 1.67240e+03 7.07700e+02
632 1.67240e+03 8.21990e+02
633 1.57080e+03 1.20301e+03
634 1.57080e+03 1.48240e+03
635 1.59619e+03 1.48240e+03
636 1.67240e+03 1.20301e+03
637 1.59619e+03 1.40619e+03
638 1.64699e+03 1.38080e+03
639 1.54539e+03 1.78721e+03
640 1.52000e+03 1.76180e+03
641 1.54539e+03 1.81260e+03
642 1.49461e+03 1.55859e+03
643 1.54539e+03 1.68561e+03
644 1.54539e+03 1.55859e+03
645 1.46920e+03 1.63480e+03
646 1.46920e+03 1.55859e+03
647 1.44381e+03 1.76180e+03
648 1.49461e+03 1.81260e+03
649 1.52000e+03 2.14279e+03
650 1.54539e+03 2.24439e+03
651 1.49461e+03 1.88881e+03
652 1.44381e+03 1.68561e+03
653 1.44381e+03 1.88881e+03
654 1.46920e+03 9.74390e+02
655 1.54539e+03 7.33110e+02
656 1.49461e+03 8.47400e+02
657 1.49461e+03 1.12680e+03
658 1.49461e+03 1.17760e+03
659 1.53270e+03 8.72790e+02
660 1.54539e+03 1.30461e+03
661 1.49461e+03 1.07600e+03
662 1.49461e+03 9.49000e+02
663 1.49461e+03 1.30461e+03
664 1.44381e+03 1.33000e+03
665 1.44381e+03 1.05061e+03
666 1.36760e+03 1.30461e+03
667 1.39301e+03 1.43160e+03
668 1.39301e+03 8.98200e+02
669 1.36760e+03 1.15221e+03
670 1.34221e+03 9.99800e+02
671 1.31680e+03 7.33110e+02
672 1.29141e+03 1.12680e+03
673 1.44381e+03 7.96600e+02
674 1.50730e+03 7.33110e+02
675 1.44381e+03 8.47400e+02
676 1.36760e+03 1.48240e+03
677 1.36760e+03 1.20301e+03
678 1.41840e+03 8.60100e+02
679 1.36760e+03 1.33000e+03
680 1.36760e+03 9.23590e+02
681 1.36760e+03 1.10141e+03
682 1.36760e+03 8.21990e+02
683 1.46920e+03 7.07700e+02
684 1.24061e+03 9.74390e+02
685 1.18980e+03 8.21990e+02
686 1.15170e+03 1.27920e+03
687 1.06279e+03 1.50779e+03
688 1.06279e+03 1.27920e+03
689 1.08820e+03 1.31730e+03
690 1.06279e+03 9.23590e+02
691 9.86600e+02 1.45699e+03
692 9.61190e+02 1.40619e+03
693 8.59610e+02 1.27920e+03
694 8.59610e+02 1.02520e+03
695 9.35800e+02 1.58400e+03
696 8.97700e+02 1.41891e+03
697 8.59610e+02 1.15221e+03
698 8.08810e+02 1.33000e+03
699 8.59610e+02 1.53320e+03
700 8.34200e+02 1.93961e+03
701 8.08810e+02 1.86340e+03
702 7.58010e+02 1.66020e+03
703 7.58010e+02 1.27920e+03
704 7.58010e+02 1.17760e+03
705 6.81800e+02 1.78721e+03
706 6.81800e+02 1.83801e+03
707 7.07210e+02 1.93961e+03
708 7.32600e+02 1.93961e+03
709 7.83400e+02 1.88881e+03
710 7.58010e+02 1.78721e+03
711 7.32600e+02 1.58400e+03
712 6.81800e+02 1.35539e+03
713 6.81800e+02 1.27920e+03
714 6.56410e+02 1.83801e+03
715 6.81800e+02 9.99800e+02
716 7.13550e+02 1.82529e+03
717 7.19900e+02 1.83164e+03
718 6.81800e+02 2.04119e+03
719 7.58010e+02 1.93961e+03
720 8.08810e+02 1.96500e+03
721 8.08810e+02 1.15221e+03
722 8.08810e+02 9.99800e+02
723 8.08810e+02 9.49000e+02
724 6.81800e+02 9.23590e+02

1   10  724   12   13  715    2  723   14  722   18   11
2   10  715  724   11  722    3  723  704  694  721   13
3   10    4  713    2  704   11  715  703  721  712  724
4   10  713    3  712  703  704   11  698  721    2  693
5   10  705  714  706  716    7  710  717    9  702   10
6   10  720   15  700  719  708  718  707   17  709  701
7   10  717  716  706  710    8  705  714  709  701    9
8   10  709  717    7  701  716  710  719  706  708  707
9   10   10  710  702   16    7  716  705  717    5    8
10   10    9  710   16  702    7  701   20  717  716    8
11   10  721  704    2  697  722  694  715    3  723  703
12   10   13   14  724    1  723   18  722  715   26    2
13   10   12  724  723   14    1  722   18  715    2  694
14   10   18   99   12   13   26   27   91   92   23   95
15   10    6   17  720  700   86  719  708   85  709  718
16   10   19   20   10  701    9  710   98  709    8   87
17   10  100  700  101   15  720    6   19  701  709  719
18   10   14   99   27   26   91   12   13   92   95   23
19   10   20   16   98   87  100  701  101   10  102   17
20   10   19   98   16   87   10  102   88    9  100  701
21   10   25   24  697  693  721   93   29  688  694  704
22   10  692  691  696   93   96  689   94  688   47   30
23   10   28   95  690   26   92   27   43   46   40   48
24   10   25   21   93  688   29   45  697   39  693  689
25   10   24   21   29  697   39   93   44  688   45  721
26   10   27   95   92   23   99   91   28   40  690   18
27   10   26   92   91   99   95   23   40   28   18  690
28   10   23   95  690   26   43   92   27   46   40  694
29   10   44   39   25   24   45   37   21  688   93  686
30   10   47   31   96  687   38   82  689  691   22   94
31   10   82   30  687   47   96   34   65   38  103   94
32   10  684   46   43   81   48  685  690   40   37  670
33   10  686   36   45  689   38   39  688   35   37  672
34   10   65   31   82  107   78  676   38   30   67   35
35   10  679  666   36   38  667   33  676  664  686   34
36   10   33   35  666  677  686  679  672  669   38   45
37   10   44   39  672   79   29  684   45   33   32   36
38   10   47   30   35  686   31  689   33   34   36   82
39   10   44   29   45   37   25   33  686  688   24   93
40   10   48   92   91  685   81   95   42   43   27  690
41   10   49   42   80  685  671   40   81   91   48   92
42   10   49   41  685   40   91   80   81   92   48   99
43   10   46  690   48   32   95   40   23   81   92   28
44   10   39   29   37   45   25   46   24   33   32   43
45   10  686  688   39   33  689   93   29   44   24   25
46   10   43  690   32   48   95   23   81   40   28  684
47   10   30   38   31  689   96  687   22   82  686  688
48   10   40   81  685   43   92   46  690   95   32   91
49   10   41   42   80  685   81   40  671   91   48   92
50   10   66  108   51  109   59   67   68   78   65  117
51   10   50  108   66  109   59   68  112   52   78  117
52   10   60  112   59   61  105   58   62   57   69   56
53   10   73   54   72   55   74  111   57   77  115   75
54   10   72   53   73   55   74  111   57   77  115   56
55   10   54   53   72   73   74   57  111   56   77   58
56   10   58   62   61  105   57   77   55   76   60   75
57   10   58   56   61   62   77  105   76   75  113  114
58   10   61   56   62  105   57   77   76   60   55   52
59   10   51   52   60  109  112   50  108   66  647   69
60   10   52  105   59   61   62   58   56  112  653   57
61   10   58   62   56  105   57   60   77   52   76  113
62   10   61   56   58  105   57   60   77   55   52   76
63   10   70   84  104  116   71  106   64  115   86   85
64   10  115  111   85   83  116   74   73   72   53   54
65   10   67   82   34   78   31  107  108   66  103   50
66   10   50  108   51  109   67   68   59   78   65   69
67   10   65   66   82  103   50   88  108   89   78  102
68   10  109   69   90   66  112   50  102   51   88  108
69   10  112   90  109   68  113  114   76  110   52   75
70   10   63  104  116   84   71  106  115   64   85   86
71   10  106  116  104   70  115   72   73   54   53   63
72   10   73   54   53   55   74  111  115   57   77   71
73   10   72   53   54   55   74  111  115   57   77   75
74   10  111   73   53   72   54   55  115   77   75   76
75   10  114   76  113   77  110   57  111   74   58  112
76   10  113   75  114   77  110   57   58   74  112  111
77   10   76   75  113  114   57  110   74  111   58   56
78   10  107  117  108   65   34   50   66   67   51  676
79   10  672  681  670   37  669  684  677  665   32  680
80   10  671   41   49   42  685  682   81   40   48  673
81   10  685   48   40   32   43   49   42   46   92  684
82   10   31   65  687   67   30   34  103   96   47   89
83   10   85   64  115  110  111   74  114   75  101  113
84   10   63   70   86  116  104   85   64  115   71  106
85   10   83   64  115  111   86  110  116   74   84  101
86   10   84   85   15   63   64   83   70  115  116   17
87   10  102   98   88   20   89   19   97  103   16   68
88   10  102   89   87  103   97   98   67   68   20   66
89   10  103   97   88  102   87   98  695   67  687   94
90   10   69  101   68  100  109  110  112  102  114  113
91   10   92   27   40   99   26   42   95   48   49  685
92   10   40   91   95   27   26   48   23  690   99   43
93   10  688  689   24   45   22  686   25   21  692   47
94   10  691   96  687  695   97  692  696   22  103  699
95   10   23   92  690   26   28   27   40   43   48   91
96   10  687   94  691   30   31   47  692   82   22  103
97   10   89  103  695   88   94  687   98   87   96  102
98   10   20   87   19   88  102   89   97   16  695  103
99   10   27   91   26   18   92   14   40   95   42   23
100   10  101   17   90   19   20   83   87  102   16  700
101   10  100   90   17   83   19   69  110   85   68  102
102   10   88   87   98   89   68  103   20   90   97   67
103   10   89   97   88  687   67   82   94  102   96  695
104   10   70   63   71  116  106   84  115   64   72   73
105   10   62   61   56   58   57   60   52   77   76   55
106   10   71  116  104   72   54   73   53   70   55  115
107   10   78  117   34  676  108   65   50  646  645   67
108   10   50   51   66   78  109   59  117  107   67   65
109   10   68   51   66   69  112   50   59   52  108   90
110   10  114   75  113   76   77  111   74   83   69   57
111   10   74  115   73   53   72   54   64   55  110   77
112   10   52   69  109  113   76  114   75   77   60   59
113   10  114   76   75   77  110   57  112   69   58  111
114   10  113   75   76   77  110   57  111   74  112   69
115   10   64  111   74  116   73   72   83   53   85   54
116   10   71  106   70  104  115   63   64   72  111   73
117   10  107   78  652  645  108  646   51   50  647  642
118   10  650  122  649  171  106  119   71  104   54   72
119   10  649  651  653  123  169  170  124  125  168  105
120   10  121  641  639  640  648  151  651  150  643  647
121   10  120  641  639  151  640  150  648  651  643  136
122   10  650  171  118  649  119  132  170  169  133  125
123   10  168  124  169  167  125  170  149  146  172  126
124   10  125  169  170  167  126  168  123  172  146  149
125   10  170  124  169  167  126  168  172  123  146  149
126   10  125  167  170  124  169  172  146  168  123  149
127   10  132  133  130  128  129  603  284  126  131  283
128   10  133  131  127  132  279  130  129  282  281  277
129   10  284  130  283  281  280  603  127  278  276  131
130   10  129  284  603  127  283  281  132  280  133  585
131   10  279  282  128  277  281  133  276  280  273  129
132   10  127  133  128  130  126  171  603  129  170  125
133   10  128  132  127  131  130  129  279  281  284  282
134   10  148  135  589  137  136  602  138  586  147  581
135   10  136  147  150  148  602  134  151  149  584  604
136   10  150  135  151  147  148  149  602  121  120  134
137   10  138  141  607  152  134  148  583  589  608  586
138   10  137  141  607  152  583  608  153  606  638  621
139   10  140  601  162  606  608  590  157  153  636  599
140   10  139  162  157  636  601  608  153  606  609  159
141   10  152  138  137  153  607  638  608  621  637  583
142   10  166  144  173  165  145  161  600  605  175  154
143   10  164  155  163  631  174  156  611  632  176  177
144   10  173  145  142  175  184  177  166  600  179  598
145   10  144  173  184  177  179  175  142  180  600  598
146   10  172  149  167  168  126  124  125  170  169  123
147   10  136  135  602  149  151  150  604  146  168  172
148   10  134  135  136  137  150  147  138  589  151  141
149   10  146  168  172  147  123  167  151  604  124  125
150   10  151  136  121  135  147  120  639  641  148  149
151   10  150  136  121  147  120  149  135  641  123  639
152   10  141  153  638  138  621  608  159  137  607  637
153   10  152  608  159  638  141  140  162  139  606  619
154   10  165  160  158  609  166  161  610  623  605  617
155   10  164  631  611  143  156  632  163  620  613  610
156   10  632  620  610  155  161  164  163  614  611  631
157   10  609  162  636  160  140  158  139  601  616  615
158   10  160  609  154  157  615  618  622  616  636  162
159   10  619  638  153  624  660  636  637  152  633  162
160   10  609  158  154  157  165  605  162  166  636  615
161   10  610  620  156  154  632  165  163  166  142  630
162   10  140  636  157  139  609  153  159  160  601  616
163   10  164  143  156  155  161  177  632  620  144  174
164   10  155  143  631  163  156  611  632  620  610  613
165   10  166  154  142  605  160  161  609  144  158  173
166   10  165  142  605  154  144  161  173  160  609  600
167   10  124  125  170  169  126  168  172  123  146  149
168   10  123  167  124  169  125  170  149  146  172  126
169   10  170  124  125  167  126  168  123  172  146  149
170   10  125  169  124  167  126  168  172  123  146  149
171   10  122  650  118  649  132  133  127  128  170  169
172   10  146  167  126  125  124  170  169  149  168  123
173   10  144  145  142  175  184  600  598  166  177  593
174   10  176  178  177  179  183  143  163  180  181  145
175   10  184  173  598  600  593  145  144  596  591  179
176   10  178  174  183  177  179  181  180  143  145  184
177   10  179  145  174  176  180  144  184  178  173  163
178   10  176  183  174  181  179  180  177  182  184  145
179   10  177  180  184  178  145  176  183  181  174  182
180   10  179  181  182  184  183  178  177  176  145  175
181   10  183  180  182  178  179  176  184  177  174  560
182   10  181  180  560  183  179  184  178  175  176  177
183   10  178  181  176  180  179  174  182  177  184  145
184   10  175  145  179  180  173  144  177  182  598  600
185   10  186  553  554  187  551  564  552  575  546  547
186   10  553  187  554  185  551  564  546  575  547  552
187   10  554  186  553  185  551  564  547  546  575  552
188   10  545  550  556  548  190  574  543  557  555  566
189   10  258  544  265  548  543  524  542  523  555  556
190   10  545  543  542  548  257  256  192  188  247  196
191   10  270  535  533  539  532  536  538  537  549  531
192   10  256  247  208  542  221  190  519  257  543  254
193   10  267  194  260  198  264  261  527  263  525  268
194   10  195  197  198  193  267  527  268  266  269  259
195   10  197  194  198  266  269  527  526  523  193  521
196   10  199  201  257  236  207  541  254  205  540  528
197   10  195  198  527  194  526  266  521  269  515  523
198   10  527  197  195  526  194  193  515  211  266  521
199   10  201  236  196  541  207  205  528  540  257  529
200   10  237  206  203  242  239  238  235  240  534  204
201   10  236  199  205  207  196  541  528  540  254  246
202   10  204  203  270  538  243  534  255  238  241  237
203   10  534  200  237  202  204  238  530  206  239  242
204   10  202  243  203  241  238  255  237  227  270  538
205   10  201  236  207  246  199  245  528  196  541  540
206   10  242  239  237  238  200  235  240  203  241  204
207   10  201  205  199  236  254  196  220  513  246  541
208   10  221  247  192  256  519  514  254  542  257  226
209   10  222  521  515  526  517  248  520  225  516  512
210   10  522  252  249  511  262  263  211  525  264  261
211   10  251  522  250  248  527  264  263  260  261  210
212   10  511  252  509  249  506  213  508  253  210  214
213   10  509  214  508  253  510  212  249  511  507  512
214   10  213  510  512  253  509  508  345  507  250  498
215   10  218  229  217  219  244  230  322  227  231  228
216   10  223  224  346  350  226  225  516  351  519  517
217   10  218  227  215  244  219  243  229  241  230  255
218   10  244  215  219  217  227  243  229  255  246  245
219   10  218  244  215  246  245  217  255  227  229  243
220   10  513  228  207  254  331  324  325  205  348  201
221   10  208  514  247  254  256  192  519  513  352  196
222   10  209  515  521  517  526  248  512  225  223  516
223   10  225  224  226  216  516  517  346  518  222  520
224   10  226  225  223  516  216  518  519  517  520  346
225   10  516  226  223  224  517  518  520  216  209  222
226   10  224  225  516  223  518  519  517  216  520  209
227   10  243  241  217  218  244  215  238  219  255  204
228   10  331  220  325  324  322  513  323  332  219  230
229   10  230  231  215  322  327  217  326  218  331  219
230   10  229  231  322  215  326  327  329  331  332  218
231   10  326  230  229  327  322  334  355  329  333  332
232   10  321  233  330  320  234  328  240  318  235  319
233   10  330  232  234  321  320  240  235  239  242  328
234   10  233  330  232  240  320  321  235  241  239  227
235   10  240  242  239  206  238  237  330  234  233  200
236   10  201  199  205  541  528  196  540  207  531  246
237   10  238  200  206  239  242  203  240  235  241  204
238   10  237  239  206  242  240  241  200  235  203  204
239   10  242  206  240  235  238  237  200  241  234  203
240   10  235  239  242  238  206  234  237  241  233  330
241   10  243  227  238  204  240  239  217  237  242  244
242   10  239  206  235  240  237  238  200  241  234  203
243   10  227  241  244  204  217  255  218  238  202  219
244   10  218  219  255  217  215  243  227  245  246  241
245   10  246  255  219  205  244  218  236  270  201  191
246   10  245  205  219  255  244  218  236  201  207  215
247   10  256  192  208  221  254  257  519  542  190  196
248   10  251  250  512  515  211  526  527  253  209  198
249   10  252  511  253  210  212  213  509  250  522  251
250   10  251  248  512  253  211  515  214  249  527  213
251   10  250  248  211  512  253  515  527  526  522  198
252   10  249  511  210  212  253  509  213  522  250  251
253   10  250  249  213  512  251  214  252  511  509  248
254   10  207  221  513  196  247  208  256  220  199  201
255   10  245  244  246  243  219  270  204  218  191  202
256   10  247  192  208  257  221  190  542  254  519  196
257   10  196  190  256  199  247  192  545  541  529  254
258   10  189  265  544  524  523  269  266  548  543  542
259   10  272  274  271  268  267  194  269  278  195  197
260   10  261  264  525  263  262  522  193  211  210  267
261   10  264  525  263  260  262  522  193  211  210  267
262   10  525  263  264  261  260  522  210  211  193  251
263   10  264  525  261  262  260  522  211  210  193  527
264   10  263  261  525  260  262  522  211  193  210  527
265   10  258  523  524  189  518  520  266  269  517  544
266   10  523  269  524  195  197  521  198  526  194  265
267   10  268  193  271  194  259  195  260  275  272  198
268   10  271  267  259  275  272  193  194  273  274  276
269   10  524  266  523  195  197  194  265  258  259  521
270   10  191  535  533  538  539  536  532  255  202  537
271   10  268  267  272  275  259  273  274  194  276  193
272   10  274  259  271  278  276  268  280  275  281  267
273   10  277  275  282  279  276  271  281  280  131  268
274   10  272  278  259  280  276  283  271  281  284  268
275   10  273  271  277  268  276  282  272  267  279  280
276   10  280  281  278  282  277  283  272  279  273  274
277   10  282  279  273  276  131  275  281  280  278  271
278   10  280  274  276  283  272  281  284  129  585  259
279   10  282  277  131  281  273  276  280  128  275  129
280   10  281  276  278  283  284  282  129  274  272  279
281   10  280  276  283  282  284  278  129  279  277  131
282   10  279  277  131  281  273  276  280  275  278  283
283   10  284  129  280  278  281  130  276  585  274  603
284   10  283  129  130  280  281  278  603  276  585  127
285   10  287  288  290  286  291  289  505  484  502  302
286   10  291  285  289  484  287  290  288  292  302  485
287   10  290  285  286  291  288  505  289  292  484  502
288   10  285  289  505  502  286  287  302  503  291  354
289   10  302  288  286  484  301  501  291  285  502  504
290   10  287  285  291  286  288  292  289  505  484  404
291   10  286  292  285  290  484  287  289  288  299  302
292   10  291  294  286  404  295  484  299  290  485  287
293   10  409  408  295  294  298  413  458  296  299  417
294   10  408  292  295  404  293  409  299  365  298  291
295   10  299  298  485  484  294  292  293  301  291  286
296   10  417  487  416  486  478  293  457  458  298  481
297   10  477  488  480  490  486  476  491  420  487  418
298   10  295  299  485  300  484  301  293  294  292  302
299   10  485  295  484  298  301  300  302  292  289  291
300   10  301  485  298  299  493  500  494  501  302  484
301   10  485  302  484  299  300  501  289  500  504  298
302   10  289  301  501  504  484  485  288  502  286  299
303   10  317  305  308  306  319  318  307  320  304  315
304   10  357  356  355  311  317  306  334  314  313  326
305   10  308  303  307  306  319  317  315  309  318  310
306   10  308  317  305  303  357  310  315  304  312  311
307   10  309  319  305  318  308  315  303  402  306  310
308   10  305  306  303  315  317  307  310  309  319  318
309   10  307  402  315  305  308  319  310  318  397  306
310   10  315  312  398  308  306  397  407  402  313  309
311   10  313  312  314  357  304  398  306  361  356  363
312   10  398  313  311  310  406  306  315  314  357  308
313   10  311  312  314  398  357  304  306  363  406  361
314   10  361  363  311  313  356  357  304  362  312  475
315   10  310  309  308  402  305  307  306  397  312  398
316   10  358  362  364  489  360  475  483  403  359  361
317   10  303  306  308  305  304  357  334  328  319  318
318   10  319  307  303  305  308  320  321  309  317  232
319   10  318  307  305  303  308  309  317  320  306  315
320   10  232  321  328  233  234  330  318  303  334  319
321   10  232  330  320  233  234  318  319  328  235  303
322   10  230  331  329  332  229  231  325  323  333  228
323   10  325  337  332  324  336  331  329  338  348  335
324   10  348  325  338  323  337  339  331  336  332  228
325   10  323  324  331  332  337  336  329  348  338  228
326   10  231  327  334  355  230  356  229  328  304  322
327   10  334  326  328  231  229  230  355  304  317  356
328   10  334  327  320  326  317  231  303  232  234  229
329   10  332  333  322  323  337  336  325  331  230  231
330   10  233  232  321  234  235  320  240  242  239  206
331   10  325  228  322  332  323  329  324  337  230  336
332   10  329  323  325  337  322  331  333  336  324  230
333   10  329  332  483  336  359  337  323  322  355  325
334   10  327  328  326  304  317  355  231  357  356  303
335   10  336  339  337  338  492  323  483  497  324  348
336   10  337  323  335  332  325  333  329  483  324  338
337   10  336  323  325  332  335  324  329  338  333  339
338   10  348  339  324  497  347  337  323  325  335  492
339   10  338  497  492  348  335  324  347  337  336  323
340   10  351  499  496  350  342  495  482  346  493  341
341   10  349  342  352  495  350  351  347  340  497  514
342   10  495  341  340  351  499  496  350  349  482  352
343   10  344  345  346  498  510  222  214  507  209  500
344   10  343  345  498  500  494  346  510  507  493  499
345   10  498  510  507  344  343  500  214  353  504  508
346   10  350  216  351  499  343  340  344  223  496  224
347   10  352  497  348  349  338  339  492  324  341  514
348   10  338  324  339  347  497  325  323  337  492  335
349   10  341  352  347  497  342  492  339  495  514  348
350   10  351  346  340  499  216  496  342  341  495  223
351   10  340  499  350  496  342  346  495  482  341  493
352   10  349  347  341  514  497  348  342  338  339  492
353   10  354  507  503  508  502  504  510  498  501  345
354   10  503  502  353  508  504  507  505  288  506  501
355   10  356  326  304  357  359  334  231  327  333  314
356   10  355  304  357  314  359  361  311  326  313  334
357   10  304  311  356  313  306  314  355  317  312  334
358   10  316  483  489  360  364  362  359  475  403  361
359   10  483  333  358  356  355  316  361  329  362  314
360   10  489  364  358  483  316  476  488  335  336  359
361   10  314  363  362  475  356  403  359  311  313  316
362   10  475  403  316  363  361  358  474  364  314  359
363   10  361  314  475  362  474  403  473  405  313  311
364   10  489  360  316  476  358  468  362  475  488  403
365   10  404  410  421  424  422  423  408  415  294  292
366   10  374  373  367  375  376  368  372  377  378  371
367   10  373  374  366  368  372  375  376  371  377  370
368   10  372  373  367  371  374  366  370  375  369  376
369   10  370  371  372  368  373  367  374  366  375  472
370   10  371  369  372  368  373  367  374  366  375  376
371   10  370  372  368  369  373  367  374  366  375  376
372   10  368  371  373  367  374  370  366  369  375  376
373   10  367  374  366  368  372  375  376  371  370  377
374   10  366  373  367  375  368  372  376  371  377  378
375   10  376  377  366  378  374  367  373  379  368  380
376   10  375  377  378  366  374  379  367  373  380  381
377   10  378  376  379  375  380  381  366  382  374  367
378   10  377  379  376  375  380  381  382  366  374  383
379   10  380  378  377  381  382  376  375  383  384  366
380   10  381  382  379  383  378  377  384  376  375  385
381   10  380  382  379  383  378  377  384  376  375  385
382   10  381  380  383  384  379  378  377  376  385  375
383   10  382  384  381  380  379  385  378  377  388  387
384   10  383  382  381  380  388  387  379  389  385  378
385   10  383  384  381  382  388  380  387  399  389  386
386   10  389  391  387  390  392  388  393  394  384  385
387   10  389  388  386  390  391  392  394  393  384  383
388   10  387  389  386  390  391  392  384  393  383  394
389   10  387  386  388  390  391  392  393  394  384  383
390   10  391  392  386  389  387  388  393  394  384  383
391   10  390  392  386  389  393  387  388  394  384  400
392   10  391  390  393  386  389  387  394  388  384  400
393   10  392  391  394  390  386  389  387  388  400  384
394   10  393  386  391  392  390  389  387  400  388  385
395   10  396  401  397  400  394  402  407  393  392  391
396   10  395  401  397  402  400  394  407  309  393  315
397   10  401  407  402  395  400  310  315  399  396  398
398   10  312  406  313  310  399  407  311  405  315  397
399   10  407  406  400  398  385  401  397  405  312  310
400   10  407  394  401  399  397  385  386  387  393  389
401   10  397  407  400  395  402  399  396  310  394  315
402   10  309  315  397  401  307  310  395  396  407  308
403   10  475  362  474  363  316  473  468  361  358  364
404   10  365  292  294  408  291  290  410  286  295  287
405   10  473  406  471  398  363  474  313  399  312  314
406   10  398  399  405  312  407  313  310  473  385  311
407   10  399  401  400  397  406  398  310  385  312  394
408   10  409  294  410  414  293  365  415  404  413  462
409   10  408  414  413  410  293  462  461  415  294  458
410   10  415  414  408  409  462  365  432  433  435  429
411   10  412  453  451  457  458  461  449  448  452  450
412   10  411  457  458  416  453  460  463  417  413  451
413   10  458  461  414  409  462  453  411  412  293  408
414   10  462  409  410  413  461  415  408  458  437  435
415   10  410  414  432  433  462  435  431  434  429  436
416   10  457  417  412  458  296  460  420  459  411  463
417   10  416  296  457  458  487  412  413  293  486  420
418   10  467  419  466  455  456  469  477  454  420  470
419   10  466  467  418  455  459  420  464  456  465  477
420   10  459  419  466  477  416  418  460  467  486  457
421   10  422  423  424  425  426  427  365  428  429  415
422   10  421  423  424  425  426  427  428  365  429  430
423   10  424  422  421  425  426  427  365  428  429  430
424   10  423  422  421  365  425  426  427  428  429  415
425   10  426  427  428  429  430  431  422  421  423  432
426   10  427  425  428  429  430  431  432  433  422  421
427   10  426  428  425  429  430  431  432  433  422  435
428   10  427  426  429  425  430  431  432  433  435  434
429   10  428  430  427  426  431  425  432  433  435  434
430   10  431  429  428  432  433  427  426  435  434  425
431   10  430  432  433  435  429  434  436  428  427  426
432   10  433  435  434  431  436  430  437  438  429  439
433   10  432  435  434  431  436  430  437  438  429  439
434   10  435  436  433  432  437  438  431  439  430  440
435   10  434  433  432  436  437  431  438  430  439  440
436   10  434  437  435  438  433  432  439  440  431  441
437   10  438  436  439  440  434  441  435  442  433  432
438   10  437  439  436  440  441  442  434  435  433  432
439   10  440  441  442  438  437  436  443  444  434  435
440   10  439  441  442  438  437  443  444  436  434  435
441   10  440  442  439  443  438  437  444  436  445  446
442   10  441  440  439  443  444  438  437  445  436  446
443   10  444  445  446  441  442  440  439  447  448  438
444   10  443  445  446  442  441  447  440  439  448  449
445   10  446  444  447  443  448  449  450  442  441  453
446   10  445  447  444  443  448  449  450  442  453  441
447   10  448  446  445  449  450  444  443  451  453  452
448   10  449  450  447  451  446  445  452  453  444  443
449   10  448  450  447  451  446  445  452  453  444  443
450   10  449  448  451  452  447  446  445  453  444  443
451   10  450  452  449  448  453  447  446  445  411  444
452   10  451  450  449  448  447  453  446  445  411  444
453   10  411  451  449  448  446  445  450  461  447  452
454   10  470  456  469  455  467  418  468  472  466  464
455   10  467  456  466  464  419  418  454  465  469  470
456   10  455  454  467  470  469  418  466  464  419  468
457   10  412  416  460  411  417  458  463  459  453  420
458   10  413  412  461  411  457  417  416  453  409  414
459   10  460  420  466  419  463  464  465  457  467  455
460   10  463  459  457  412  465  416  411  464  420  466
461   10  413  462  453  414  443  445  446  458  444  411
462   10  414  461  441  437  439  440  415  443  436  438
463   10  460  459  465  457  412  411  464  416  466  452
464   10  465  455  466  419  459  456  467  463  460  418
465   10  464  466  463  455  459  460  419  467  456  418
466   10  419  467  455  418  459  464  456  465  420  460
467   10  418  419  455  466  456  469  464  454  470  459
468   10  469  470  364  476  403  454  475  418  362  316
469   10  470  468  454  456  418  467  455  476  364  419
470   10  454  469  456  468  467  472  455  418  474  403
471   10  473  472  405  474  366  374  375  373  371  367
472   10  471  474  473  470  369  454  403  371  370  372
473   10  474  405  471  363  472  403  475  362  406  361
474   10  473  403  475  363  362  472  471  405  361  468
475   10  362  403  363  474  316  361  358  473  468  364
476   10  364  477  488  468  489  360  297  469  418  316
477   10  476  297  418  488  420  419  467  466  480  468
478   10  479  481  487  482  486  490  296  493  495  496
479   10  478  481  482  490  487  495  486  496  493  340
480   10  491  488  490  297  492  477  476  486  479  360
481   10  479  482  478  493  496  487  495  494  499  300
482   10  481  479  496  495  340  478  499  493  351  342
483   10  358  359  360  333  316  489  336  335  337  329
484   10  485  299  301  289  286  302  291  295  292  298
485   10  299  484  301  298  295  300  302  289  286  291
486   10  487  297  478  490  479  296  420  477  417  481
487   10  296  486  478  479  417  481  416  490  482  297
488   10  480  297  476  491  477  489  360  364  490  492
489   10  360  364  358  316  483  476  488  362  468  335
490   10  480  297  479  491  486  478  495  488  482  481
491   10  480  492  488  490  497  335  339  297  360  495
492   10  497  339  491  335  338  347  348  349  480  324
493   10  494  496  482  499  481  300  500  340  351  344
494   10  493  500  496  300  344  499  482  340  481  498
495   10  342  482  340  496  351  499  341  479  490  481
496   10  499  340  351  482  493  350  342  495  494  481
497   10  492  339  347  338  348  349  352  335  491  324
498   10  345  507  510  344  500  504  501  353  343  508
499   10  496  340  351  350  342  482  493  346  495  494
500   10  501  498  494  504  300  344  301  345  302  507
501   10  504  302  500  301  289  498  507  502  353  354
502   10  354  503  353  504  288  505  289  508  501  302
503   10  354  502  353  505  508  506  288  504  507  509
504   10  501  353  502  302  507  354  500  498  289  503
505   10  503  288  502  354  506  285  353  287  289  508
506   10  503  212  505  508  509  354  502  353  213  511
507   10  510  498  353  345  504  508  354  501  502  503
508   10  353  509  354  213  510  507  503  502  506  214
509   10  213  508  212  214  253  510  511  506  249  353
510   10  507  345  214  498  508  353  213  509  354  504
511   10  252  249  212  210  253  509  213  506  522  250
512   10  250  248  251  253  214  515  211  213  222  209
513   10  220  254  207  228  324  348  347  221  514  331
514   10  221  352  208  347  349  341  519  254  247  513
515   10  526  248  209  521  222  527  512  251  250  198
516   10  225  517  518  226  520  224  223  519  209  216
517   10  520  516  225  518  226  223  521  224  209  222
518   10  520  516  517  225  226  519  224  265  223  523
519   10  226  208  518  224  192  516  247  225  221  256
520   10  517  518  516  225  521  226  523  209  224  265
521   10  526  209  515  520  222  266  517  197  523  198
522   10  210  262  263  264  525  261  211  260  251  249
523   10  266  524  269  265  521  520  195  258  197  517
524   10  269  523  266  265  258  195  189  197  521  520
525   10  263  261  264  262  260  522  210  211  193  267
526   10  515  527  198  521  197  248  195  209  251  222
527   10  198  526  197  211  515  195  194  248  193  251
528   10  540  541  531  236  537  529  539  199  201  547
529   10  540  541  547  528  531  537  564  199  546  257
530   10  534  565  560  203  202  538  182  200  204  562
531   10  537  540  528  547  539  546  532  536  533  541
532   10  533  536  535  539  191  537  531  270  549  546
533   10  535  532  536  539  191  537  270  531  549  546
534   10  530  203  565  202  560  200  204  538  237  238
535   10  533  536  532  539  191  537  270  549  531  538
536   10  535  532  533  539  191  537  549  270  531  546
537   10  531  532  539  546  536  533  547  535  528  549
538   10  270  191  535  536  533  532  563  562  539  202
539   10  532  533  536  535  191  537  531  270  549  528
540   10  541  528  531  529  537  547  236  199  546  539
541   10  540  528  529  236  199  531  201  196  537  547
542   10  543  548  190  192  545  256  247  189  519  257
543   10  548  542  190  545  188  189  192  556  256  544
544   10  189  258  555  568  556  548  265  543  572  567
545   10  190  188  548  543  542  257  556  550  256  192
546   10  564  549  547  537  554  553  187  186  185  531
547   10  564  546  531  554  537  187  553  186  529  540
548   10  543  542  545  190  188  556  189  544  555  192
549   10  561  546  563  552  564  537  536  532  535  533
550   10  574  569  188  566  571  557  573  587  556  586
551   10  187  186  554  553  185  564  573  575  547  566
552   10  561  563  549  185  553  186  554  546  564  558
553   10  554  186  187  185  564  551  546  547  552  575
554   10  553  187  186  185  564  551  546  547  552  575
555   10  556  572  568  557  544  576  581  188  548  189
556   10  555  557  188  572  548  550  544  568  545  543
557   10  556  572  555  569  581  550  586  587  188  576
558   10  597  595  552  559  591  592  561  575  185  563
559   10  592  575  594  595  597  570  558  588  185  590
560   10  565  182  530  596  534  180  562  184  175  593
561   10  563  549  552  546  564  562  185  553  554  186
562   10  563  596  561  538  552  549  565  558  593  560
563   10  561  549  552  562  546  536  535  532  533  538
564   10  554  546  553  187  547  186  185  551  549  552
565   10  530  560  534  562  596  538  182  203  202  563
566   10  573  574  551  550  571  187  186  554  569  553
567   10  577  578  568  579  576  580  585  584  572  581
568   10  576  572  567  555  579  581  577  544  578  580
569   10  587  571  550  586  574  557  582  566  573  589
570   10  582  588  571  592  559  575  594  583  573  590
571   10  582  569  574  587  570  573  566  550  586  583
572   10  581  576  555  568  557  556  579  589  567  577
573   10  566  574  551  571  575  187  186  554  553  550
574   10  550  566  573  571  569  188  587  551  582  557
575   10  559  185  551  592  186  187  553  554  570  573
576   10  572  568  581  579  567  577  580  578  555  584
577   10  578  567  579  580  584  585  576  568  604  581
578   10  577  580  579  584  567  585  576  604  568  602
579   10  580  578  584  577  576  567  581  568  572  602
580   10  584  579  578  577  602  567  576  604  581  585
581   10  572  576  589  579  568  557  555  580  584  577
582   10  571  587  570  583  586  569  607  588  574  573
583   10  607  582  588  606  570  138  608  587  137  586
584   10  580  579  578  602  577  604  576  567  581  585
585   10  577  578  567  283  284  580  603  278  584  604
586   10  587  569  589  582  571  557  583  550  581  572
587   10  586  569  582  571  589  557  550  574  583  570
588   10  594  590  606  570  592  583  559  607  608  582
589   10  586  581  134  587  572  557  569  576  137  582
590   10  594  588  606  601  592  599  139  608  595  559
591   10  598  600  593  597  596  558  595  175  599  173
592   10  559  594  595  575  588  570  590  597  558  599
593   10  598  600  591  596  175  173  184  597  558  562
594   10  592  590  588  559  595  599  570  606  597  601
595   10  597  558  592  559  594  599  591  590  575  588
596   10  593  562  598  591  600  175  560  565  558  563
597   10  595  558  559  591  592  599  594  552  575  593
598   10  600  593  591  175  596  173  184  144  145  142
599   10  601  595  605  590  594  597  591  592  139  558
600   10  598  593  591  175  173  142  596  144  184  145
601   10  599  139  590  605  140  594  606  157  162  609
602   10  147  584  604  580  135  149  579  578  136  146
603   10  130  129  284  172  146  126  604  127  283  585
604   10  602  584  146  149  172  147  580  578  603  585
605   10  165  166  599  601  160  142  609  154  157  600
606   10  608  590  588  139  607  583  594  140  601  153
607   10  583  138  608  606  141  137  588  152  582  153
608   10  606  153  607  139  152  140  141  138  590  583
609   10  160  157  158  162  154  636  165  605  615  140
610   10  620  632  156  161  614  630  617  623  612  628
611   10  631  613  155  655  612  632  156  164  620  614
612   10  614  628  613  655  659  674  611  656  632  630
613   10  655  611  612  674  631  614  683  628  632  155
614   10  628  630  612  659  617  620  610  632  656  623
615   10  616  618  633  158  657  636  658  661  625  627
616   10  633  615  624  636  625  658  627  618  657  158
617   10  630  623  614  622  659  628  610  662  620  656
618   10  615  661  622  657  158  616  658  633  665  623
619   10  637  638  660  159  621  624  629  663  635  634
620   10  610  632  156  614  161  630  617  612  611  155
621   10  637  638  635  634  619  629  152  141  159  153
622   10  623  618  617  662  630  654  661  158  615  659
623   10  617  630  622  659  662  614  610  628  620  654
624   10  625  633  660  616  159  663  627  619  658  636
625   10  627  633  624  658  660  616  663  657  615  664
626   10  667  629  676  646  642  664  634  644  679  635
627   10  658  625  633  657  624  663  616  660  615  677
628   10  659  656  614  612  630  617  675  673  662  623
629   10  634  626  637  635  621  619  667  664  663  660
630   10  617  623  614  659  628  610  620  622  612  632
631   10  611  155  164  613  632  143  156  655  612  620
632   10  156  620  610  614  611  155  612  161  630  631
633   10  616  625  624  627  658  615  636  660  657  159
634   10  635  621  629  644  637  642  638  646  626  619
635   10  634  621  637  644  629  638  642  619  646  152
636   10  162  157  616  140  633  159  615  609  624  158
637   10  621  619  638  635  629  634  660  159  152  663
638   10  621  637  619  159  152  153  141  635  634  660
639   10  641  640  120  648  121  643  647  651  151  150
640   10  639  648  641  120  647  643  121  652  651  645
641   10  639  120  648  121  640  651  647  643  653  151
642   10  646  644  645  634  626  635  629  643  652  676
643   10  640  645  652  639  647  641  644  120  648  121
644   10  642  646  634  635  645  643  629  626  621  637
645   10  652  646  642  643  117  644  647  640  107  639
646   10  642  644  645  626  676  634  117  652  629  667
647   10  648  640  652  639  641  643  653  645   59  120
648   10  641  639  640  647  120  651  653  121  643  652
649   10  650  118  122  119  171  106  169  170  124  125
650   10  122  118  171  649  119  106  132  170  169   71
651   10  653  648  641  120  639  121  640  647  119   60
652   10  645  647  117  643  640  646  648  642  639  641
653   10  651  648   60  105   62  641  647   61   56   58
654   10  662  665  622  661  668  680  659  678  675  623
655   10  674  613  612  683  611  628  673  656  614  631
656   10  659  628  675  673  678  612  614  662  630  668
657   10  658  661  627  665  618  615  633  625  616  681
658   10  627  657  625  633  616  661  624  615  618  663
659   10  628  656  614  630  617  612  662  675  623  678
660   10  663  624  619  625  159  664  633  637  627  638
661   10  657  665  618  658  654  622  615  662  627  681
662   10  654  659  622  623  656  617  630  628  675  668
663   10  660  664  625  624  627  619  633  666  658  629
664   10  663  679  666  660  667  626  629  625  627  624
665   10  661  654  657  681  670  662  669  618  658  622
666   10  679  664   35  677   36  663  667  669  627  626
667   10  626  676  679  664  629   35  666  646  663  642
668   10  680  678  675  682  654  662  656  670  673  659
669   10  681  677  672   79  665  658  657  627   36  661
670   10  680   79  684  681  668  665  654  672  669  678
671   10   80  682   49   41  673  683  685  678   42   81
672   10   79  681  669   37  677   36  670  684   33  665
673   10  675  678  656  682  674  683  628  668  659  655
674   10  655  683  613  673  612  656  628  611  675  659
675   10  678  656  673  668  682  659  628  680  662  654
676   10  667  626  107  646   34   78  642   35  679  117
677   10  669  681  666  672   36  679  627  658  664   79
678   10  675  668  682  673  656  680  659  662  654  628
679   10  666  664   35  667  677   36  663  626  676  669
680   10  668  670  678  682  675  654  662  684  673  656
681   10  669  672   79  665  677  670  657  661  658  627
682   10  678  673  668  675  680  671  656  683   80  674
683   10  674  655  673  613  612  675  656  682  671  628
684   10   32  670   79   46  680   81   43   37   48  685
685   10   81   48   40   49   42   41   43   92   32   91
686   10   33   45  689  688   38   36   93   47   39   30
687   10   96   94   31   82   30  691  103   97   47   89
688   10   93  689   45  686   24   22   33   47   39   25
689   10  688   93  686   47   45   30   33   22   38   24
690   10   43   95   23   46   28   48   92   40   26   32
691   10   94  692   96   22  687  696   30   47  695  699
692   10   22  691  696   94   96   93  687   47   30  689
693   10  698  703  697   21  721  704  696   24  692   22
694   10  722  723   11  697  721   28   21    2   25  715
695   10   97  699   94   89  103   98  691   96  687   88
696   10  692  691   22  699   94  698  693   96  695  687
697   10  721   21  704   11  693   25  694   24  722  703
698   10  703  693  696  712  713  704  692  721   22  697
699   10  695  696   94  711  691  692  702   97   96   22
700   10  720  709  719  701  708    6   17    8  707   15
701   10  709    8  700    7  710  719  717   16  720  716
702   10  711    9   10    5  710  705  699    7   16  716
703   10  698  713  704  693  712  721    4  697   11  696
704   10  721   11  703  697  713  693    3  698    2    4
705   10  716  706    5  714  717    7  710    8    9   10
706   10  714  716  717    7  705    8  710    5  707  708
707   10  708  719  709    8  718  720  706  717  714  716
708   10  707  719  709  720    8  700  701  717  718  706
709   10    8  701  719  700  708  720  717    7  707  716
710   10    7    9  717  716   10    8  705  701  706  709
711   10  702  699    9    5   10  695  710  705  696  712
712   10  713  703    4  698  704  693    3  696  711  721
713   10  712  703    4  704  698    3  693  721   11  697
714   10  706  705  716  717    7    5    8  707  710  708
715   10    2  724  722   11  723    3  694  704   13  721
716   10  717    7  706  705  714  710    8  709  701    5
717   10    7  716  706    8  705  710  714  709  701  707
718   10  707  708  719    6  720  709  700    8  706  714
719   10  708  707  709  720  700    8  701    6  717    7
720   10  700  719    6  709  708  701  707    8   17   15
721   10  697  704   11   21  703  693  694  722   25  698
722   10  723  694   11  715    2  724  721  697  704   13
723   10  722  694  724  715   13    2   12   11   28  721
724   10  715    2   13  723    1   12  722   11  694    3
    3    3    1    1    2    1    3    2    1    2    1    1    2    2    3    1    3    1    3    3    1    1    2    2    3    3    1    1    2    2    2    1    1    1    2    3    2    1    3    1    2    2    1    1    1    2    3    2    1    3    3    1    3    1    1    2    3    2    1    2    1    2    1    2    3    2    1    1    3    2    1    3    1    1    3    3    3    2    2    2    3    1    1    1    2    2    1    2    3    1    2    3    1    2    1    3    2    2    3    3    2    2    2    3    2    3    1    2    2    3    3    2    3    2    3    3    1    3    3    2    2    1    1    1    3    3    1    3    2    2    2    1    3    1    2    2    3    1    3    1    3    3    3    1    2    2    2    3    3    1    2    3    3    1    1    2    2    2    1    3    1    2    3    2    2    2    1    1    1    2    1    3    3    2    2    1    2    3    3    2    3    1    2    2    3    1    1    3    1    1    2    1    2    1    1    2    3    2    3    1    1    3    3    2    1    3    1    2    3    3    2    1    1    1    3    3    1    3    3    2    2    2    1    1    2    3    1    3    2    2    2    1    3    2    3    3    1    2    1    3    2    2    1    1    3    1    1    2    1    3    3    1    1    1    1    3    3    3    3    2    1    3    2    2    2    2    1    1    3    1    3    3    3    1    1    1    1    3    3    1    3    1    1    1    3    2    3    1    3    2    2    1    3    2    2    3    1    3    3    1    1    3    2    2    2    3    1    3    3    1    1    3    2    3    3    3    2    2    1    1    1    2    2    1    3    2    2    1    3    3    2    3    2    1    1    3    2    3    2    3    2    1    1    2    1    3    2    2    1    3    1    2    2    3    3    2    1    3    2    3    3    2    3    2    1    3    2    2    1    1    3    1    1    3    1    2    2    2    3    3    2    3    2    3    3    3    3    3    1    1    2    2    3    3    3    2    3    1    2    2    2    2    1    3    1    1    1    2    3    2    1    1    3    2    1    2    2    2    1    1    1    1    3    3    1    3    2    3    2    1    3    2    2    2    2    3    1    3    1    2    3    2    2    2    3    2    3    3    2    1    2    3    3    1    3    2    2    1    1    1    3    2    1    3    2    1    2    2    2    2    1    2    2    3    2    2    2    3    2    1    1    2    2    1    3    1    2    3    2    3    3    2    2    2    1    3    3    1    1    1    1    3    3    2    3    1    1    1    2    1    1    1    3    1    1    3    1    1    1    1    1    2    3    2    3    3    2    3    2    2    2    2    1    1    2    2    2    1    2    2    3    2    1    2    3    1    3    1    1    1    3    2    2    3    3    1    1    3    3    3    2    1    2    2    2    2    2    1    1    3    2    1    1    3    3    2    2    1    2    3    2    1    3    2    3    2    2    3    1    3    1    1    3    3    1    1    3    1    3    1    2    2    1    1    2    1    2    1    1    3    3    1    2    2    2    2    1    1    3    1    1    3    3    1    1    3    1    2    1    2    2    1    2    3    1    2    2    2    1    1    2    2    1    1    1    3    2    1    1    1    3    3    2    3    3    2    1    1    3    1    1    2    2    3    3    1    3    2    1    1    2    2    1    3    3    1    2    3    2    2    2    2    1    3    2    1    2    1    1    2    3    3    1    3    1    3    1    1    2    3    1    1    3    1    3    2    2    2    1    1    1    1    1    1    1    3    3    1    1    2    3    2    1    2