[[15, 83, 10, 18, 13, 21, 7, 30], [19, 16, 24, 33, 4, 85, 69, 76], [84, 11, 17, 8, 6, 31, 23], [14, 12], [3, 9, 35, 2, 20, 22, 1, 5]]
0 15 1371.0
15 83 597.0
83 10 95.0
10 18 803.0
18 13 345.0
13 21 2175.0
21 7 128.0
7 30 672.0
30 0 1137.0
0 19 956.0
19 16 1004.0
16 24 102.0
24 33 177.0
33 4 1184.0
4 85 252.0
85 69 737.0
69 76 1115.0
76 0 1238.0
0 84 216.0
84 11 523.0
11 17 458.0
17 8 609.0
8 6 439.0
6 31 528.0
31 23 152.0
23 0 659.0
0 14 511.0
14 12 234.0
12 0 744.0
0 3 942.0
3 9 580.0
9 35 239.0
35 2 849.0
2 20 806.0
20 22 354.0
22 1 349.0
1 5 552.0
5 0 1440.0
25272.0