B1-1-25-75-6-500.ctp
72 75 1 6 6516.00
0 1 2607.00
0 2 2607.00
0 3 2607.00
0 4 549.00
0 5 549.00
0 6 549.00
0 7 2009.00
0 8 2009.00
0 9 2009.00
0 10 1368.00
0 11 1368.00
0 12 1368.00
0 13 2233.00
0 14 2233.00
0 15 2233.00
0 16 1131.00
0 17 1131.00
0 18 1131.00
0 19 581.00
0 20 581.00
0 21 581.00
0 22 515.00
0 23 515.00
0 24 515.00
0 25 582.00
0 26 582.00
0 27 582.00
0 28 722.00
0 29 722.00
0 30 722.00
0 31 263.00
0 32 263.00
0 33 263.00
0 34 2790.00
0 35 2790.00
0 36 2790.00
0 37 2301.00
0 38 2301.00
0 39 2301.00
0 40 2490.00
0 41 2490.00
0 42 2490.00
0 43 2439.00
0 44 2439.00
0 45 2439.00
0 46 2949.00
0 47 2949.00
0 48 2949.00
0 49 2589.00
0 50 2589.00
0 51 2589.00
0 52 3008.00
0 53 3008.00
0 54 3008.00
0 55 783.00
0 56 783.00
0 57 783.00
0 58 258.00
0 59 258.00
0 60 258.00
0 61 1980.00
0 62 1980.00
0 63 1980.00
0 64 1988.00
0 65 1988.00
0 66 1988.00
0 67 2459.00
0 68 2459.00
0 69 2459.00
0 70 527.00
0 71 527.00
0 72 527.00
1 2 0.00
1 3 0.00
1 4 3154.00
1 5 3154.00
1 6 3154.00
1 7 1013.00
1 8 1013.00
1 9 1013.00
1 10 3183.00
1 11 3183.00
1 12 3183.00
1 13 932.00
1 14 932.00
1 15 932.00
1 16 1480.00
1 17 1480.00
1 18 1480.00
1 19 3056.00
1 20 3056.00
1 21 3056.00
1 22 2097.00
1 23 2097.00
1 24 2097.00
1 25 2886.00
1 26 2886.00
1 27 2886.00
1 28 3328.00
1 29 3328.00
1 30 3328.00
1 31 2435.00
1 32 2435.00
1 33 2435.00
1 34 184.00
1 35 184.00
1 36 184.00
1 37 412.00
1 38 412.00
1 39 412.00
1 40 882.00
1 41 882.00
1 42 882.00
1 43 236.00
1 44 236.00
1 45 236.00
1 46 511.00
1 47 511.00
1 48 511.00
1 49 523.00
1 50 523.00
1 51 523.00
1 52 882.00
1 53 882.00
1 54 882.00
1 55 2274.00
1 56 2274.00
1 57 2274.00
1 58 2578.00
1 59 2578.00
1 60 2578.00
1 61 1244.00
1 62 1244.00
1 63 1244.00
1 64 1287.00
1 65 1287.00
1 66 1287.00
1 67 608.00
1 68 608.00
1 69 608.00
1 70 2091.00
1 71 2091.00
1 72 2091.00
2 3 0.00
2 4 3154.00
2 5 3154.00
2 6 3154.00
2 7 1013.00
2 8 1013.00
2 9 1013.00
2 10 3183.00
2 11 3183.00
2 12 3183.00
2 13 932.00
2 14 932.00
2 15 932.00
2 16 1480.00
2 17 1480.00
2 18 1480.00
2 19 3056.00
2 20 3056.00
2 21 3056.00
2 22 2097.00
2 23 2097.00
2 24 2097.00
2 25 2886.00
2 26 2886.00
2 27 2886.00
2 28 3328.00
2 29 3328.00
2 30 3328.00
2 31 2435.00
2 32 2435.00
2 33 2435.00
2 34 184.00
2 35 184.00
2 36 184.00
2 37 412.00
2 38 412.00
2 39 412.00
2 40 882.00
2 41 882.00
2 42 882.00
2 43 236.00
2 44 236.00
2 45 236.00
2 46 511.00
2 47 511.00
2 48 511.00
2 49 523.00
2 50 523.00
2 51 523.00
2 52 882.00
2 53 882.00
2 54 882.00
2 55 2274.00
2 56 2274.00
2 57 2274.00
2 58 2578.00
2 59 2578.00
2 60 2578.00
2 61 1244.00
2 62 1244.00
2 63 1244.00
2 64 1287.00
2 65 1287.00
2 66 1287.00
2 67 608.00
2 68 608.00
2 69 608.00
2 70 2091.00
2 71 2091.00
2 72 2091.00
3 4 3154.00
3 5 3154.00
3 6 3154.00
3 7 1013.00
3 8 1013.00
3 9 1013.00
3 10 3183.00
3 11 3183.00
3 12 3183.00
3 13 932.00
3 14 932.00
3 15 932.00
3 16 1480.00
3 17 1480.00
3 18 1480.00
3 19 3056.00
3 20 3056.00
3 21 3056.00
3 22 2097.00
3 23 2097.00
3 24 2097.00
3 25 2886.00
3 26 2886.00
3 27 2886.00
3 28 3328.00
3 29 3328.00
3 30 3328.00
3 31 2435.00
3 32 2435.00
3 33 2435.00
3 34 184.00
3 35 184.00
3 36 184.00
3 37 412.00
3 38 412.00
3 39 412.00
3 40 882.00
3 41 882.00
3 42 882.00
3 43 236.00
3 44 236.00
3 45 236.00
3 46 511.00
3 47 511.00
3 48 511.00
3 49 523.00
3 50 523.00
3 51 523.00
3 52 882.00
3 53 882.00
3 54 882.00
3 55 2274.00
3 56 2274.00
3 57 2274.00
3 58 2578.00
3 59 2578.00
3 60 2578.00
3 61 1244.00
3 62 1244.00
3 63 1244.00
3 64 1287.00
3 65 1287.00
3 66 1287.00
3 67 608.00
3 68 608.00
3 69 608.00
3 70 2091.00
3 71 2091.00
3 72 2091.00
4 5 0.00
4 6 0.00
4 7 2515.00
4 8 2515.00
4 9 2515.00
4 10 1413.00
4 11 1413.00
4 12 1413.00
4 13 2739.00
4 14 2739.00
4 15 2739.00
4 16 1679.00
4 17 1679.00
4 18 1679.00
4 19 369.00
4 20 369.00
4 21 369.00
4 22 1064.00
4 23 1064.00
4 24 1064.00
4 25 665.00
4 26 665.00
4 27 665.00
4 28 190.00
4 29 190.00
4 30 190.00
4 31 739.00
4 32 739.00
4 33 739.00
4 34 3337.00
4 35 3337.00
4 36 3337.00
4 37 2841.00
4 38 2841.00
4 39 2841.00
4 40 2996.00
4 41 2996.00
4 42 2996.00
4 43 2987.00
4 44 2987.00
4 45 2987.00
4 46 3497.00
4 47 3497.00
4 48 3497.00
4 49 3135.00
4 50 3135.00
4 51 3135.00
4 52 3548.00
4 53 3548.00
4 54 3548.00
4 55 1203.00
4 56 1203.00
4 57 1203.00
4 58 661.00
4 59 661.00
4 60 661.00
4 61 2497.00
4 62 2497.00
4 63 2497.00
4 64 2500.00
4 65 2500.00
4 66 2500.00
4 67 3003.00
4 68 3003.00
4 69 3003.00
4 70 1074.00
4 71 1074.00
4 72 1074.00
5 6 0.00
5 7 2515.00
5 8 2515.00
5 9 2515.00
5 10 1413.00
5 11 1413.00
5 12 1413.00
5 13 2739.00
5 14 2739.00
5 15 2739.00
5 16 1679.00
5 17 1679.00
5 18 1679.00
5 19 369.00
5 20 369.00
5 21 369.00
5 22 1064.00
5 23 1064.00
5 24 1064.00
5 25 665.00
5 26 665.00
5 27 665.00
5 28 190.00
5 29 190.00
5 30 190.00
5 31 739.00
5 32 739.00
5 33 739.00
5 34 3337.00
5 35 3337.00
5 36 3337.00
5 37 2841.00
5 38 2841.00
5 39 2841.00
5 40 2996.00
5 41 2996.00
5 42 2996.00
5 43 2987.00
5 44 2987.00
5 45 2987.00
5 46 3497.00
5 47 3497.00
5 48 3497.00
5 49 3135.00
5 50 3135.00
5 51 3135.00
5 52 3548.00
5 53 3548.00
5 54 3548.00
5 55 1203.00
5 56 1203.00
5 57 1203.00
5 58 661.00
5 59 661.00
5 60 661.00
5 61 2497.00
5 62 2497.00
5 63 2497.00
5 64 2500.00
5 65 2500.00
5 66 2500.00
5 67 3003.00
5 68 3003.00
5 69 3003.00
5 70 1074.00
5 71 1074.00
5 72 1074.00
6 7 2515.00
6 8 2515.00
6 9 2515.00
6 10 1413.00
6 11 1413.00
6 12 1413.00
6 13 2739.00
6 14 2739.00
6 15 2739.00
6 16 1679.00
6 17 1679.00
6 18 1679.00
6 19 369.00
6 20 369.00
6 21 369.00
6 22 1064.00
6 23 1064.00
6 24 1064.00
6 25 665.00
6 26 665.00
6 27 665.00
6 28 190.00
6 29 190.00
6 30 190.00
6 31 739.00
6 32 739.00
6 33 739.00
6 34 3337.00
6 35 3337.00
6 36 3337.00
6 37 2841.00
6 38 2841.00
6 39 2841.00
6 40 2996.00
6 41 2996.00
6 42 2996.00
6 43 2987.00
6 44 2987.00
6 45 2987.00
6 46 3497.00
6 47 3497.00
6 48 3497.00
6 49 3135.00
6 50 3135.00
6 51 3135.00
6 52 3548.00
6 53 3548.00
6 54 3548.00
6 55 1203.00
6 56 1203.00
6 57 1203.00
6 58 661.00
6 59 661.00
6 60 661.00
6 61 2497.00
6 62 2497.00
6 63 2497.00
6 64 2500.00
6 65 2500.00
6 66 2500.00
6 67 3003.00
6 68 3003.00
6 69 3003.00
6 70 1074.00
6 71 1074.00
6 72 1074.00
7 8 0.00
7 9 0.00
7 10 2976.00
7 11 2976.00
7 12 2976.00
7 13 224.00
7 14 224.00
7 15 224.00
7 16 1079.00
7 17 1079.00
7 18 1079.00
7 19 2325.00
7 20 2325.00
7 21 2325.00
7 22 1572.00
7 23 1572.00
7 24 1572.00
7 25 2449.00
7 26 2449.00
7 27 2449.00
7 28 2703.00
7 29 2703.00
7 30 2703.00
7 31 1778.00
7 32 1778.00
7 33 1778.00
7 34 1161.00
7 35 1161.00
7 36 1161.00
7 37 605.00
7 38 605.00
7 39 605.00
7 40 481.00
7 41 481.00
7 42 481.00
7 43 1029.00
7 44 1029.00
7 45 1029.00
7 46 1521.00
7 47 1521.00
7 48 1521.00
7 49 1390.00
7 50 1390.00
7 51 1390.00
7 52 1843.00
7 53 1843.00
7 54 1843.00
7 55 1991.00
7 56 1991.00
7 57 1991.00
7 58 2076.00
7 59 2076.00
7 60 2076.00
7 61 1622.00
7 62 1622.00
7 63 1622.00
7 64 1667.00
7 65 1667.00
7 66 1667.00
7 67 1375.00
7 68 1375.00
7 69 1375.00
7 70 1581.00
7 71 1581.00
7 72 1581.00
8 9 0.00
8 10 2976.00
8 11 2976.00
8 12 2976.00
8 13 224.00
8 14 224.00
8 15 224.00
8 16 1079.00
8 17 1079.00
8 18 1079.00
8 19 2325.00
8 20 2325.00
8 21 2325.00
8 22 1572.00
8 23 1572.00
8 24 1572.00
8 25 2449.00
8 26 2449.00
8 27 2449.00
8 28 2703.00
8 29 2703.00
8 30 2703.00
8 31 1778.00
8 32 1778.00
8 33 1778.00
8 34 1161.00
8 35 1161.00
8 36 1161.00
8 37 605.00
8 38 605.00
8 39 605.00
8 40 481.00
8 41 481.00
8 42 481.00
8 43 1029.00
8 44 1029.00
8 45 1029.00
8 46 1521.00
8 47 1521.00
8 48 1521.00
8 49 1390.00
8 50 1390.00
8 51 1390.00
8 52 1843.00
8 53 1843.00
8 54 1843.00
8 55 1991.00
8 56 1991.00
8 57 1991.00
8 58 2076.00
8 59 2076.00
8 60 2076.00
8 61 1622.00
8 62 1622.00
8 63 1622.00
8 64 1667.00
8 65 1667.00
8 66 1667.00
8 67 1375.00
8 68 1375.00
8 69 1375.00
8 70 1581.00
8 71 1581.00
8 72 1581.00
9 10 2976.00
9 11 2976.00
9 12 2976.00
9 13 224.00
9 14 224.00
9 15 224.00
9 16 1079.00
9 17 1079.00
9 18 1079.00
9 19 2325.00
9 20 2325.00
9 21 2325.00
9 22 1572.00
9 23 1572.00
9 24 1572.00
9 25 2449.00
9 26 2449.00
9 27 2449.00
9 28 2703.00
9 29 2703.00
9 30 2703.00
9 31 1778.00
9 32 1778.00
9 33 1778.00
9 34 1161.00
9 35 1161.00
9 36 1161.00
9 37 605.00
9 38 605.00
9 39 605.00
9 40 481.00
9 41 481.00
9 42 481.00
9 43 1029.00
9 44 1029.00
9 45 1029.00
9 46 1521.00
9 47 1521.00
9 48 1521.00
9 49 1390.00
9 50 1390.00
9 51 1390.00
9 52 1843.00
9 53 1843.00
9 54 1843.00
9 55 1991.00
9 56 1991.00
9 57 1991.00
9 58 2076.00
9 59 2076.00
9 60 2076.00
9 61 1622.00
9 62 1622.00
9 63 1622.00
9 64 1667.00
9 65 1667.00
9 66 1667.00
9 67 1375.00
9 68 1375.00
9 69 1375.00
9 70 1581.00
9 71 1581.00
9 72 1581.00
10 11 0.00
10 12 0.00
10 13 3180.00
10 14 3180.00
10 15 3180.00
10 16 1899.00
10 17 1899.00
10 18 1899.00
10 19 1742.00
10 20 1742.00
10 21 1742.00
10 22 1500.00
10 23 1500.00
10 24 1500.00
10 25 805.00
10 26 805.00
10 27 805.00
10 28 1386.00
10 29 1386.00
10 30 1386.00
10 31 1599.00
10 32 1599.00
10 33 1599.00
10 34 3344.00
10 35 3344.00
10 36 3344.00
10 37 3024.00
10 38 3024.00
10 39 3024.00
10 40 3411.00
10 41 3411.00
10 42 3411.00
10 43 2959.00
10 44 2959.00
10 45 2959.00
10 46 3335.00
10 47 3335.00
10 48 3335.00
10 49 2934.00
10 50 2934.00
10 51 2934.00
10 52 3209.00
10 53 3209.00
10 54 3209.00
10 55 986.00
10 56 986.00
10 57 986.00
10 58 1131.00
10 59 1131.00
10 60 1131.00
10 61 2084.00
10 62 2084.00
10 63 2084.00
10 64 2060.00
10 65 2060.00
10 66 2060.00
10 67 2781.00
10 68 2781.00
10 69 2781.00
10 70 1479.00
10 71 1479.00
10 72 1479.00
11 12 0.00
11 13 3180.00
11 14 3180.00
11 15 3180.00
11 16 1899.00
11 17 1899.00
11 18 1899.00
11 19 1742.00
11 20 1742.00
11 21 1742.00
11 22 1500.00
11 23 1500.00
11 24 1500.00
11 25 805.00
11 26 805.00
11 27 805.00
11 28 1386.00
11 29 1386.00
11 30 1386.00
11 31 1599.00
11 32 1599.00
11 33 1599.00
11 34 3344.00
11 35 3344.00
11 36 3344.00
11 37 3024.00
11 38 3024.00
11 39 3024.00
11 40 3411.00
11 41 3411.00
11 42 3411.00
11 43 2959.00
11 44 2959.00
11 45 2959.00
11 46 3335.00
11 47 3335.00
11 48 3335.00
11 49 2934.00
11 50 2934.00
11 51 2934.00
11 52 3209.00
11 53 3209.00
11 54 3209.00
11 55 986.00
11 56 986.00
11 57 986.00
11 58 1131.00
11 59 1131.00
11 60 1131.00
11 61 2084.00
11 62 2084.00
11 63 2084.00
11 64 2060.00
11 65 2060.00
11 66 2060.00
11 67 2781.00
11 68 2781.00
11 69 2781.00
11 70 1479.00
11 71 1479.00
11 72 1479.00
12 13 3180.00
12 14 3180.00
12 15 3180.00
12 16 1899.00
12 17 1899.00
12 18 1899.00
12 19 1742.00
12 20 1742.00
12 21 1742.00
12 22 1500.00
12 23 1500.00
12 24 1500.00
12 25 805.00
12 26 805.00
12 27 805.00
12 28 1386.00
12 29 1386.00
12 30 1386.00
12 31 1599.00
12 32 1599.00
12 33 1599.00
12 34 3344.00
12 35 3344.00
12 36 3344.00
12 37 3024.00
12 38 3024.00
12 39 3024.00
12 40 3411.00
12 41 3411.00
12 42 3411.00
12 43 2959.00
12 44 2959.00
12 45 2959.00
12 46 3335.00
12 47 3335.00
12 48 3335.00
12 49 2934.00
12 50 2934.00
12 51 2934.00
12 52 3209.00
12 53 3209.00
12 54 3209.00
12 55 986.00
12 56 986.00
12 57 986.00
12 58 1131.00
12 59 1131.00
12 60 1131.00
12 61 2084.00
12 62 2084.00
12 63 2084.00
12 64 2060.00
12 65 2060.00
12 66 2060.00
12 67 2781.00
12 68 2781.00
12 69 2781.00
12 70 1479.00
12 71 1479.00
12 72 1479.00
13 14 0.00
13 15 0.00
13 16 1282.00
13 17 1282.00
13 18 1282.00
13 19 2545.00
13 20 2545.00
13 21 2545.00
13 22 1793.00
13 23 1793.00
13 24 1793.00
13 25 2668.00
13 26 2668.00
13 27 2668.00
13 28 2927.00
13 29 2927.00
13 30 2927.00
13 31 2002.00
13 32 2002.00
13 33 2002.00
13 34 1055.00
13 35 1055.00
13 36 1055.00
13 37 554.00
13 38 554.00
13 39 554.00
13 40 258.00
13 41 258.00
13 42 258.00
13 43 998.00
13 44 998.00
13 45 998.00
13 46 1442.00
13 47 1442.00
13 48 1442.00
13 49 1369.00
13 50 1369.00
13 51 1369.00
13 52 1799.00
13 53 1799.00
13 54 1799.00
13 55 2196.00
13 56 2196.00
13 57 2196.00
13 58 2298.00
13 59 2298.00
13 60 2298.00
13 61 1721.00
13 62 1721.00
13 63 1721.00
13 64 1767.00
13 65 1767.00
13 66 1767.00
13 67 1380.00
13 68 1380.00
13 69 1380.00
13 70 1801.00
13 71 1801.00
13 72 1801.00
14 15 0.00
14 16 1282.00
14 17 1282.00
14 18 1282.00
14 19 2545.00
14 20 2545.00
14 21 2545.00
14 22 1793.00
14 23 1793.00
14 24 1793.00
14 25 2668.00
14 26 2668.00
14 27 2668.00
14 28 2927.00
14 29 2927.00
14 30 2927.00
14 31 2002.00
14 32 2002.00
14 33 2002.00
14 34 1055.00
14 35 1055.00
14 36 1055.00
14 37 554.00
14 38 554.00
14 39 554.00
14 40 258.00
14 41 258.00
14 42 258.00
14 43 998.00
14 44 998.00
14 45 998.00
14 46 1442.00
14 47 1442.00
14 48 1442.00
14 49 1369.00
14 50 1369.00
14 51 1369.00
14 52 1799.00
14 53 1799.00
14 54 1799.00
14 55 2196.00
14 56 2196.00
14 57 2196.00
14 58 2298.00
14 59 2298.00
14 60 2298.00
14 61 1721.00
14 62 1721.00
14 63 1721.00
14 64 1767.00
14 65 1767.00
14 66 1767.00
14 67 1380.00
14 68 1380.00
14 69 1380.00
14 70 1801.00
14 71 1801.00
14 72 1801.00
15 16 1282.00
15 17 1282.00
15 18 1282.00
15 19 2545.00
15 20 2545.00
15 21 2545.00
15 22 1793.00
15 23 1793.00
15 24 1793.00
15 25 2668.00
15 26 2668.00
15 27 2668.00
15 28 2927.00
15 29 2927.00
15 30 2927.00
15 31 2002.00
15 32 2002.00
15 33 2002.00
15 34 1055.00
15 35 1055.00
15 36 1055.00
15 37 554.00
15 38 554.00
15 39 554.00
15 40 258.00
15 41 258.00
15 42 258.00
15 43 998.00
15 44 998.00
15 45 998.00
15 46 1442.00
15 47 1442.00
15 48 1442.00
15 49 1369.00
15 50 1369.00
15 51 1369.00
15 52 1799.00
15 53 1799.00
15 54 1799.00
15 55 2196.00
15 56 2196.00
15 57 2196.00
15 58 2298.00
15 59 2298.00
15 60 2298.00
15 61 1721.00
15 62 1721.00
15 63 1721.00
15 64 1767.00
15 65 1767.00
15 66 1767.00
15 67 1380.00
15 68 1380.00
15 69 1380.00
15 70 1801.00
15 71 1801.00
15 72 1801.00
16 17 0.00
16 18 0.00
16 19 1620.00
16 20 1620.00
16 21 1620.00
16 22 618.00
16 23 618.00
16 24 618.00
16 25 1437.00
16 26 1437.00
16 27 1437.00
16 28 1850.00
16 29 1850.00
16 30 1850.00
16 31 984.00
16 32 984.00
16 33 984.00
16 34 1663.00
16 35 1663.00
16 36 1663.00
16 37 1203.00
16 38 1203.00
16 39 1203.00
16 40 1516.00
16 41 1516.00
16 42 1516.00
16 43 1308.00
16 44 1308.00
16 45 1308.00
16 46 1824.00
16 47 1824.00
16 48 1824.00
16 49 1479.00
16 50 1479.00
16 51 1479.00
16 52 1921.00
16 53 1921.00
16 54 1921.00
16 55 914.00
16 56 914.00
16 57 914.00
16 58 1104.00
16 59 1104.00
16 60 1104.00
16 61 1053.00
16 62 1053.00
16 63 1053.00
16 64 1081.00
16 65 1081.00
16 66 1081.00
16 67 1360.00
16 68 1360.00
16 69 1360.00
16 70 611.00
16 71 611.00
16 72 611.00
17 18 0.00
17 19 1620.00
17 20 1620.00
17 21 1620.00
17 22 618.00
17 23 618.00
17 24 618.00
17 25 1437.00
17 26 1437.00
17 27 1437.00
17 28 1850.00
17 29 1850.00
17 30 1850.00
17 31 984.00
17 32 984.00
17 33 984.00
17 34 1663.00
17 35 1663.00
17 36 1663.00
17 37 1203.00
17 38 1203.00
17 39 1203.00
17 40 1516.00
17 41 1516.00
17 42 1516.00
17 43 1308.00
17 44 1308.00
17 45 1308.00
17 46 1824.00
17 47 1824.00
17 48 1824.00
17 49 1479.00
17 50 1479.00
17 51 1479.00
17 52 1921.00
17 53 1921.00
17 54 1921.00
17 55 914.00
17 56 914.00
17 57 914.00
17 58 1104.00
17 59 1104.00
17 60 1104.00
17 61 1053.00
17 62 1053.00
17 63 1053.00
17 64 1081.00
17 65 1081.00
17 66 1081.00
17 67 1360.00
17 68 1360.00
17 69 1360.00
17 70 611.00
17 71 611.00
17 72 611.00
18 19 1620.00
18 20 1620.00
18 21 1620.00
18 22 618.00
18 23 618.00
18 24 618.00
18 25 1437.00
18 26 1437.00
18 27 1437.00
18 28 1850.00
18 29 1850.00
18 30 1850.00
18 31 984.00
18 32 984.00
18 33 984.00
18 34 1663.00
18 35 1663.00
18 36 1663.00
18 37 1203.00
18 38 1203.00
18 39 1203.00
18 40 1516.00
18 41 1516.00
18 42 1516.00
18 43 1308.00
18 44 1308.00
18 45 1308.00
18 46 1824.00
18 47 1824.00
18 48 1824.00
18 49 1479.00
18 50 1479.00
18 51 1479.00
18 52 1921.00
18 53 1921.00
18 54 1921.00
18 55 914.00
18 56 914.00
18 57 914.00
18 58 1104.00
18 59 1104.00
18 60 1104.00
18 61 1053.00
18 62 1053.00
18 63 1053.00
18 64 1081.00
18 65 1081.00
18 66 1081.00
18 67 1360.00
18 68 1360.00
18 69 1360.00
18 70 611.00
18 71 611.00
18 72 611.00
19 20 0.00
19 21 0.00
19 22 1043.00
19 23 1043.00
19 24 1043.00
19 25 953.00
19 26 953.00
19 27 953.00
19 28 517.00
19 29 517.00
19 30 517.00
19 31 636.00
19 32 636.00
19 33 636.00
19 34 3240.00
19 35 3240.00
19 36 3240.00
19 37 2714.00
19 38 2714.00
19 39 2714.00
19 40 2802.00
19 41 2802.00
19 42 2802.00
19 43 2911.00
19 44 2911.00
19 45 2911.00
19 46 3439.00
19 47 3439.00
19 48 3439.00
19 49 3098.00
19 50 3098.00
19 51 3098.00
19 52 3535.00
19 53 3535.00
19 54 3535.00
19 55 1355.00
19 56 1355.00
19 57 1355.00
19 58 801.00
19 59 801.00
19 60 801.00
19 61 2544.00
19 62 2544.00
19 63 2544.00
19 64 2554.00
19 65 2554.00
19 66 2554.00
19 67 2977.00
19 68 2977.00
19 69 2977.00
19 70 1062.00
19 71 1062.00
19 72 1062.00
20 21 0.00
20 22 1043.00
20 23 1043.00
20 24 1043.00
20 25 953.00
20 26 953.00
20 27 953.00
20 28 517.00
20 29 517.00
20 30 517.00
20 31 636.00
20 32 636.00
20 33 636.00
20 34 3240.00
20 35 3240.00
20 36 3240.00
20 37 2714.00
20 38 2714.00
20 39 2714.00
20 40 2802.00
20 41 2802.00
20 42 2802.00
20 43 2911.00
20 44 2911.00
20 45 2911.00
20 46 3439.00
20 47 3439.00
20 48 3439.00
20 49 3098.00
20 50 3098.00
20 51 3098.00
20 52 3535.00
20 53 3535.00
20 54 3535.00
20 55 1355.00
20 56 1355.00
20 57 1355.00
20 58 801.00
20 59 801.00
20 60 801.00
20 61 2544.00
20 62 2544.00
20 63 2544.00
20 64 2554.00
20 65 2554.00
20 66 2554.00
20 67 2977.00
20 68 2977.00
20 69 2977.00
20 70 1062.00
20 71 1062.00
20 72 1062.00
21 22 1043.00
21 23 1043.00
21 24 1043.00
21 25 953.00
21 26 953.00
21 27 953.00
21 28 517.00
21 29 517.00
21 30 517.00
21 31 636.00
21 32 636.00
21 33 636.00
21 34 3240.00
21 35 3240.00
21 36 3240.00
21 37 2714.00
21 38 2714.00
21 39 2714.00
21 40 2802.00
21 41 2802.00
21 42 2802.00
21 43 2911.00
21 44 2911.00
21 45 2911.00
21 46 3439.00
21 47 3439.00
21 48 3439.00
21 49 3098.00
21 50 3098.00
21 51 3098.00
21 52 3535.00
21 53 3535.00
21 54 3535.00
21 55 1355.00
21 56 1355.00
21 57 1355.00
21 58 801.00
21 59 801.00
21 60 801.00
21 61 2544.00
21 62 2544.00
21 63 2544.00
21 64 2554.00
21 65 2554.00
21 66 2554.00
21 67 2977.00
21 68 2977.00
21 69 2977.00
21 70 1062.00
21 71 1062.00
21 72 1062.00
22 23 0.00
22 24 0.00
22 25 877.00
22 26 877.00
22 27 877.00
22 28 1233.00
22 29 1233.00
22 30 1233.00
22 31 420.00
22 32 420.00
22 33 420.00
22 34 2280.00
22 35 2280.00
22 36 2280.00
22 37 1805.00
22 38 1805.00
22 39 1805.00
22 40 2044.00
22 41 2044.00
22 42 2044.00
22 43 1925.00
22 44 1925.00
22 45 1925.00
22 46 2434.00
22 47 2434.00
22 48 2434.00
22 49 2076.00
22 50 2076.00
22 51 2076.00
22 52 2500.00
22 53 2500.00
22 54 2500.00
22 55 596.00
22 56 596.00
22 57 596.00
22 58 507.00
22 59 507.00
22 60 507.00
22 61 1507.00
22 62 1507.00
22 63 1507.00
22 64 1520.00
22 65 1520.00
22 66 1520.00
22 67 1948.00
22 68 1948.00
22 69 1948.00
22 70 30.00
22 71 30.00
22 72 30.00
23 24 0.00
23 25 877.00
23 26 877.00
23 27 877.00
23 28 1233.00
23 29 1233.00
23 30 1233.00
23 31 420.00
23 32 420.00
23 33 420.00
23 34 2280.00
23 35 2280.00
23 36 2280.00
23 37 1805.00
23 38 1805.00
23 39 1805.00
23 40 2044.00
23 41 2044.00
23 42 2044.00
23 43 1925.00
23 44 1925.00
23 45 1925.00
23 46 2434.00
23 47 2434.00
23 48 2434.00
23 49 2076.00
23 50 2076.00
23 51 2076.00
23 52 2500.00
23 53 2500.00
23 54 2500.00
23 55 596.00
23 56 596.00
23 57 596.00
23 58 507.00
23 59 507.00
23 60 507.00
23 61 1507.00
23 62 1507.00
23 63 1507.00
23 64 1520.00
23 65 1520.00
23 66 1520.00
23 67 1948.00
23 68 1948.00
23 69 1948.00
23 70 30.00
23 71 30.00
23 72 30.00
24 25 877.00
24 26 877.00
24 27 877.00
24 28 1233.00
24 29 1233.00
24 30 1233.00
24 31 420.00
24 32 420.00
24 33 420.00
24 34 2280.00
24 35 2280.00
24 36 2280.00
24 37 1805.00
24 38 1805.00
24 39 1805.00
24 40 2044.00
24 41 2044.00
24 42 2044.00
24 43 1925.00
24 44 1925.00
24 45 1925.00
24 46 2434.00
24 47 2434.00
24 48 2434.00
24 49 2076.00
24 50 2076.00
24 51 2076.00
24 52 2500.00
24 53 2500.00
24 54 2500.00
24 55 596.00
24 56 596.00
24 57 596.00
24 58 507.00
24 59 507.00
24 60 507.00
24 61 1507.00
24 62 1507.00
24 63 1507.00
24 64 1520.00
24 65 1520.00
24 66 1520.00
24 67 1948.00
24 68 1948.00
24 69 1948.00
24 70 30.00
24 71 30.00
24 72 30.00
25 26 0.00
25 27 0.00
25 28 709.00
25 29 709.00
25 30 709.00
25 31 834.00
25 32 834.00
25 33 834.00
25 34 3064.00
25 35 3064.00
25 36 3064.00
25 37 2638.00
25 38 2638.00
25 39 2638.00
25 40 2918.00
25 41 2918.00
25 42 2918.00
25 43 2689.00
25 44 2689.00
25 45 2689.00
25 46 3153.00
25 47 3153.00
25 48 3153.00
25 49 2766.00
25 50 2766.00
25 51 2766.00
25 52 3133.00
25 53 3133.00
25 54 3133.00
25 55 669.00
25 56 669.00
25 57 669.00
25 58 389.00
25 59 389.00
25 60 389.00
25 61 2023.00
25 62 2023.00
25 63 2023.00
25 64 2017.00
25 65 2017.00
25 66 2017.00
25 67 2622.00
25 68 2622.00
25 69 2622.00
25 70 868.00
25 71 868.00
25 72 868.00
26 27 0.00
26 28 709.00
26 29 709.00
26 30 709.00
26 31 834.00
26 32 834.00
26 33 834.00
26 34 3064.00
26 35 3064.00
26 36 3064.00
26 37 2638.00
26 38 2638.00
26 39 2638.00
26 40 2918.00
26 41 2918.00
26 42 2918.00
26 43 2689.00
26 44 2689.00
26 45 2689.00
26 46 3153.00
26 47 3153.00
26 48 3153.00
26 49 2766.00
26 50 2766.00
26 51 2766.00
26 52 3133.00
26 53 3133.00
26 54 3133.00
26 55 669.00
26 56 669.00
26 57 669.00
26 58 389.00
26 59 389.00
26 60 389.00
26 61 2023.00
26 62 2023.00
26 63 2023.00
26 64 2017.00
26 65 2017.00
26 66 2017.00
26 67 2622.00
26 68 2622.00
26 69 2622.00
26 70 868.00
26 71 868.00
26 72 868.00
27 28 709.00
27 29 709.00
27 30 709.00
27 31 834.00
27 32 834.00
27 33 834.00
27 34 3064.00
27 35 3064.00
27 36 3064.00
27 37 2638.00
27 38 2638.00
27 39 2638.00
27 40 2918.00
27 41 2918.00
27 42 2918.00
27 43 2689.00
27 44 2689.00
27 45 2689.00
27 46 3153.00
27 47 3153.00
27 48 3153.00
27 49 2766.00
27 50 2766.00
27 51 2766.00
27 52 3133.00
27 53 3133.00
27 54 3133.00
27 55 669.00
27 56 669.00
27 57 669.00
27 58 389.00
27 59 389.00
27 60 389.00
27 61 2023.00
27 62 2023.00
27 63 2023.00
27 64 2017.00
27 65 2017.00
27 66 2017.00
27 67 2622.00
27 68 2622.00
27 69 2622.00
27 70 868.00
27 71 868.00
27 72 868.00
28 29 0.00
28 30 0.00
28 31 926.00
28 32 926.00
28 33 926.00
28 34 3511.00
28 35 3511.00
28 36 3511.00
28 37 3021.00
28 38 3021.00
28 39 3021.00
28 40 3184.00
28 41 3184.00
28 42 3184.00
28 43 3158.00
28 44 3158.00
28 45 3158.00
28 46 3662.00
28 47 3662.00
28 48 3662.00
28 49 3295.00
28 50 3295.00
28 51 3295.00
28 52 3700.00
28 53 3700.00
28 54 3700.00
28 55 1312.00
28 56 1312.00
28 57 1312.00
28 58 796.00
28 59 796.00
28 60 796.00
28 61 2633.00
28 62 2633.00
28 63 2633.00
28 64 2634.00
28 65 2634.00
28 66 2634.00
28 67 3161.00
28 68 3161.00
28 69 3161.00
28 70 1241.00
28 71 1241.00
28 72 1241.00
29 30 0.00
29 31 926.00
29 32 926.00
29 33 926.00
29 34 3511.00
29 35 3511.00
29 36 3511.00
29 37 3021.00
29 38 3021.00
29 39 3021.00
29 40 3184.00
29 41 3184.00
29 42 3184.00
29 43 3158.00
29 44 3158.00
29 45 3158.00
29 46 3662.00
29 47 3662.00
29 48 3662.00
29 49 3295.00
29 50 3295.00
29 51 3295.00
29 52 3700.00
29 53 3700.00
29 54 3700.00
29 55 1312.00
29 56 1312.00
29 57 1312.00
29 58 796.00
29 59 796.00
29 60 796.00
29 61 2633.00
29 62 2633.00
29 63 2633.00
29 64 2634.00
29 65 2634.00
29 66 2634.00
29 67 3161.00
29 68 3161.00
29 69 3161.00
29 70 1241.00
29 71 1241.00
29 72 1241.00
30 31 926.00
30 32 926.00
30 33 926.00
30 34 3511.00
30 35 3511.00
30 36 3511.00
30 37 3021.00
30 38 3021.00
30 39 3021.00
30 40 3184.00
30 41 3184.00
30 42 3184.00
30 43 3158.00
30 44 3158.00
30 45 3158.00
30 46 3662.00
30 47 3662.00
30 48 3662.00
30 49 3295.00
30 50 3295.00
30 51 3295.00
30 52 3700.00
30 53 3700.00
30 54 3700.00
30 55 1312.00
30 56 1312.00
30 57 1312.00
30 58 796.00
30 59 796.00
30 60 796.00
30 61 2633.00
30 62 2633.00
30 63 2633.00
30 64 2634.00
30 65 2634.00
30 66 2634.00
30 67 3161.00
30 68 3161.00
30 69 3161.00
30 70 1241.00
30 71 1241.00
30 72 1241.00
31 32 0.00
31 33 0.00
31 34 2619.00
31 35 2619.00
31 36 2619.00
31 37 2109.00
31 38 2109.00
31 39 2109.00
31 40 2259.00
31 41 2259.00
31 42 2259.00
31 43 2282.00
31 44 2282.00
31 45 2282.00
31 46 2806.00
31 47 2806.00
31 48 2806.00
31 49 2462.00
31 50 2462.00
31 51 2462.00
31 52 2899.00
31 53 2899.00
31 54 2899.00
31 55 884.00
31 56 884.00
31 57 884.00
31 58 468.00
31 59 468.00
31 60 468.00
31 61 1927.00
31 62 1927.00
31 63 1927.00
31 64 1940.00
31 65 1940.00
31 66 1940.00
31 67 2341.00
31 68 2341.00
31 69 2341.00
31 70 444.00
31 71 444.00
31 72 444.00
32 33 0.00
32 34 2619.00
32 35 2619.00
32 36 2619.00
32 37 2109.00
32 38 2109.00
32 39 2109.00
32 40 2259.00
32 41 2259.00
32 42 2259.00
32 43 2282.00
32 44 2282.00
32 45 2282.00
32 46 2806.00
32 47 2806.00
32 48 2806.00
32 49 2462.00
32 50 2462.00
32 51 2462.00
32 52 2899.00
32 53 2899.00
32 54 2899.00
32 55 884.00
32 56 884.00
32 57 884.00
32 58 468.00
32 59 468.00
32 60 468.00
32 61 1927.00
32 62 1927.00
32 63 1927.00
32 64 1940.00
32 65 1940.00
32 66 1940.00
32 67 2341.00
32 68 2341.00
32 69 2341.00
32 70 444.00
32 71 444.00
32 72 444.00
33 34 2619.00
33 35 2619.00
33 36 2619.00
33 37 2109.00
33 38 2109.00
33 39 2109.00
33 40 2259.00
33 41 2259.00
33 42 2259.00
33 43 2282.00
33 44 2282.00
33 45 2282.00
33 46 2806.00
33 47 2806.00
33 48 2806.00
33 49 2462.00
33 50 2462.00
33 51 2462.00
33 52 2899.00
33 53 2899.00
33 54 2899.00
33 55 884.00
33 56 884.00
33 57 884.00
33 58 468.00
33 59 468.00
33 60 468.00
33 61 1927.00
33 62 1927.00
33 63 1927.00
33 64 1940.00
33 65 1940.00
33 66 1940.00
33 67 2341.00
33 68 2341.00
33 69 2341.00
33 70 444.00
33 71 444.00
33 72 444.00
34 35 0.00
34 36 0.00
34 37 573.00
34 38 573.00
34 39 573.00
34 40 965.00
34 41 965.00
34 42 965.00
34 43 386.00
34 44 386.00
34 45 386.00
34 46 410.00
34 47 410.00
34 48 410.00
34 49 564.00
34 50 564.00
34 51 564.00
34 52 828.00
34 53 828.00
34 54 828.00
34 55 2446.00
34 56 2446.00
34 57 2446.00
34 58 2760.00
34 59 2760.00
34 60 2760.00
34 61 1367.00
34 62 1367.00
34 63 1367.00
34 64 1407.00
34 65 1407.00
34 66 1407.00
34 67 683.00
34 68 683.00
34 69 683.00
34 70 2274.00
34 71 2274.00
34 72 2274.00
35 36 0.00
35 37 573.00
35 38 573.00
35 39 573.00
35 40 965.00
35 41 965.00
35 42 965.00
35 43 386.00
35 44 386.00
35 45 386.00
35 46 410.00
35 47 410.00
35 48 410.00
35 49 564.00
35 50 564.00
35 51 564.00
35 52 828.00
35 53 828.00
35 54 828.00
35 55 2446.00
35 56 2446.00
35 57 2446.00
35 58 2760.00
35 59 2760.00
35 60 2760.00
35 61 1367.00
35 62 1367.00
35 63 1367.00
35 64 1407.00
35 65 1407.00
35 66 1407.00
35 67 683.00
35 68 683.00
35 69 683.00
35 70 2274.00
35 71 2274.00
35 72 2274.00
36 37 573.00
36 38 573.00
36 39 573.00
36 40 965.00
36 41 965.00
36 42 965.00
36 43 386.00
36 44 386.00
36 45 386.00
36 46 410.00
36 47 410.00
36 48 410.00
36 49 564.00
36 50 564.00
36 51 564.00
36 52 828.00
36 53 828.00
36 54 828.00
36 55 2446.00
36 56 2446.00
36 57 2446.00
36 58 2760.00
36 59 2760.00
36 60 2760.00
36 61 1367.00
36 62 1367.00
36 63 1367.00
36 64 1407.00
36 65 1407.00
36 66 1407.00
36 67 683.00
36 68 683.00
36 69 683.00
36 70 2274.00
36 71 2274.00
36 72 2274.00
37 38 0.00
37 39 0.00
37 40 585.00
37 41 585.00
37 42 585.00
37 43 444.00
37 44 444.00
37 45 444.00
37 46 917.00
37 47 917.00
37 48 917.00
37 49 816.00
37 50 816.00
37 51 816.00
37 52 1250.00
37 53 1250.00
37 54 1250.00
37 55 2070.00
37 56 2070.00
37 57 2070.00
37 58 2304.00
37 59 2304.00
37 60 2304.00
37 61 1283.00
37 62 1283.00
37 63 1283.00
37 64 1330.00
37 65 1330.00
37 66 1330.00
37 67 835.00
37 68 835.00
37 69 835.00
37 70 1804.00
37 71 1804.00
37 72 1804.00
38 39 0.00
38 40 585.00
38 41 585.00
38 42 585.00
38 43 444.00
38 44 444.00
38 45 444.00
38 46 917.00
38 47 917.00
38 48 917.00
38 49 816.00
38 50 816.00
38 51 816.00
38 52 1250.00
38 53 1250.00
38 54 1250.00
38 55 2070.00
38 56 2070.00
38 57 2070.00
38 58 2304.00
38 59 2304.00
38 60 2304.00
38 61 1283.00
38 62 1283.00
38 63 1283.00
38 64 1330.00
38 65 1330.00
38 66 1330.00
38 67 835.00
38 68 835.00
38 69 835.00
38 70 1804.00
38 71 1804.00
38 72 1804.00
39 40 585.00
39 41 585.00
39 42 585.00
39 43 444.00
39 44 444.00
39 45 444.00
39 46 917.00
39 47 917.00
39 48 917.00
39 49 816.00
39 50 816.00
39 51 816.00
39 52 1250.00
39 53 1250.00
39 54 1250.00
39 55 2070.00
39 56 2070.00
39 57 2070.00
39 58 2304.00
39 59 2304.00
39 60 2304.00
39 61 1283.00
39 62 1283.00
39 63 1283.00
39 64 1330.00
39 65 1330.00
39 66 1330.00
39 67 835.00
39 68 835.00
39 69 835.00
39 70 1804.00
39 71 1804.00
39 72 1804.00
40 41 0.00
40 42 0.00
40 43 1006.00
40 44 1006.00
40 45 1006.00
40 46 1372.00
40 47 1372.00
40 48 1372.00
40 49 1373.00
40 50 1373.00
40 51 1373.00
40 52 1764.00
40 53 1764.00
40 54 1764.00
40 55 2429.00
40 56 2429.00
40 57 2429.00
40 58 2550.00
40 59 2550.00
40 60 2550.00
40 61 1847.00
40 62 1847.00
40 63 1847.00
40 64 1894.00
40 65 1894.00
40 66 1894.00
40 67 1412.00
40 68 1412.00
40 69 1412.00
40 70 2051.00
40 71 2051.00
40 72 2051.00
41 42 0.00
41 43 1006.00
41 44 1006.00
41 45 1006.00
41 46 1372.00
41 47 1372.00
41 48 1372.00
41 49 1373.00
41 50 1373.00
41 51 1373.00
41 52 1764.00
41 53 1764.00
41 54 1764.00
41 55 2429.00
41 56 2429.00
41 57 2429.00
41 58 2550.00
41 59 2550.00
41 60 2550.00
41 61 1847.00
41 62 1847.00
41 63 1847.00
41 64 1894.00
41 65 1894.00
41 66 1894.00
41 67 1412.00
41 68 1412.00
41 69 1412.00
41 70 2051.00
41 71 2051.00
41 72 2051.00
42 43 1006.00
42 44 1006.00
42 45 1006.00
42 46 1372.00
42 47 1372.00
42 48 1372.00
42 49 1373.00
42 50 1373.00
42 51 1373.00
42 52 1764.00
42 53 1764.00
42 54 1764.00
42 55 2429.00
42 56 2429.00
42 57 2429.00
42 58 2550.00
42 59 2550.00
42 60 2550.00
42 61 1847.00
42 62 1847.00
42 63 1847.00
42 64 1894.00
42 65 1894.00
42 66 1894.00
42 67 1412.00
42 68 1412.00
42 69 1412.00
42 70 2051.00
42 71 2051.00
42 72 2051.00
43 44 0.00
43 45 0.00
43 46 544.00
43 47 544.00
43 48 544.00
43 49 372.00
43 50 372.00
43 51 372.00
43 52 815.00
43 53 815.00
43 54 815.00
43 55 2064.00
43 56 2064.00
43 57 2064.00
43 58 2394.00
43 59 2394.00
43 60 2394.00
43 61 1009.00
43 62 1009.00
43 63 1009.00
43 64 1052.00
43 65 1052.00
43 66 1052.00
43 67 411.00
43 68 411.00
43 69 411.00
43 70 1917.00
43 71 1917.00
43 72 1917.00
44 45 0.00
44 46 544.00
44 47 544.00
44 48 544.00
44 49 372.00
44 50 372.00
44 51 372.00
44 52 815.00
44 53 815.00
44 54 815.00
44 55 2064.00
44 56 2064.00
44 57 2064.00
44 58 2394.00
44 59 2394.00
44 60 2394.00
44 61 1009.00
44 62 1009.00
44 63 1009.00
44 64 1052.00
44 65 1052.00
44 66 1052.00
44 67 411.00
44 68 411.00
44 69 411.00
44 70 1917.00
44 71 1917.00
44 72 1917.00
45 46 544.00
45 47 544.00
45 48 544.00
45 49 372.00
45 50 372.00
45 51 372.00
45 52 815.00
45 53 815.00
45 54 815.00
45 55 2064.00
45 56 2064.00
45 57 2064.00
45 58 2394.00
45 59 2394.00
45 60 2394.00
45 61 1009.00
45 62 1009.00
45 63 1009.00
45 64 1052.00
45 65 1052.00
45 66 1052.00
45 67 411.00
45 68 411.00
45 69 411.00
45 70 1917.00
45 71 1917.00
45 72 1917.00
46 47 0.00
46 48 0.00
46 49 401.00
46 50 401.00
46 51 401.00
46 52 434.00
46 53 434.00
46 54 434.00
46 55 2504.00
46 56 2504.00
46 57 2504.00
46 58 2884.00
46 59 2884.00
46 60 2884.00
46 61 1268.00
46 62 1268.00
46 63 1268.00
46 64 1300.00
46 65 1300.00
46 66 1300.00
46 67 554.00
46 68 554.00
46 69 554.00
46 70 2423.00
46 71 2423.00
46 72 2423.00
47 48 0.00
47 49 401.00
47 50 401.00
47 51 401.00
47 52 434.00
47 53 434.00
47 54 434.00
47 55 2504.00
47 56 2504.00
47 57 2504.00
47 58 2884.00
47 59 2884.00
47 60 2884.00
47 61 1268.00
47 62 1268.00
47 63 1268.00
47 64 1300.00
47 65 1300.00
47 66 1300.00
47 67 554.00
47 68 554.00
47 69 554.00
47 70 2423.00
47 71 2423.00
47 72 2423.00
48 49 401.00
48 50 401.00
48 51 401.00
48 52 434.00
48 53 434.00
48 54 434.00
48 55 2504.00
48 56 2504.00
48 57 2504.00
48 58 2884.00
48 59 2884.00
48 60 2884.00
48 61 1268.00
48 62 1268.00
48 63 1268.00
48 64 1300.00
48 65 1300.00
48 66 1300.00
48 67 554.00
48 68 554.00
48 69 554.00
48 70 2423.00
48 71 2423.00
48 72 2423.00
49 50 0.00
49 51 0.00
49 52 475.00
49 53 475.00
49 54 475.00
49 55 2112.00
49 56 2112.00
49 57 2112.00
49 58 2510.00
49 59 2510.00
49 60 2510.00
49 61 871.00
49 62 871.00
49 63 871.00
49 64 905.00
49 65 905.00
49 66 905.00
49 67 153.00
49 68 153.00
49 69 153.00
49 70 2063.00
49 71 2063.00
49 72 2063.00
50 51 0.00
50 52 475.00
50 53 475.00
50 54 475.00
50 55 2112.00
50 56 2112.00
50 57 2112.00
50 58 2510.00
50 59 2510.00
50 60 2510.00
50 61 871.00
50 62 871.00
50 63 871.00
50 64 905.00
50 65 905.00
50 66 905.00
50 67 153.00
50 68 153.00
50 69 153.00
50 70 2063.00
50 71 2063.00
50 72 2063.00
51 52 475.00
51 53 475.00
51 54 475.00
51 55 2112.00
51 56 2112.00
51 57 2112.00
51 58 2510.00
51 59 2510.00
51 60 2510.00
51 61 871.00
51 62 871.00
51 63 871.00
51 64 905.00
51 65 905.00
51 66 905.00
51 67 153.00
51 68 153.00
51 69 153.00
51 70 2063.00
51 71 2063.00
51 72 2063.00
52 53 0.00
52 54 0.00
52 55 2466.00
52 56 2466.00
52 57 2466.00
52 58 2907.00
52 59 2907.00
52 60 2907.00
52 61 1133.00
52 62 1133.00
52 63 1133.00
52 64 1152.00
52 65 1152.00
52 66 1152.00
52 67 564.00
52 68 564.00
52 69 564.00
52 70 2484.00
52 71 2484.00
52 72 2484.00
53 54 0.00
53 55 2466.00
53 56 2466.00
53 57 2466.00
53 58 2907.00
53 59 2907.00
53 60 2907.00
53 61 1133.00
53 62 1133.00
53 63 1133.00
53 64 1152.00
53 65 1152.00
53 66 1152.00
53 67 564.00
53 68 564.00
53 69 564.00
53 70 2484.00
53 71 2484.00
53 72 2484.00
54 55 2466.00
54 56 2466.00
54 57 2466.00
54 58 2907.00
54 59 2907.00
54 60 2907.00
54 61 1133.00
54 62 1133.00
54 63 1133.00
54 64 1152.00
54 65 1152.00
54 66 1152.00
54 67 564.00
54 68 564.00
54 69 564.00
54 70 2484.00
54 71 2484.00
54 72 2484.00
55 56 0.00
55 57 0.00
55 58 558.00
55 59 558.00
55 60 558.00
55 61 1354.00
55 62 1354.00
55 63 1354.00
55 64 1348.00
55 65 1348.00
55 66 1348.00
55 67 1965.00
55 68 1965.00
55 69 1965.00
55 70 568.00
55 71 568.00
55 72 568.00
56 57 0.00
56 58 558.00
56 59 558.00
56 60 558.00
56 61 1354.00
56 62 1354.00
56 63 1354.00
56 64 1348.00
56 65 1348.00
56 66 1348.00
56 67 1965.00
56 68 1965.00
56 69 1965.00
56 70 568.00
56 71 568.00
56 72 568.00
57 58 558.00
57 59 558.00
57 60 558.00
57 61 1354.00
57 62 1354.00
57 63 1354.00
57 64 1348.00
57 65 1348.00
57 66 1348.00
57 67 1965.00
57 68 1965.00
57 69 1965.00
57 70 568.00
57 71 568.00
57 72 568.00
58 59 0.00
58 60 0.00
58 61 1839.00
58 62 1839.00
58 63 1839.00
58 64 1841.00
58 65 1841.00
58 66 1841.00
58 67 2372.00
58 68 2372.00
58 69 2372.00
58 70 503.00
58 71 503.00
58 72 503.00
59 60 0.00
59 61 1839.00
59 62 1839.00
59 63 1839.00
59 64 1841.00
59 65 1841.00
59 66 1841.00
59 67 2372.00
59 68 2372.00
59 69 2372.00
59 70 503.00
59 71 503.00
59 72 503.00
60 61 1839.00
60 62 1839.00
60 63 1839.00
60 64 1841.00
60 65 1841.00
60 66 1841.00
60 67 2372.00
60 68 2372.00
60 69 2372.00
60 70 503.00
60 71 503.00
60 72 503.00
61 62 0.00
61 63 0.00
61 64 47.00
61 65 47.00
61 66 47.00
61 67 719.00
61 68 719.00
61 69 719.00
61 70 1485.00
61 71 1485.00
61 72 1485.00
62 63 0.00
62 64 47.00
62 65 47.00
62 66 47.00
62 67 719.00
62 68 719.00
62 69 719.00
62 70 1485.00
62 71 1485.00
62 72 1485.00
63 64 47.00
63 65 47.00
63 66 47.00
63 67 719.00
63 68 719.00
63 69 719.00
63 70 1485.00
63 71 1485.00
63 72 1485.00
64 65 0.00
64 66 0.00
64 67 754.00
64 68 754.00
64 69 754.00
64 70 1497.00
64 71 1497.00
64 72 1497.00
65 66 0.00
65 67 754.00
65 68 754.00
65 69 754.00
65 70 1497.00
65 71 1497.00
65 72 1497.00
66 67 754.00
66 68 754.00
66 69 754.00
66 70 1497.00
66 71 1497.00
66 72 1497.00
67 68 0.00
67 69 0.00
67 70 1934.00
67 71 1934.00
67 72 1934.00
68 69 0.00
68 70 1934.00
68 71 1934.00
68 72 1934.00
69 70 1934.00
69 71 1934.00
69 72 1934.00
70 71 0.00
70 72 0.00
71 72 0.00

1 0 0 0 0 0 1 0 1 0 0 1 0 0 0 0 1 1 1 0 1 0 0 1 0 1 1 0 0 0 1 0 0 0 0 0 0 0 1 1 0 0 0 0 0 0 0 0 0 0 0 0 1 1 0 0 0 1 1 0 0 0 0 0 1 0 0 1 0 0 0 1 0 0 0 0
2 0 0 0 0 0 1 0 1 0 0 1 0 0 0 0 1 1 1 0 1 0 0 1 0 1 1 0 0 0 1 0 0 0 0 0 0 0 1 1 0 0 0 0 0 0 0 0 0 0 0 0 1 1 0 0 0 1 1 0 0 0 0 0 1 0 0 1 0 0 0 1 0 0 0 0
3 0 0 0 0 0 1 0 1 0 0 1 0 0 0 0 1 1 1 0 1 0 0 1 0 1 1 0 0 0 1 0 0 0 0 0 0 0 1 1 0 0 0 0 0 0 0 0 0 0 0 0 1 1 0 0 0 1 1 0 0 0 0 0 1 0 0 1 0 0 0 1 0 0 0 0
4 0 0 1 1 0 0 1 0 0 0 0 0 0 0 0 0 0 0 0 0 0 0 0 1 0 0 0 1 0 0 0 0 0 1 0 0 0 0 0 0 0 0 1 0 0 1 0 1 0 0 1 0 0 0 0 0 0 0 0 1 1 0 0 0 1 1 0 1 0 1 0 1 1 1 0
5 0 0 1 1 0 0 1 0 0 0 0 0 0 0 0 0 0 0 0 0 0 0 0 1 0 0 0 1 0 0 0 0 0 1 0 0 0 0 0 0 0 0 1 0 0 1 0 1 0 0 1 0 0 0 0 0 0 0 0 1 1 0 0 0 1 1 0 1 0 1 0 1 1 1 0
6 0 0 1 1 0 0 1 0 0 0 0 0 0 0 0 0 0 0 0 0 0 0 0 1 0 0 0 1 0 0 0 0 0 1 0 0 0 0 0 0 0 0 1 0 0 1 0 1 0 0 1 0 0 0 0 0 0 0 0 1 1 0 0 0 1 1 0 1 0 1 0 1 1 1 0
7 0 0 0 0 0 0 0 1 0 0 0 0 0 0 0 0 1 1 0 0 0 0 0 0 1 0 0 0 0 0 0 0 0 0 1 0 0 0 1 0 1 0 0 0 0 0 0 0 1 0 0 0 0 0 0 0 1 1 0 0 0 1 0 1 0 0 0 0 0 0 0 0 0 0 0
8 0 0 0 0 0 0 0 1 0 0 0 0 0 0 0 0 1 1 0 0 0 0 0 0 1 0 0 0 0 0 0 0 0 0 1 0 0 0 1 0 1 0 0 0 0 0 0 0 1 0 0 0 0 0 0 0 1 1 0 0 0 1 0 1 0 0 0 0 0 0 0 0 0 0 0
9 0 0 0 0 0 0 0 1 0 0 0 0 0 0 0 0 1 1 0 0 0 0 0 0 1 0 0 0 0 0 0 0 0 0 1 0 0 0 1 0 1 0 0 0 0 0 0 0 1 0 0 0 0 0 0 0 1 1 0 0 0 1 0 1 0 0 0 0 0 0 0 0 0 0 0
10 1 0 0 0 1 0 0 0 0 0 0 0 0 1 1 0 0 0 0 0 0 0 0 1 0 0 0 1 0 0 1 0 0 0 0 0 1 0 0 0 0 1 1 1 1 0 0 0 0 1 0 0 0 1 1 1 0 0 0 0 1 0 0 0 0 0 0 0 0 0 0 0 0 0 1
11 1 0 0 0 1 0 0 0 0 0 0 0 0 1 1 0 0 0 0 0 0 0 0 1 0 0 0 1 0 0 1 0 0 0 0 0 1 0 0 0 0 1 1 1 1 0 0 0 0 1 0 0 0 1 1 1 0 0 0 0 1 0 0 0 0 0 0 0 0 0 0 0 0 0 1
12 1 0 0 0 1 0 0 0 0 0 0 0 0 1 1 0 0 0 0 0 0 0 0 1 0 0 0 1 0 0 1 0 0 0 0 0 1 0 0 0 0 1 1 1 1 0 0 0 0 1 0 0 0 1 1 1 0 0 0 0 1 0 0 0 0 0 0 0 0 0 0 0 0 0 1
13 0 0 0 0 0 0 0 1 0 0 0 0 0 0 0 0 1 1 0 0 0 0 1 0 0 1 0 0 0 0 0 0 0 0 1 0 0 0 1 0 1 0 0 0 0 0 0 0 1 0 0 0 0 0 0 0 1 1 0 0 0 1 0 1 0 0 0 0 0 0 0 0 0 0 0
14 0 0 0 0 0 0 0 1 0 0 0 0 0 0 0 0 1 1 0 0 0 0 1 0 0 1 0 0 0 0 0 0 0 0 1 0 0 0 1 0 1 0 0 0 0 0 0 0 1 0 0 0 0 0 0 0 1 1 0 0 0 1 0 1 0 0 0 0 0 0 0 0 0 0 0
15 0 0 0 0 0 0 0 1 0 0 0 0 0 0 0 0 1 1 0 0 0 0 1 0 0 1 0 0 0 0 0 0 0 0 1 0 0 0 1 0 1 0 0 0 0 0 0 0 1 0 0 0 0 0 0 0 1 1 0 0 0 1 0 1 0 0 0 0 0 0 0 0 0 0 0
16 0 1 0 0 0 0 0 0 1 1 0 1 1 0 0 0 0 1 0 0 1 0 0 0 1 0 1 0 1 1 0 1 1 0 1 1 0 0 0 1 1 0 0 0 0 1 1 0 1 0 0 0 0 0 1 0 0 0 1 0 0 1 1 1 0 0 0 0 1 0 0 0 0 0 0
17 0 1 0 0 0 0 0 0 1 1 0 1 1 0 0 0 0 1 0 0 1 0 0 0 1 0 1 0 1 1 0 1 1 0 1 1 0 0 0 1 1 0 0 0 0 1 1 0 1 0 0 0 0 0 1 0 0 0 1 0 0 1 1 1 0 0 0 0 1 0 0 0 0 0 0
18 0 1 0 0 0 0 0 0 1 1 0 1 1 0 0 0 0 1 0 0 1 0 0 0 1 0 1 0 1 1 0 1 1 0 1 1 0 0 0 1 1 0 0 0 0 1 1 0 1 0 0 0 0 0 1 0 0 0 1 0 0 1 1 1 0 0 0 0 1 0 0 0 0 0 0
19 0 0 1 1 0 0 1 0 0 0 0 0 0 0 0 0 0 0 0 0 0 0 0 0 0 0 0 0 0 0 0 0 0 1 0 0 0 0 0 0 0 0 0 0 0 1 0 1 0 0 1 0 0 0 0 0 0 0 0 1 0 0 0 0 1 1 0 1 0 1 0 1 1 1 0
20 0 0 1 1 0 0 1 0 0 0 0 0 0 0 0 0 0 0 0 0 0 0 0 0 0 0 0 0 0 0 0 0 0 1 0 0 0 0 0 0 0 0 0 0 0 1 0 1 0 0 1 0 0 0 0 0 0 0 0 1 0 0 0 0 1 1 0 1 0 1 0 1 1 1 0
21 0 0 1 1 0 0 1 0 0 0 0 0 0 0 0 0 0 0 0 0 0 0 0 0 0 0 0 0 0 0 0 0 0 1 0 0 0 0 0 0 0 0 0 0 0 1 0 1 0 0 1 0 0 0 0 0 0 0 0 1 0 0 0 0 1 1 0 1 0 1 0 1 1 1 0
22 0 1 0 1 1 0 1 0 1 1 0 1 1 0 0 0 0 0 0 0 1 0 0 1 0 0 1 0 1 0 0 1 1 1 1 1 0 0 0 1 0 0 1 0 0 1 1 0 1 1 0 0 0 0 1 0 0 0 1 0 1 0 0 0 1 0 0 0 1 1 0 0 1 0 0
23 0 1 0 1 1 0 1 0 1 1 0 1 1 0 0 0 0 0 0 0 1 0 0 1 0 0 1 0 1 0 0 1 1 1 1 1 0 0 0 1 0 0 1 0 0 1 1 0 1 1 0 0 0 0 1 0 0 0 1 0 1 0 0 0 1 0 0 0 1 1 0 0 1 0 0
24 0 1 0 1 1 0 1 0 1 1 0 1 1 0 0 0 0 0 0 0 1 0 0 1 0 0 1 0 1 0 0 1 1 1 1 1 0 0 0 1 0 0 1 0 0 1 1 0 1 1 0 0 0 0 1 0 0 0 1 0 1 0 0 0 1 0 0 0 1 1 0 0 1 0 0
25 1 0 0 1 1 0 1 0 0 0 0 0 1 1 1 0 0 0 0 0 1 0 0 1 0 0 0 1 0 0 1 0 0 0 0 0 1 0 0 0 0 1 1 1 1 1 0 1 0 1 0 0 0 0 1 0 0 0 0 1 1 0 0 0 1 0 0 1 0 1 0 0 1 0 1
26 1 0 0 1 1 0 1 0 0 0 0 0 1 1 1 0 0 0 0 0 1 0 0 1 0 0 0 1 0 0 1 0 0 0 0 0 1 0 0 0 0 1 1 1 1 1 0 1 0 1 0 0 0 0 1 0 0 0 0 1 1 0 0 0 1 0 0 1 0 1 0 0 1 0 1
27 1 0 0 1 1 0 1 0 0 0 0 0 1 1 1 0 0 0 0 0 1 0 0 1 0 0 0 1 0 0 1 0 0 0 0 0 1 0 0 0 0 1 1 1 1 1 0 1 0 1 0 0 0 0 1 0 0 0 0 1 1 0 0 0 1 0 0 1 0 1 0 0 1 0 1
28 0 0 1 1 0 0 1 0 0 0 0 0 0 1 0 0 0 0 0 0 0 0 0 0 0 0 0 1 0 0 0 0 0 1 0 0 0 0 0 0 0 0 1 0 1 0 0 1 0 0 1 0 0 0 0 0 0 0 0 1 0 0 0 0 1 1 0 1 0 1 0 1 1 1 0
29 0 0 1 1 0 0 1 0 0 0 0 0 0 1 0 0 0 0 0 0 0 0 0 0 0 0 0 1 0 0 0 0 0 1 0 0 0 0 0 0 0 0 1 0 1 0 0 1 0 0 1 0 0 0 0 0 0 0 0 1 0 0 0 0 1 1 0 1 0 1 0 1 1 1 0
30 0 0 1 1 0 0 1 0 0 0 0 0 0 1 0 0 0 0 0 0 0 0 0 0 0 0 0 1 0 0 0 0 0 1 0 0 0 0 0 0 0 0 1 0 1 0 0 1 0 0 1 0 0 0 0 0 0 0 0 1 0 0 0 0 1 1 0 1 0 1 0 1 1 1 0
31 0 1 1 1 0 0 1 0 1 1 0 0 1 0 0 0 0 0 0 0 1 0 0 1 0 0 0 0 0 0 0 1 0 1 0 1 0 0 0 0 0 0 1 0 0 1 0 0 0 0 1 0 0 0 1 0 0 0 0 0 1 0 0 0 1 1 0 1 1 1 0 1 1 1 0
32 0 1 1 1 0 0 1 0 1 1 0 0 1 0 0 0 0 0 0 0 1 0 0 1 0 0 0 0 0 0 0 1 0 1 0 1 0 0 0 0 0 0 1 0 0 1 0 0 0 0 1 0 0 0 1 0 0 0 0 0 1 0 0 0 1 1 0 1 1 1 0 1 1 1 0
33 0 1 1 1 0 0 1 0 1 1 0 0 1 0 0 0 0 0 0 0 1 0 0 1 0 0 0 0 0 0 0 1 0 1 0 1 0 0 0 0 0 0 1 0 0 1 0 0 0 0 1 0 0 0 1 0 0 0 0 0 1 0 0 0 1 1 0 1 1 1 0 1 1 1 0
34 0 0 0 0 0 1 0 1 0 0 1 0 0 0 0 1 1 0 0 1 0 0 1 0 1 1 0 0 0 0 0 0 0 0 0 0 0 1 1 0 0 0 0 0 0 0 0 0 0 0 0 1 1 0 0 0 1 1 0 0 0 0 0 0 0 0 1 0 0 0 1 0 0 0 0
35 0 0 0 0 0 1 0 1 0 0 1 0 0 0 0 1 1 0 0 1 0 0 1 0 1 1 0 0 0 0 0 0 0 0 0 0 0 1 1 0 0 0 0 0 0 0 0 0 0 0 0 1 1 0 0 0 1 1 0 0 0 0 0 0 0 0 1 0 0 0 1 0 0 0 0
36 0 0 0 0 0 1 0 1 0 0 1 0 0 0 0 1 1 0 0 1 0 0 1 0 1 1 0 0 0 0 0 0 0 0 0 0 0 1 1 0 0 0 0 0 0 0 0 0 0 0 0 1 1 0 0 0 1 1 0 0 0 0 0 0 0 0 1 0 0 0 1 0 0 0 0
37 0 0 0 0 0 1 0 1 0 0 0 0 0 0 0 0 1 1 0 1 0 0 1 0 1 1 0 0 0 1 0 0 0 0 1 0 0 1 1 0 0 0 0 0 0 0 0 0 1 0 0 1 1 0 0 0 1 1 0 0 0 1 0 1 0 0 0 0 0 0 0 0 0 0 0
38 0 0 0 0 0 1 0 1 0 0 0 0 0 0 0 0 1 1 0 1 0 0 1 0 1 1 0 0 0 1 0 0 0 0 1 0 0 1 1 0 0 0 0 0 0 0 0 0 1 0 0 1 1 0 0 0 1 1 0 0 0 1 0 1 0 0 0 0 0 0 0 0 0 0 0
39 0 0 0 0 0 1 0 1 0 0 0 0 0 0 0 0 1 1 0 1 0 0 1 0 1 1 0 0 0 1 0 0 0 0 1 0 0 1 1 0 0 0 0 0 0 0 0 0 1 0 0 1 1 0 0 0 1 1 0 0 0 1 0 1 0 0 0 0 0 0 0 0 0 0 0
40 0 0 0 0 0 1 0 1 0 0 0 0 0 0 0 0 1 0 0 0 0 0 1 0 0 1 0 0 0 0 0 0 0 0 0 0 0 1 1 0 0 0 0 0 0 0 0 0 0 0 0 0 0 0 0 0 1 1 0 0 0 1 0 1 0 0 0 0 0 0 0 0 0 0 0
41 0 0 0 0 0 1 0 1 0 0 0 0 0 0 0 0 1 0 0 0 0 0 1 0 0 1 0 0 0 0 0 0 0 0 0 0 0 1 1 0 0 0 0 0 0 0 0 0 0 0 0 0 0 0 0 0 1 1 0 0 0 1 0 1 0 0 0 0 0 0 0 0 0 0 0
42 0 0 0 0 0 1 0 1 0 0 0 0 0 0 0 0 1 0 0 0 0 0 1 0 0 1 0 0 0 0 0 0 0 0 0 0 0 1 1 0 0 0 0 0 0 0 0 0 0 0 0 0 0 0 0 0 1 1 0 0 0 1 0 1 0 0 0 0 0 0 0 0 0 0 0
43 0 0 0 0 0 1 0 1 0 0 1 0 0 0 0 1 1 1 0 1 0 0 1 0 1 0 0 0 0 1 0 0 0 0 0 0 0 1 1 0 0 0 0 0 0 0 0 0 0 0 0 1 1 0 0 0 1 1 0 0 0 0 0 1 0 0 1 0 0 0 1 0 0 0 0
44 0 0 0 0 0 1 0 1 0 0 1 0 0 0 0 1 1 1 0 1 0 0 1 0 1 0 0 0 0 1 0 0 0 0 0 0 0 1 1 0 0 0 0 0 0 0 0 0 0 0 0 1 1 0 0 0 1 1 0 0 0 0 0 1 0 0 1 0 0 0 1 0 0 0 0
45 0 0 0 0 0 1 0 1 0 0 1 0 0 0 0 1 1 1 0 1 0 0 1 0 1 0 0 0 0 1 0 0 0 0 0 0 0 1 1 0 0 0 0 0 0 0 0 0 0 0 0 1 1 0 0 0 1 1 0 0 0 0 0 1 0 0 1 0 0 0 1 0 0 0 0
46 0 0 0 0 0 1 0 0 0 0 1 0 0 0 0 1 1 0 1 1 0 0 1 0 1 0 0 0 0 0 0 0 0 0 0 0 0 1 1 0 0 0 0 0 0 0 0 0 0 0 0 1 1 0 0 0 1 0 0 0 0 0 0 0 0 0 1 0 0 0 1 0 0 0 0
47 0 0 0 0 0 1 0 0 0 0 1 0 0 0 0 1 1 0 1 1 0 0 1 0 1 0 0 0 0 0 0 0 0 0 0 0 0 1 1 0 0 0 0 0 0 0 0 0 0 0 0 1 1 0 0 0 1 0 0 0 0 0 0 0 0 0 1 0 0 0 1 0 0 0 0
48 0 0 0 0 0 1 0 0 0 0 1 0 0 0 0 1 1 0 1 1 0 0 1 0 1 0 0 0 0 0 0 0 0 0 0 0 0 1 1 0 0 0 0 0 0 0 0 0 0 0 0 1 1 0 0 0 1 0 0 0 0 0 0 0 0 0 1 0 0 0 1 0 0 0 0
49 0 0 0 0 0 0 0 0 0 0 1 0 0 0 0 1 1 1 1 1 0 0 1 0 1 0 0 0 0 1 0 0 0 0 0 0 0 1 1 0 0 0 0 0 0 0 0 0 0 0 0 1 1 0 0 0 1 0 0 0 0 0 1 0 0 0 1 0 0 0 1 0 0 0 0
50 0 0 0 0 0 0 0 0 0 0 1 0 0 0 0 1 1 1 1 1 0 0 1 0 1 0 0 0 0 1 0 0 0 0 0 0 0 1 1 0 0 0 0 0 0 0 0 0 0 0 0 1 1 0 0 0 1 0 0 0 0 0 1 0 0 0 1 0 0 0 1 0 0 0 0
51 0 0 0 0 0 0 0 0 0 0 1 0 0 0 0 1 1 1 1 1 0 0 1 0 1 0 0 0 0 1 0 0 0 0 0 0 0 1 1 0 0 0 0 0 0 0 0 0 0 0 0 1 1 0 0 0 1 0 0 0 0 0 1 0 0 0 1 0 0 0 1 0 0 0 0
52 0 0 0 0 0 0 0 0 0 0 1 0 0 0 0 1 0 0 1 1 0 0 0 0 0 0 0 0 0 1 0 0 0 0 0 0 0 0 0 0 0 0 0 0 0 0 0 0 0 0 0 1 1 0 0 0 0 0 0 0 0 0 0 0 0 0 1 0 0 0 1 0 0 0 0
53 0 0 0 0 0 0 0 0 0 0 1 0 0 0 0 1 0 0 1 1 0 0 0 0 0 0 0 0 0 1 0 0 0 0 0 0 0 0 0 0 0 0 0 0 0 0 0 0 0 0 0 1 1 0 0 0 0 0 0 0 0 0 0 0 0 0 1 0 0 0 1 0 0 0 0
54 0 0 0 0 0 0 0 0 0 0 1 0 0 0 0 1 0 0 1 1 0 0 0 0 0 0 0 0 0 1 0 0 0 0 0 0 0 0 0 0 0 0 0 0 0 0 0 0 0 0 0 1 1 0 0 0 0 0 0 0 0 0 0 0 0 0 1 0 0 0 1 0 0 0 0
55 1 1 0 0 1 0 0 0 1 0 0 1 1 0 1 0 0 0 0 0 1 1 0 1 0 0 0 0 1 0 1 0 1 0 0 0 1 0 0 1 0 0 1 1 0 1 1 0 0 1 0 0 0 1 1 1 0 0 1 0 1 0 0 0 1 0 0 0 0 1 0 0 1 0 1
56 1 1 0 0 1 0 0 0 1 0 0 1 1 0 1 0 0 0 0 0 1 1 0 1 0 0 0 0 1 0 1 0 1 0 0 0 1 0 0 1 0 0 1 1 0 1 1 0 0 1 0 0 0 1 1 1 0 0 1 0 1 0 0 0 1 0 0 0 0 1 0 0 1 0 1
57 1 1 0 0 1 0 0 0 1 0 0 1 1 0 1 0 0 0 0 0 1 1 0 1 0 0 0 0 1 0 1 0 1 0 0 0 1 0 0 1 0 0 1 1 0 1 1 0 0 1 0 0 0 1 1 1 0 0 1 0 1 0 0 0 1 0 0 0 0 1 0 0 1 0 1
58 1 1 1 1 1 0 1 0 1 0 0 1 1 1 1 0 0 0 0 0 1 0 0 1 0 0 0 1 0 0 0 0 0 1 0 1 0 0 0 0 0 0 1 1 0 1 1 1 0 1 1 0 0 0 1 0 0 0 0 1 1 0 0 0 1 1 0 1 0 1 0 1 1 1 0
59 1 1 1 1 1 0 1 0 1 0 0 1 1 1 1 0 0 0 0 0 1 0 0 1 0 0 0 1 0 0 0 0 0 1 0 1 0 0 0 0 0 0 1 1 0 1 1 1 0 1 1 0 0 0 1 0 0 0 0 1 1 0 0 0 1 1 0 1 0 1 0 1 1 1 0
60 1 1 1 1 1 0 1 0 1 0 0 1 1 1 1 0 0 0 0 0 1 0 0 1 0 0 0 1 0 0 0 0 0 1 0 1 0 0 0 0 0 0 1 1 0 1 1 1 0 1 1 0 0 0 1 0 0 0 0 1 1 0 0 0 1 1 0 1 0 1 0 1 1 1 0
61 0 0 0 0 0 0 0 0 0 0 0 1 0 0 0 0 0 1 0 0 0 1 0 0 1 0 1 0 1 1 0 0 1 0 0 0 0 0 0 0 0 0 0 0 0 0 1 0 0 0 0 1 0 0 0 0 0 0 0 0 0 0 1 0 0 0 0 0 0 0 0 0 0 0 0
62 0 0 0 0 0 0 0 0 0 0 0 1 0 0 0 0 0 1 0 0 0 1 0 0 1 0 1 0 1 1 0 0 1 0 0 0 0 0 0 0 0 0 0 0 0 0 1 0 0 0 0 1 0 0 0 0 0 0 0 0 0 0 1 0 0 0 0 0 0 0 0 0 0 0 0
63 0 0 0 0 0 0 0 0 0 0 0 1 0 0 0 0 0 1 0 0 0 1 0 0 1 0 1 0 1 1 0 0 1 0 0 0 0 0 0 0 0 0 0 0 0 0 1 0 0 0 0 1 0 0 0 0 0 0 0 0 0 0 1 0 0 0 0 0 0 0 0 0 0 0 0
64 0 0 0 0 0 0 0 0 0 0 0 1 0 0 0 0 0 1 0 0 0 1 0 0 1 0 1 0 1 1 0 0 0 0 0 0 0 0 0 1 0 0 0 0 0 0 1 0 0 0 0 1 0 0 0 0 0 0 0 0 0 0 1 0 0 0 0 0 0 0 0 0 0 0 0
65 0 0 0 0 0 0 0 0 0 0 0 1 0 0 0 0 0 1 0 0 0 1 0 0 1 0 1 0 1 1 0 0 0 0 0 0 0 0 0 1 0 0 0 0 0 0 1 0 0 0 0 1 0 0 0 0 0 0 0 0 0 0 1 0 0 0 0 0 0 0 0 0 0 0 0
66 0 0 0 0 0 0 0 0 0 0 0 1 0 0 0 0 0 1 0 0 0 1 0 0 1 0 1 0 1 1 0 0 0 0 0 0 0 0 0 1 0 0 0 0 0 0 1 0 0 0 0 1 0 0 0 0 0 0 0 0 0 0 1 0 0 0 0 0 0 0 0 0 0 0 0
67 0 0 0 0 0 0 0 0 0 0 1 0 0 0 0 1 1 1 1 1 0 0 0 0 1 0 0 0 0 1 0 0 0 0 0 0 0 1 1 0 0 0 0 0 0 0 0 0 0 0 0 1 1 0 0 0 0 0 0 0 0 0 1 0 0 0 1 0 0 0 1 0 0 0 0
68 0 0 0 0 0 0 0 0 0 0 1 0 0 0 0 1 1 1 1 1 0 0 0 0 1 0 0 0 0 1 0 0 0 0 0 0 0 1 1 0 0 0 0 0 0 0 0 0 0 0 0 1 1 0 0 0 0 0 0 0 0 0 1 0 0 0 1 0 0 0 1 0 0 0 0
69 0 0 0 0 0 0 0 0 0 0 1 0 0 0 0 1 1 1 1 1 0 0 0 0 1 0 0 0 0 1 0 0 0 0 0 0 0 1 1 0 0 0 0 0 0 0 0 0 0 0 0 1 1 0 0 0 0 0 0 0 0 0 1 0 0 0 1 0 0 0 1 0 0 0 0
70 0 1 0 1 1 0 1 0 1 1 0 1 1 0 0 0 0 0 0 0 1 0 0 1 0 0 1 0 1 0 0 1 1 0 1 1 0 0 0 1 0 0 1 0 0 1 1 0 1 1 0 0 0 0 1 0 0 0 1 0 1 0 0 0 1 0 0 0 1 1 0 0 1 0 0
71 0 1 0 1 1 0 1 0 1 1 0 1 1 0 0 0 0 0 0 0 1 0 0 1 0 0 1 0 1 0 0 1 1 0 1 1 0 0 0 1 0 0 1 0 0 1 1 0 1 1 0 0 0 0 1 0 0 0 1 0 1 0 0 0 1 0 0 0 1 1 0 0 1 0 0
72 0 1 0 1 1 0 1 0 1 1 0 1 1 0 0 0 0 0 0 0 1 0 0 1 0 0 1 0 1 0 0 1 1 0 1 1 0 0 0 1 0 0 1 0 0 1 1 0 1 1 0 0 0 0 1 0 0 0 1 0 1 0 0 0 1 0 0 0 1 1 0 0 1 0 0
1 2 1 3 3 3 1 1 1 1 3 2 3 1 1 1 3 2 3 1 2 3 1 1 3 3 1 1 3 2 3 2 3 3 3 3 1 2 1 3 1 2 1 1 3 1 3 3 2 1 3 3 3 2 3 2 3 3 2 3 2 3 2 1 2 3 1 1 1 2 3 1 2 3 3