B1-25-50-50-4-250.ctp
75 50 25 4 6950.00
0 1 2607.00
0 2 549.00
0 3 2009.00
0 4 1368.00
0 5 2233.00
0 6 1131.00
0 7 581.00
0 8 515.00
0 9 582.00
0 10 722.00
0 11 263.00
0 12 2790.00
0 13 2301.00
0 14 2490.00
0 15 2439.00
0 16 2949.00
0 17 2589.00
0 18 3008.00
0 19 783.00
0 20 258.00
0 21 1980.00
0 22 1988.00
0 23 2459.00
0 24 527.00
0 25 1184.00
0 26 1184.00
0 27 1184.00
0 28 662.00
0 29 662.00
0 30 662.00
0 31 814.00
0 32 814.00
0 33 814.00
0 34 492.00
0 35 492.00
0 36 492.00
0 37 881.00
0 38 881.00
0 39 881.00
0 40 3070.00
0 41 3070.00
0 42 3070.00
0 43 440.00
0 44 440.00
0 45 440.00
0 46 2433.00
0 47 2433.00
0 48 2433.00
0 49 838.00
0 50 838.00
0 51 838.00
0 52 844.00
0 53 844.00
0 54 844.00
0 55 2910.00
0 56 2910.00
0 57 2910.00
0 58 1129.00
0 59 1129.00
0 60 1129.00
0 61 699.00
0 62 699.00
0 63 699.00
0 64 1124.00
0 65 1124.00
0 66 1124.00
0 67 1100.00
0 68 1100.00
0 69 1100.00
0 70 3099.00
0 71 3099.00
0 72 3099.00
0 73 2517.00
0 74 2517.00
0 75 2517.00
0 76 1673.00
0 77 1673.00
0 78 1673.00
0 79 3350.00
0 80 3350.00
0 81 3350.00
0 82 2851.00
0 83 2851.00
0 84 2851.00
0 85 477.00
0 86 477.00
0 87 477.00
0 88 1488.00
0 89 1488.00
0 90 1488.00
0 91 2963.00
0 92 2963.00
0 93 2963.00
0 94 655.00
0 95 655.00
0 96 655.00
0 97 1989.00
0 98 1989.00
0 99 1989.00
1 2 3154.00
1 3 1013.00
1 4 3183.00
1 5 932.00
1 6 1480.00
1 7 3056.00
1 8 2097.00
1 9 2886.00
1 10 3328.00
1 11 2435.00
1 12 184.00
1 13 412.00
1 14 882.00
1 15 236.00
1 16 511.00
1 17 523.00
1 18 882.00
1 19 2274.00
1 20 2578.00
1 21 1244.00
1 22 1287.00
1 23 608.00
1 24 2091.00
1 25 2701.00
1 26 2701.00
1 27 2701.00
1 28 1988.00
1 29 1988.00
1 30 1988.00
1 31 3367.00
1 32 3367.00
1 33 3367.00
1 34 2958.00
1 35 2958.00
1 36 2958.00
1 37 2437.00
1 38 2437.00
1 39 2437.00
1 40 554.00
1 41 554.00
1 42 554.00
1 43 2798.00
1 44 2798.00
1 45 2798.00
1 46 707.00
1 47 707.00
1 48 707.00
1 49 1769.00
1 50 1769.00
1 51 1769.00
1 52 2032.00
1 53 2032.00
1 54 2032.00
1 55 604.00
1 56 604.00
1 57 604.00
1 58 1804.00
1 59 1804.00
1 60 1804.00
1 61 2291.00
1 62 2291.00
1 63 2291.00
1 64 3318.00
1 65 3318.00
1 66 3318.00
1 67 3187.00
1 68 3187.00
1 69 3187.00
1 70 665.00
1 71 665.00
1 72 665.00
1 73 217.00
1 74 217.00
1 75 217.00
1 76 936.00
1 77 936.00
1 78 936.00
1 79 1093.00
1 80 1093.00
1 81 1093.00
1 82 531.00
1 83 531.00
1 84 531.00
1 85 2148.00
1 86 2148.00
1 87 2148.00
1 88 2040.00
1 89 2040.00
1 90 2040.00
1 91 505.00
1 92 505.00
1 93 505.00
1 94 2547.00
1 95 2547.00
1 96 2547.00
1 97 673.00
1 98 673.00
1 99 673.00
2 3 2515.00
2 4 1413.00
2 5 2739.00
2 6 1679.00
2 7 369.00
2 8 1064.00
2 9 665.00
2 10 190.00
2 11 739.00
2 12 3337.00
2 13 2841.00
2 14 2996.00
2 15 2987.00
2 16 3497.00
2 17 3135.00
2 18 3548.00
2 19 1203.00
2 20 661.00
2 21 2497.00
2 22 2500.00
2 23 3003.00
2 24 1074.00
2 25 1417.00
2 26 1417.00
2 27 1417.00
2 28 1186.00
2 29 1186.00
2 30 1186.00
2 31 344.00
2 32 344.00
2 33 344.00
2 34 385.00
2 35 385.00
2 36 385.00
2 37 1225.00
2 38 1225.00
2 39 1225.00
2 40 3609.00
2 41 3609.00
2 42 3609.00
2 43 528.00
2 44 528.00
2 45 528.00
2 46 2952.00
2 47 2952.00
2 48 2952.00
2 49 1386.00
2 50 1386.00
2 51 1386.00
2 52 1292.00
2 53 1292.00
2 54 1292.00
2 55 3456.00
2 56 3456.00
2 57 3456.00
2 58 1628.00
2 59 1628.00
2 60 1628.00
2 61 1128.00
2 62 1128.00
2 63 1128.00
2 64 1021.00
2 65 1021.00
2 66 1021.00
2 67 1077.00
2 68 1077.00
2 69 1077.00
2 70 3646.00
2 71 3646.00
2 72 3646.00
2 73 3059.00
2 74 3059.00
2 75 3059.00
2 76 2221.00
2 77 2221.00
2 78 2221.00
2 79 3891.00
2 80 3891.00
2 81 3891.00
2 82 3397.00
2 83 3397.00
2 84 3397.00
2 85 1022.00
2 86 1022.00
2 87 1022.00
2 88 1909.00
2 89 1909.00
2 90 1909.00
2 91 3500.00
2 92 3500.00
2 93 3500.00
2 94 974.00
2 95 974.00
2 96 974.00
2 97 2537.00
2 98 2537.00
2 99 2537.00
3 4 2976.00
3 5 224.00
3 6 1079.00
3 7 2325.00
3 8 1572.00
3 9 2449.00
3 10 2703.00
3 11 1778.00
3 12 1161.00
3 13 605.00
3 14 481.00
3 15 1029.00
3 16 1521.00
3 17 1390.00
3 18 1843.00
3 19 1991.00
3 20 2076.00
3 21 1622.00
3 22 1667.00
3 23 1375.00
3 24 1581.00
3 25 2538.00
3 26 2538.00
3 27 2538.00
3 28 1349.00
3 29 1349.00
3 30 1349.00
3 31 2652.00
3 32 2652.00
3 33 2652.00
3 34 2235.00
3 35 2235.00
3 36 2235.00
3 37 2191.00
3 38 2191.00
3 39 2191.00
3 40 1231.00
3 41 1231.00
3 42 1231.00
3 43 2063.00
3 44 2063.00
3 45 2063.00
3 46 465.00
3 47 465.00
3 48 465.00
3 49 1272.00
3 50 1272.00
3 51 1272.00
3 52 1244.00
3 53 1244.00
3 54 1244.00
3 55 1592.00
3 56 1592.00
3 57 1592.00
3 58 1660.00
3 59 1660.00
3 60 1660.00
3 61 1969.00
3 62 1969.00
3 63 1969.00
3 64 2967.00
3 65 2967.00
3 66 2967.00
3 67 2871.00
3 68 2871.00
3 69 2871.00
3 70 1678.00
3 71 1678.00
3 72 1678.00
3 73 811.00
3 74 811.00
3 75 811.00
3 76 792.00
3 77 792.00
3 78 792.00
3 79 2097.00
3 80 2097.00
3 81 2097.00
3 82 1515.00
3 83 1515.00
3 84 1515.00
3 85 1642.00
3 86 1642.00
3 87 1642.00
3 88 2096.00
3 89 2096.00
3 90 2096.00
3 91 1107.00
3 92 1107.00
3 93 1107.00
3 94 2200.00
3 95 2200.00
3 96 2200.00
3 97 944.00
3 98 944.00
3 99 944.00
4 5 3180.00
4 6 1899.00
4 7 1742.00
4 8 1500.00
4 9 805.00
4 10 1386.00
4 11 1599.00
4 12 3344.00
4 13 3024.00
4 14 3411.00
4 15 2959.00
4 16 3335.00
4 17 2934.00
4 18 3209.00
4 19 986.00
4 20 1131.00
4 21 2084.00
4 22 2060.00
4 23 2781.00
4 24 1479.00
4 25 484.00
4 26 484.00
4 27 484.00
4 28 1791.00
4 29 1791.00
4 30 1791.00
4 31 1733.00
4 32 1733.00
4 33 1733.00
4 34 1706.00
4 35 1706.00
4 36 1706.00
4 37 786.00
4 38 786.00
4 39 786.00
4 40 3727.00
4 41 3727.00
4 42 3727.00
4 43 1752.00
4 44 1752.00
4 45 1752.00
4 46 3295.00
4 47 3295.00
4 48 3295.00
4 49 1729.00
4 50 1729.00
4 51 1729.00
4 52 2096.00
4 53 2096.00
4 54 2096.00
4 55 3236.00
4 56 3236.00
4 57 3236.00
4 58 1388.00
4 59 1388.00
4 60 1388.00
4 61 1013.00
4 62 1013.00
4 63 1013.00
4 64 465.00
4 65 465.00
4 66 465.00
4 67 346.00
4 68 346.00
4 69 346.00
4 70 3448.00
4 71 3448.00
4 72 3448.00
4 73 3183.00
4 74 3183.00
4 75 3183.00
4 76 2336.00
4 77 2336.00
4 78 2336.00
4 79 3534.00
4 80 3534.00
4 81 3534.00
4 82 3202.00
4 83 3202.00
4 84 3202.00
4 85 1427.00
4 86 1427.00
4 87 1427.00
4 88 1223.00
4 89 1223.00
4 90 1223.00
4 91 3649.00
4 92 3649.00
4 93 3649.00
4 94 817.00
4 95 817.00
4 96 817.00
4 97 2512.00
4 98 2512.00
4 99 2512.00
5 6 1282.00
5 7 2545.00
5 8 1793.00
5 9 2668.00
5 10 2927.00
5 11 2002.00
5 12 1055.00
5 13 554.00
5 14 258.00
5 15 998.00
5 16 1442.00
5 17 1369.00
5 18 1799.00
5 19 2196.00
5 20 2298.00
5 21 1721.00
5 22 1767.00
5 23 1380.00
5 24 1801.00
5 25 2736.00
5 26 2736.00
5 27 2736.00
5 28 1572.00
5 29 1572.00
5 30 1572.00
5 31 2873.00
5 32 2873.00
5 33 2873.00
5 34 2457.00
5 35 2457.00
5 36 2457.00
5 37 2394.00
5 38 2394.00
5 39 2394.00
5 40 1059.00
5 41 1059.00
5 42 1059.00
5 43 2284.00
5 44 2284.00
5 45 2284.00
5 46 278.00
5 47 278.00
5 48 278.00
5 49 1488.00
5 50 1488.00
5 51 1488.00
5 52 1465.00
5 53 1465.00
5 54 1465.00
5 55 1532.00
5 56 1532.00
5 57 1532.00
5 58 1845.00
5 59 1845.00
5 60 1845.00
5 61 2178.00
5 62 2178.00
5 63 2178.00
5 64 3183.00
5 65 3183.00
5 66 3183.00
5 67 3084.00
5 68 3084.00
5 69 3084.00
5 70 1591.00
5 71 1591.00
5 72 1591.00
5 73 717.00
5 74 717.00
5 75 717.00
5 76 935.00
5 77 935.00
5 78 935.00
5 79 2025.00
5 80 2025.00
5 81 2025.00
5 82 1457.00
5 83 1457.00
5 84 1457.00
5 85 1862.00
5 86 1862.00
5 87 1862.00
5 88 2261.00
5 89 2261.00
5 90 2261.00
5 91 933.00
5 92 933.00
5 93 933.00
5 94 2412.00
5 95 2412.00
5 96 2412.00
5 97 1016.00
5 98 1016.00
5 99 1016.00
6 7 1620.00
6 8 618.00
6 9 1437.00
6 10 1850.00
6 11 984.00
6 12 1663.00
6 13 1203.00
6 14 1516.00
6 15 1308.00
6 16 1824.00
6 17 1479.00
6 18 1921.00
6 19 914.00
6 20 1104.00
6 21 1053.00
6 22 1081.00
6 23 1360.00
6 24 611.00
6 25 1461.00
6 26 1461.00
6 27 1461.00
6 28 568.00
6 29 568.00
6 30 568.00
6 31 1914.00
6 32 1914.00
6 33 1914.00
6 34 1520.00
6 35 1520.00
6 36 1520.00
6 37 1113.00
6 38 1113.00
6 39 1113.00
6 40 1964.00
6 41 1964.00
6 42 1964.00
6 43 1374.00
6 44 1374.00
6 45 1374.00
6 46 1413.00
6 47 1413.00
6 48 1413.00
6 49 294.00
6 50 294.00
6 51 294.00
6 52 774.00
6 53 774.00
6 54 774.00
6 55 1795.00
6 56 1795.00
6 57 1795.00
6 58 618.00
6 59 618.00
6 60 618.00
6 61 899.00
6 62 899.00
6 63 899.00
6 64 1921.00
6 65 1921.00
6 66 1921.00
6 67 1812.00
6 68 1812.00
6 69 1812.00
6 70 1977.00
6 71 1977.00
6 72 1977.00
6 73 1405.00
6 74 1405.00
6 75 1405.00
6 76 544.00
6 77 544.00
6 78 544.00
6 79 2258.00
6 80 2258.00
6 81 2258.00
6 82 1732.00
6 83 1732.00
6 84 1732.00
6 85 669.00
6 86 669.00
6 87 669.00
6 88 1113.00
6 89 1113.00
6 90 1113.00
6 91 1864.00
6 92 1864.00
6 93 1864.00
6 94 1141.00
6 95 1141.00
6 96 1141.00
6 97 862.00
6 98 862.00
6 99 862.00
7 8 1043.00
7 9 953.00
7 10 517.00
7 11 636.00
7 12 3240.00
7 13 2714.00
7 14 2802.00
7 15 2911.00
7 16 3439.00
7 17 3098.00
7 18 3535.00
7 19 1355.00
7 20 801.00
7 21 2544.00
7 22 2554.00
7 23 2977.00
7 24 1062.00
7 25 1679.00
7 26 1679.00
7 27 1679.00
7 28 1070.00
7 29 1070.00
7 30 1070.00
7 31 328.00
7 32 328.00
7 33 328.00
7 34 100.00
7 35 100.00
7 36 100.00
7 37 1426.00
7 38 1426.00
7 39 1426.00
7 40 3476.00
7 41 3476.00
7 42 3476.00
7 43 263.00
7 44 263.00
7 45 263.00
7 46 2778.00
7 47 2778.00
7 48 2778.00
7 49 1329.00
7 50 1329.00
7 51 1329.00
7 52 1081.00
7 53 1081.00
7 54 1081.00
7 55 3415.00
7 56 3415.00
7 57 3415.00
7 58 1706.00
7 59 1706.00
7 60 1706.00
7 61 1271.00
7 62 1271.00
7 63 1271.00
7 64 1376.00
7 65 1376.00
7 66 1376.00
7 67 1417.00
7 68 1417.00
7 69 1417.00
7 70 3594.00
7 71 3594.00
7 72 3594.00
7 73 2940.00
7 74 2940.00
7 75 2940.00
7 76 2144.00
7 77 2144.00
7 78 2144.00
7 79 3874.00
7 80 3874.00
7 81 3874.00
7 82 3351.00
7 83 3351.00
7 84 3351.00
7 85 1025.00
7 86 1025.00
7 87 1025.00
7 88 2064.00
7 89 2064.00
7 90 2064.00
7 91 3362.00
7 92 3362.00
7 93 3362.00
7 94 1181.00
7 95 1181.00
7 96 1181.00
7 97 2479.00
7 98 2479.00
7 99 2479.00
8 9 877.00
8 10 1233.00
8 11 420.00
8 12 2280.00
8 13 1805.00
8 14 2044.00
8 15 1925.00
8 16 2434.00
8 17 2076.00
8 18 2500.00
8 19 596.00
8 20 507.00
8 21 1507.00
8 22 1520.00
8 23 1948.00
8 24 30.00
8 25 1157.00
8 26 1157.00
8 27 1157.00
8 28 294.00
8 29 294.00
8 30 294.00
8 31 1316.00
8 32 1316.00
8 33 1316.00
8 34 944.00
8 35 944.00
8 36 944.00
8 37 784.00
8 38 784.00
8 39 784.00
8 40 2572.00
8 41 2572.00
8 42 2572.00
8 43 822.00
8 44 822.00
8 45 822.00
8 46 1968.00
8 47 1968.00
8 48 1968.00
8 49 330.00
8 50 330.00
8 51 330.00
8 52 621.00
8 53 621.00
8 54 621.00
8 55 2396.00
8 56 2396.00
8 57 2396.00
8 58 716.00
8 59 716.00
8 60 716.00
8 61 529.00
8 62 529.00
8 63 529.00
8 64 1407.00
8 65 1407.00
8 66 1407.00
8 67 1328.00
8 68 1328.00
8 69 1328.00
8 70 2584.00
8 71 2584.00
8 72 2584.00
8 73 2015.00
8 74 2015.00
8 75 2015.00
8 76 1161.00
8 77 1161.00
8 78 1161.00
8 79 2841.00
8 80 2841.00
8 81 2841.00
8 82 2336.00
8 83 2336.00
8 84 2336.00
8 85 74.00
8 86 74.00
8 87 74.00
8 88 1173.00
8 89 1173.00
8 90 1173.00
8 91 2468.00
8 92 2468.00
8 93 2468.00
8 94 683.00
8 95 683.00
8 96 683.00
8 97 1473.00
8 98 1473.00
8 99 1473.00
9 10 709.00
9 11 834.00
9 12 3064.00
9 13 2638.00
9 14 2918.00
9 15 2689.00
9 16 3153.00
9 17 2766.00
9 18 3133.00
9 19 669.00
9 20 389.00
9 21 2023.00
9 22 2017.00
9 23 2622.00
9 24 868.00
9 25 753.00
9 26 753.00
9 27 753.00
9 28 1133.00
9 29 1133.00
9 30 1133.00
9 31 1007.00
9 32 1007.00
9 33 1007.00
9 34 907.00
9 35 907.00
9 36 907.00
9 37 615.00
9 38 615.00
9 39 615.00
9 40 3393.00
9 41 3393.00
9 42 3393.00
9 43 947.00
9 44 947.00
9 45 947.00
9 46 2834.00
9 47 2834.00
9 48 2834.00
9 49 1185.00
9 50 1185.00
9 51 1185.00
9 52 1388.00
9 53 1388.00
9 54 1388.00
9 55 3087.00
9 56 3087.00
9 57 3087.00
9 58 1159.00
9 59 1159.00
9 60 1159.00
9 61 621.00
9 62 621.00
9 63 621.00
9 64 551.00
9 65 551.00
9 66 551.00
9 67 518.00
9 68 518.00
9 69 518.00
9 70 3290.00
9 71 3290.00
9 72 3290.00
9 73 2834.00
9 74 2834.00
9 75 2834.00
9 76 1961.00
9 77 1961.00
9 78 1961.00
9 79 3475.00
9 80 3475.00
9 81 3475.00
9 82 3037.00
9 83 3037.00
9 84 3037.00
9 85 806.00
9 86 806.00
9 87 806.00
9 88 1317.00
9 89 1317.00
9 90 1317.00
9 91 3297.00
9 92 3297.00
9 93 3297.00
9 94 386.00
9 95 386.00
9 96 386.00
9 97 2225.00
9 98 2225.00
9 99 2225.00
10 11 926.00
10 12 3511.00
10 13 3021.00
10 14 3184.00
10 15 3158.00
10 16 3662.00
10 17 3295.00
10 18 3700.00
10 19 1312.00
10 20 796.00
10 21 2633.00
10 22 2634.00
10 23 3161.00
10 24 1241.00
10 25 1454.00
10 26 1454.00
10 27 1454.00
10 28 1370.00
10 29 1370.00
10 30 1370.00
10 31 356.00
10 32 356.00
10 33 356.00
10 34 554.00
10 35 554.00
10 36 554.00
10 37 1307.00
10 38 1307.00
10 39 1307.00
10 40 3790.00
10 41 3790.00
10 42 3790.00
10 43 709.00
10 44 709.00
10 45 709.00
10 46 3139.00
10 47 3139.00
10 48 3139.00
10 49 1559.00
10 50 1559.00
10 51 1559.00
10 52 1481.00
10 53 1481.00
10 54 1481.00
10 55 3617.00
10 56 3617.00
10 57 3617.00
10 58 1760.00
10 59 1760.00
10 60 1760.00
10 61 1242.00
10 62 1242.00
10 63 1242.00
10 64 959.00
10 65 959.00
10 66 959.00
10 67 1042.00
10 68 1042.00
10 69 1042.00
10 70 3809.00
10 71 3809.00
10 72 3809.00
10 73 3238.00
10 74 3238.00
10 75 3238.00
10 76 2394.00
10 77 2394.00
10 78 2394.00
10 79 4044.00
10 80 4044.00
10 81 4044.00
10 82 3560.00
10 83 3560.00
10 84 3560.00
10 85 1187.00
10 86 1187.00
10 87 1187.00
10 88 2004.00
10 89 2004.00
10 90 2004.00
10 91 3682.00
10 92 3682.00
10 93 3682.00
10 94 1060.00
10 95 1060.00
10 96 1060.00
10 97 2704.00
10 98 2704.00
10 99 2704.00
11 12 2619.00
11 13 2109.00
11 14 2259.00
11 15 2282.00
11 16 2806.00
11 17 2462.00
11 18 2899.00
11 19 884.00
11 20 468.00
11 21 1927.00
11 22 1940.00
11 23 2341.00
11 24 444.00
11 25 1364.00
11 26 1364.00
11 27 1364.00
11 28 451.00
11 29 451.00
11 30 451.00
11 31 934.00
11 32 934.00
11 33 934.00
11 34 537.00
11 35 537.00
11 36 537.00
11 37 1025.00
11 38 1025.00
11 39 1025.00
11 40 2876.00
11 41 2876.00
11 42 2876.00
11 43 403.00
11 44 403.00
11 45 403.00
11 46 2213.00
11 47 2213.00
11 48 2213.00
11 49 692.00
11 50 692.00
11 51 692.00
11 52 584.00
11 53 584.00
11 54 584.00
11 55 2780.00
11 56 2780.00
11 57 2780.00
11 58 1124.00
11 59 1124.00
11 60 1124.00
11 61 800.00
11 62 800.00
11 63 800.00
11 64 1382.00
11 65 1382.00
11 66 1382.00
11 67 1349.00
11 68 1349.00
11 69 1349.00
11 70 2960.00
11 71 2960.00
11 72 2960.00
11 73 2330.00
11 74 2330.00
11 75 2330.00
11 76 1514.00
11 77 1514.00
11 78 1514.00
11 79 3238.00
11 80 3238.00
11 81 3238.00
11 82 2716.00
11 83 2716.00
11 84 2716.00
11 85 421.00
11 86 421.00
11 87 421.00
11 88 1548.00
11 89 1548.00
11 90 1548.00
11 91 2766.00
11 92 2766.00
11 93 2766.00
11 94 833.00
11 95 833.00
11 96 833.00
11 97 1845.00
11 98 1845.00
11 99 1845.00
12 13 573.00
12 14 965.00
12 15 386.00
12 16 410.00
12 17 564.00
12 18 828.00
12 19 2446.00
12 20 2760.00
12 21 1367.00
12 22 1407.00
12 23 683.00
12 24 2274.00
12 25 2861.00
12 26 2861.00
12 27 2861.00
12 28 2172.00
12 29 2172.00
12 30 2172.00
12 31 3551.00
12 32 3551.00
12 33 3551.00
12 34 3142.00
12 35 3142.00
12 36 3142.00
12 37 2606.00
12 38 2606.00
12 39 2606.00
12 40 431.00
12 41 431.00
12 42 431.00
12 43 2981.00
12 44 2981.00
12 45 2981.00
12 46 805.00
12 47 805.00
12 48 805.00
12 49 1952.00
12 50 1952.00
12 51 1952.00
12 52 2213.00
12 53 2213.00
12 54 2213.00
12 55 540.00
12 56 540.00
12 57 540.00
12 58 1972.00
12 59 1972.00
12 60 1972.00
12 61 2466.00
12 62 2466.00
12 63 2466.00
12 64 3490.00
12 65 3490.00
12 66 3490.00
12 67 3357.00
12 68 3357.00
12 69 3357.00
12 70 544.00
12 71 544.00
12 72 544.00
12 73 349.00
12 74 349.00
12 75 349.00
12 76 1119.00
12 77 1119.00
12 78 1119.00
12 79 989.00
12 80 989.00
12 81 989.00
12 82 478.00
12 83 478.00
12 84 478.00
12 85 2331.00
12 86 2331.00
12 87 2331.00
12 88 2186.00
12 89 2186.00
12 90 2186.00
12 91 422.00
12 92 422.00
12 93 422.00
12 94 2721.00
12 95 2721.00
12 96 2721.00
12 97 844.00
12 98 844.00
12 99 844.00
13 14 585.00
13 15 444.00
13 16 917.00
13 17 816.00
13 18 1250.00
13 19 2070.00
13 20 2304.00
13 21 1283.00
13 22 1330.00
13 23 835.00
13 24 1804.00
13 25 2552.00
13 26 2552.00
13 27 2552.00
13 28 1658.00
13 29 1658.00
13 30 1658.00
13 31 3032.00
13 32 3032.00
13 33 3032.00
13 34 2617.00
13 35 2617.00
13 36 2617.00
13 37 2251.00
13 38 2251.00
13 39 2251.00
13 40 769.00
13 41 769.00
13 42 769.00
13 43 2452.00
13 44 2452.00
13 45 2452.00
13 46 401.00
13 47 401.00
13 48 401.00
13 49 1475.00
13 50 1475.00
13 51 1475.00
13 52 1663.00
13 53 1663.00
13 54 1663.00
13 55 990.00
13 56 990.00
13 57 990.00
13 58 1638.00
13 59 1638.00
13 60 1638.00
13 61 2074.00
13 62 2074.00
13 63 2074.00
13 64 3106.00
13 65 3106.00
13 66 3106.00
13 67 2987.00
13 68 2987.00
13 69 2987.00
13 70 1074.00
13 71 1074.00
13 72 1074.00
13 73 232.00
13 74 232.00
13 75 232.00
13 76 691.00
13 77 691.00
13 78 691.00
13 79 1493.00
13 80 1493.00
13 81 1493.00
13 82 914.00
13 83 914.00
13 84 914.00
13 85 1864.00
13 86 1864.00
13 87 1864.00
13 88 1964.00
13 89 1964.00
13 90 1964.00
13 91 663.00
13 92 663.00
13 93 663.00
13 94 2326.00
13 95 2326.00
13 96 2326.00
13 97 581.00
13 98 581.00
13 99 581.00
14 15 1006.00
14 16 1372.00
14 17 1373.00
14 18 1764.00
14 19 2429.00
14 20 2550.00
14 21 1847.00
14 22 1894.00
14 23 1412.00
14 24 2051.00
14 25 2960.00
14 26 2960.00
14 27 2960.00
14 28 1828.00
14 29 1828.00
14 30 1828.00
14 31 3130.00
14 32 3130.00
14 33 3130.00
14 34 2714.00
14 35 2714.00
14 36 2714.00
14 37 2625.00
14 38 2625.00
14 39 2625.00
14 40 875.00
14 41 875.00
14 42 875.00
14 43 2541.00
14 44 2541.00
14 45 2541.00
14 46 186.00
14 47 186.00
14 48 186.00
14 49 1734.00
14 50 1734.00
14 51 1734.00
14 52 1722.00
14 53 1722.00
14 54 1722.00
14 55 1483.00
14 56 1483.00
14 57 1483.00
14 58 2058.00
14 59 2058.00
14 60 2058.00
14 61 2415.00
14 62 2415.00
14 63 2415.00
14 64 3427.00
14 65 3427.00
14 66 3427.00
14 67 3325.00
14 68 3325.00
14 69 3325.00
14 70 1509.00
14 71 1509.00
14 72 1509.00
14 73 669.00
14 74 669.00
14 75 669.00
14 76 1122.00
14 77 1122.00
14 78 1122.00
14 79 1954.00
14 80 1954.00
14 81 1954.00
14 82 1412.00
14 83 1412.00
14 84 1412.00
14 85 2113.00
14 86 2113.00
14 87 2113.00
14 88 2451.00
14 89 2451.00
14 90 2451.00
14 91 752.00
14 92 752.00
14 93 752.00
14 94 2653.00
14 95 2653.00
14 96 2653.00
14 97 1135.00
14 98 1135.00
14 99 1135.00
15 16 544.00
15 17 372.00
15 18 815.00
15 19 2064.00
15 20 2394.00
15 21 1009.00
15 22 1052.00
15 23 411.00
15 24 1917.00
15 25 2476.00
15 26 2476.00
15 27 2476.00
15 28 1841.00
15 29 1841.00
15 30 1841.00
15 31 3216.00
15 32 3216.00
15 33 3216.00
15 34 2812.00
15 35 2812.00
15 36 2812.00
15 37 2221.00
15 38 2221.00
15 39 2221.00
15 40 789.00
15 41 789.00
15 42 789.00
15 43 2656.00
15 44 2656.00
15 45 2656.00
15 46 821.00
15 47 821.00
15 48 821.00
15 49 1602.00
15 50 1602.00
15 51 1602.00
15 52 1918.00
15 53 1918.00
15 54 1918.00
15 55 576.00
15 56 576.00
15 57 576.00
15 58 1587.00
15 59 1587.00
15 60 1587.00
15 61 2086.00
15 62 2086.00
15 63 2086.00
15 64 3107.00
15 65 3107.00
15 66 3107.00
15 67 2973.00
15 68 2973.00
15 69 2973.00
15 70 706.00
15 71 706.00
15 72 706.00
15 73 362.00
15 74 362.00
15 75 362.00
15 76 768.00
15 77 768.00
15 78 768.00
15 79 1085.00
15 80 1085.00
15 81 1085.00
15 82 500.00
15 83 500.00
15 84 500.00
15 85 1972.00
15 86 1972.00
15 87 1972.00
15 88 1806.00
15 89 1806.00
15 90 1806.00
15 91 740.00
15 92 740.00
15 93 740.00
15 94 2341.00
15 95 2341.00
15 96 2341.00
15 97 464.00
15 98 464.00
15 99 464.00
16 17 401.00
16 18 434.00
16 19 2504.00
16 20 2884.00
16 21 1268.00
16 22 1300.00
16 23 554.00
16 24 2423.00
16 25 2853.00
16 26 2853.00
16 27 2853.00
16 28 2371.00
16 29 2371.00
16 30 2371.00
16 31 3738.00
16 32 3738.00
16 33 3738.00
16 34 3339.00
16 35 3339.00
16 36 3339.00
16 37 2641.00
16 38 2641.00
16 39 2641.00
16 40 744.00
16 41 744.00
16 42 744.00
16 43 3187.00
16 44 3187.00
16 45 3187.00
16 46 1206.00
16 47 1206.00
16 48 1206.00
16 49 2118.00
16 50 2118.00
16 51 2118.00
16 52 2461.00
16 53 2461.00
16 54 2461.00
16 55 160.00
16 56 160.00
16 57 160.00
16 58 2012.00
16 59 2012.00
16 60 2012.00
16 61 2537.00
16 62 2537.00
16 63 2537.00
16 64 3532.00
16 65 3532.00
16 66 3532.00
16 67 3390.00
16 68 3390.00
16 69 3390.00
16 70 162.00
16 71 162.00
16 72 162.00
16 73 725.00
16 74 725.00
16 75 725.00
16 76 1296.00
16 77 1296.00
16 78 1296.00
16 79 584.00
16 80 584.00
16 81 584.00
16 82 144.00
16 83 144.00
16 84 144.00
16 85 2475.00
16 86 2475.00
16 87 2475.00
16 88 2131.00
16 89 2131.00
16 90 2131.00
16 91 784.00
16 92 784.00
16 93 784.00
16 94 2789.00
16 95 2789.00
16 96 2789.00
16 97 961.00
16 98 961.00
16 99 961.00
17 18 475.00
17 19 2112.00
17 20 2510.00
17 21 871.00
17 22 905.00
17 23 153.00
17 24 2063.00
17 25 2452.00
17 26 2452.00
17 27 2452.00
17 28 2039.00
17 29 2039.00
17 30 2039.00
17 31 3389.00
17 32 3389.00
17 33 3389.00
17 34 2999.00
17 35 2999.00
17 36 2999.00
17 37 2244.00
17 38 2244.00
17 39 2244.00
17 40 991.00
17 41 991.00
17 42 991.00
17 43 2852.00
17 44 2852.00
17 45 2852.00
17 46 1190.00
17 47 1190.00
17 48 1190.00
17 49 1770.00
17 50 1770.00
17 51 1770.00
17 52 2165.00
17 53 2165.00
17 54 2165.00
17 55 323.00
17 56 323.00
17 57 323.00
17 58 1618.00
17 59 1618.00
17 60 1618.00
17 61 2148.00
17 62 2148.00
17 63 2148.00
17 64 3135.00
17 65 3135.00
17 66 3135.00
17 67 2992.00
17 68 2992.00
17 69 2992.00
17 70 524.00
17 71 524.00
17 72 524.00
17 73 712.00
17 74 712.00
17 75 712.00
17 76 980.00
17 77 980.00
17 78 980.00
17 79 789.00
17 80 789.00
17 81 789.00
17 82 272.00
17 83 272.00
17 84 272.00
17 85 2113.00
17 86 2113.00
17 87 2113.00
17 88 1731.00
17 89 1731.00
17 90 1731.00
17 91 985.00
17 92 985.00
17 93 985.00
17 94 2398.00
17 95 2398.00
17 96 2398.00
17 97 630.00
17 98 630.00
17 99 630.00
18 19 2466.00
18 20 2907.00
18 21 1133.00
18 22 1152.00
18 23 564.00
18 24 2484.00
18 25 2736.00
18 26 2736.00
18 27 2736.00
18 28 2487.00
18 29 2487.00
18 30 2487.00
18 31 3816.00
18 32 3816.00
18 33 3816.00
18 34 3435.00
18 35 3435.00
18 36 3435.00
18 37 2575.00
18 38 2575.00
18 39 2575.00
18 40 1176.00
18 41 1176.00
18 42 1176.00
18 43 3294.00
18 44 3294.00
18 45 3294.00
18 46 1589.00
18 47 1589.00
18 48 1589.00
18 49 2207.00
18 50 2207.00
18 51 2207.00
18 52 2630.00
18 53 2630.00
18 54 2630.00
18 55 288.00
18 56 288.00
18 57 288.00
18 58 1974.00
18 59 1974.00
18 60 1974.00
18 61 2512.00
18 62 2512.00
18 63 2512.00
18 64 3457.00
18 65 3457.00
18 66 3457.00
18 67 3307.00
18 68 3307.00
18 69 3307.00
18 70 389.00
18 71 389.00
18 72 389.00
18 73 1098.00
18 74 1098.00
18 75 1098.00
18 76 1445.00
18 77 1445.00
18 78 1445.00
18 79 344.00
18 80 344.00
18 81 344.00
18 82 354.00
18 83 354.00
18 84 354.00
18 85 2531.00
18 86 2531.00
18 87 2531.00
18 88 1986.00
18 89 1986.00
18 90 1986.00
18 91 1218.00
18 92 1218.00
18 93 1218.00
18 94 2754.00
18 95 2754.00
18 96 2754.00
18 97 1096.00
18 98 1096.00
18 99 1096.00
19 20 558.00
19 21 1354.00
19 22 1348.00
19 23 1965.00
19 24 568.00
19 25 576.00
19 26 576.00
19 27 576.00
19 28 882.00
19 29 882.00
19 30 882.00
19 31 1532.00
19 32 1532.00
19 33 1532.00
19 34 1272.00
19 35 1272.00
19 36 1272.00
19 37 205.00
19 38 205.00
19 39 205.00
19 40 2801.00
19 41 2801.00
19 42 2801.00
19 43 1217.00
19 44 1217.00
19 45 1217.00
19 46 2319.00
19 47 2319.00
19 48 2319.00
19 49 755.00
19 50 755.00
19 51 755.00
19 52 1215.00
19 53 1215.00
19 54 1215.00
19 55 2431.00
19 56 2431.00
19 57 2431.00
19 58 495.00
19 59 495.00
19 60 495.00
19 61 85.00
19 62 85.00
19 63 85.00
19 64 1044.00
19 65 1044.00
19 66 1044.00
19 67 918.00
19 68 918.00
19 69 918.00
19 70 2636.00
19 71 2636.00
19 72 2636.00
19 73 2246.00
19 74 2246.00
19 75 2246.00
19 76 1379.00
19 77 1379.00
19 78 1379.00
19 79 2808.00
19 80 2808.00
19 81 2808.00
19 82 2384.00
19 83 2384.00
19 84 2384.00
19 85 536.00
19 86 536.00
19 87 536.00
19 88 712.00
19 89 712.00
19 90 712.00
19 91 2714.00
19 92 2714.00
19 93 2714.00
19 94 288.00
19 95 288.00
19 96 288.00
19 97 1602.00
19 98 1602.00
19 99 1602.00
20 21 1839.00
20 22 1841.00
20 23 2372.00
20 24 503.00
20 25 926.00
20 26 926.00
20 27 926.00
20 28 746.00
20 29 746.00
20 30 746.00
20 31 979.00
20 32 979.00
20 33 979.00
20 34 723.00
20 35 723.00
20 36 723.00
20 37 631.00
20 38 631.00
20 39 631.00
20 40 3067.00
20 41 3067.00
20 42 3067.00
20 43 694.00
20 44 694.00
20 45 694.00
20 46 2475.00
20 47 2475.00
20 48 2475.00
20 49 831.00
20 50 831.00
20 51 831.00
20 52 1001.00
20 53 1001.00
20 54 1001.00
20 55 2832.00
20 56 2832.00
20 57 2832.00
20 58 967.00
20 59 967.00
20 60 967.00
20 61 477.00
20 62 477.00
20 63 477.00
20 64 939.00
20 65 939.00
20 66 939.00
20 67 889.00
20 68 889.00
20 69 889.00
20 70 3028.00
20 71 3028.00
20 72 3028.00
20 73 2509.00
20 74 2509.00
20 75 2509.00
20 76 1643.00
20 77 1643.00
20 78 1643.00
20 79 3250.00
20 80 3250.00
20 81 3250.00
20 82 2777.00
20 83 2777.00
20 84 2777.00
20 85 442.00
20 86 442.00
20 87 442.00
20 88 1269.00
20 89 1269.00
20 90 1269.00
20 91 2966.00
20 92 2966.00
20 93 2966.00
20 94 398.00
20 95 398.00
20 96 398.00
20 97 1934.00
20 98 1934.00
20 99 1934.00
21 22 47.00
21 23 719.00
21 24 1485.00
21 25 1607.00
21 26 1607.00
21 27 1607.00
21 28 1587.00
21 29 1587.00
21 30 1587.00
21 31 2794.00
21 32 2794.00
21 33 2794.00
21 34 2447.00
21 35 2447.00
21 36 2447.00
21 37 1448.00
21 38 1448.00
21 39 1448.00
21 40 1791.00
21 41 1791.00
21 42 1791.00
21 43 2329.00
21 44 2329.00
21 45 2329.00
21 46 1671.00
21 47 1671.00
21 48 1671.00
21 49 1281.00
21 50 1281.00
21 51 1281.00
21 52 1827.00
21 53 1827.00
21 54 1827.00
21 55 1157.00
21 56 1157.00
21 57 1157.00
21 58 875.00
21 59 875.00
21 60 875.00
21 61 1408.00
21 62 1408.00
21 63 1408.00
21 64 2325.00
21 65 2325.00
21 66 2325.00
21 67 2174.00
21 68 2174.00
21 69 2174.00
21 70 1369.00
21 71 1369.00
21 72 1369.00
21 73 1335.00
21 74 1335.00
21 75 1335.00
21 76 857.00
21 77 857.00
21 78 857.00
21 79 1468.00
21 80 1468.00
21 81 1468.00
21 82 1129.00
21 83 1129.00
21 84 1129.00
21 85 1519.00
21 86 1519.00
21 87 1519.00
21 88 866.00
21 89 866.00
21 90 866.00
21 91 1749.00
21 92 1749.00
21 93 1749.00
21 94 1639.00
21 95 1639.00
21 96 1639.00
21 97 712.00
21 98 712.00
21 99 712.00
22 23 754.00
22 24 1497.00
22 25 1585.00
22 26 1585.00
22 27 1585.00
22 28 1607.00
22 29 1607.00
22 30 1607.00
22 31 2800.00
22 32 2800.00
22 33 2800.00
22 34 2458.00
22 35 2458.00
22 36 2458.00
22 37 1436.00
22 38 1436.00
22 39 1436.00
22 40 1833.00
22 41 1833.00
22 42 1833.00
22 43 2342.00
22 44 2342.00
22 45 2342.00
22 46 1718.00
22 47 1718.00
22 48 1718.00
22 49 1301.00
22 50 1301.00
22 51 1301.00
22 52 1854.00
22 53 1854.00
22 54 1854.00
22 55 1186.00
22 56 1186.00
22 57 1186.00
22 58 875.00
22 59 875.00
22 60 875.00
22 61 1405.00
22 62 1405.00
22 63 1405.00
22 64 2309.00
22 65 2309.00
22 66 2309.00
22 67 2157.00
22 68 2157.00
22 69 2157.00
22 70 1397.00
22 71 1397.00
22 72 1397.00
22 73 1380.00
22 74 1380.00
22 75 1380.00
22 76 900.00
22 77 900.00
22 78 900.00
22 79 1484.00
22 80 1484.00
22 81 1484.00
22 82 1160.00
22 83 1160.00
22 84 1160.00
22 85 1530.00
22 86 1530.00
22 87 1530.00
22 88 840.00
22 89 840.00
22 90 840.00
22 91 1792.00
22 92 1792.00
22 93 1792.00
22 94 1632.00
22 95 1632.00
22 96 1632.00
22 97 759.00
22 98 759.00
22 99 759.00
23 24 1934.00
23 25 2299.00
23 26 2299.00
23 27 2299.00
23 28 1925.00
23 29 1925.00
23 30 1925.00
23 31 3263.00
23 32 3263.00
23 33 3263.00
23 34 2877.00
23 35 2877.00
23 36 2877.00
23 37 2094.00
23 38 2094.00
23 39 2094.00
23 40 1115.00
23 41 1115.00
23 42 1115.00
23 43 2734.00
23 44 2734.00
23 45 2734.00
23 46 1226.00
23 47 1226.00
23 48 1226.00
23 49 1648.00
23 50 1648.00
23 51 1648.00
23 52 2067.00
23 53 2067.00
23 54 2067.00
23 55 466.00
23 56 466.00
23 57 466.00
23 58 1471.00
23 59 1471.00
23 60 1471.00
23 61 2002.00
23 62 2002.00
23 63 2002.00
23 64 2985.00
23 65 2985.00
23 66 2985.00
23 67 2841.00
23 68 2841.00
23 69 2841.00
23 70 673.00
23 71 673.00
23 72 673.00
23 73 772.00
23 74 772.00
23 75 772.00
23 76 884.00
23 77 884.00
23 78 884.00
23 79 898.00
23 80 898.00
23 81 898.00
23 82 423.00
23 83 423.00
23 84 423.00
23 85 1982.00
23 86 1982.00
23 87 1982.00
23 88 1578.00
23 89 1578.00
23 90 1578.00
23 91 1096.00
23 92 1096.00
23 93 1096.00
23 94 2252.00
23 95 2252.00
23 96 2252.00
23 97 537.00
23 98 537.00
23 99 537.00
24 25 1131.00
24 26 1131.00
24 27 1131.00
24 28 319.00
24 29 319.00
24 30 319.00
24 31 1332.00
24 32 1332.00
24 33 1332.00
24 34 964.00
24 35 964.00
24 36 964.00
24 37 758.00
24 38 758.00
24 39 758.00
24 40 2569.00
24 41 2569.00
24 42 2569.00
24 43 845.00
24 44 845.00
24 45 845.00
24 46 1973.00
24 47 1973.00
24 48 1973.00
24 49 328.00
24 50 328.00
24 51 328.00
24 52 648.00
24 53 648.00
24 54 648.00
24 55 2384.00
24 56 2384.00
24 57 2384.00
24 58 688.00
24 59 688.00
24 60 688.00
24 61 502.00
24 62 502.00
24 63 502.00
24 64 1394.00
24 65 1394.00
24 66 1394.00
24 67 1312.00
24 68 1312.00
24 69 1312.00
24 70 2572.00
24 71 2572.00
24 72 2572.00
24 73 2012.00
24 74 2012.00
24 75 2012.00
24 76 1155.00
24 77 1155.00
24 78 1155.00
24 79 2826.00
24 80 2826.00
24 81 2826.00
24 82 2324.00
24 83 2324.00
24 84 2324.00
24 85 62.00
24 86 62.00
24 87 62.00
24 88 1144.00
24 89 1144.00
24 90 1144.00
24 91 2467.00
24 92 2467.00
24 93 2467.00
24 94 663.00
24 95 663.00
24 96 663.00
24 97 1463.00
24 98 1463.00
24 99 1463.00
25 26 0.00
25 27 0.00
25 28 1449.00
25 29 1449.00
25 30 1449.00
25 31 1760.00
25 32 1760.00
25 33 1760.00
25 34 1618.00
25 35 1618.00
25 36 1618.00
25 37 375.00
25 38 375.00
25 39 375.00
25 40 3246.00
25 41 3246.00
25 42 3246.00
25 43 1616.00
25 44 1616.00
25 45 1616.00
25 46 2836.00
25 47 2836.00
25 48 2836.00
25 49 1329.00
25 50 1329.00
25 51 1329.00
25 52 1776.00
25 53 1776.00
25 54 1776.00
25 55 2755.00
25 56 2755.00
25 57 2755.00
25 58 914.00
25 59 914.00
25 60 914.00
25 61 630.00
25 62 630.00
25 63 630.00
25 64 766.00
25 65 766.00
25 66 766.00
25 67 606.00
25 68 606.00
25 69 606.00
25 70 2967.00
25 71 2967.00
25 72 2967.00
25 73 2706.00
25 74 2706.00
25 75 2706.00
25 76 1867.00
25 77 1867.00
25 78 1867.00
25 79 3065.00
25 80 3065.00
25 81 3065.00
25 82 2720.00
25 83 2720.00
25 84 2720.00
25 85 1090.00
25 86 1090.00
25 87 1090.00
25 88 756.00
25 89 756.00
25 90 756.00
25 91 3171.00
25 92 3171.00
25 93 3171.00
25 94 532.00
25 95 532.00
25 96 532.00
25 97 2032.00
25 98 2032.00
25 99 2032.00
26 27 0.00
26 28 1449.00
26 29 1449.00
26 30 1449.00
26 31 1760.00
26 32 1760.00
26 33 1760.00
26 34 1618.00
26 35 1618.00
26 36 1618.00
26 37 375.00
26 38 375.00
26 39 375.00
26 40 3246.00
26 41 3246.00
26 42 3246.00
26 43 1616.00
26 44 1616.00
26 45 1616.00
26 46 2836.00
26 47 2836.00
26 48 2836.00
26 49 1329.00
26 50 1329.00
26 51 1329.00
26 52 1776.00
26 53 1776.00
26 54 1776.00
26 55 2755.00
26 56 2755.00
26 57 2755.00
26 58 914.00
26 59 914.00
26 60 914.00
26 61 630.00
26 62 630.00
26 63 630.00
26 64 766.00
26 65 766.00
26 66 766.00
26 67 606.00
26 68 606.00
26 69 606.00
26 70 2967.00
26 71 2967.00
26 72 2967.00
26 73 2706.00
26 74 2706.00
26 75 2706.00
26 76 1867.00
26 77 1867.00
26 78 1867.00
26 79 3065.00
26 80 3065.00
26 81 3065.00
26 82 2720.00
26 83 2720.00
26 84 2720.00
26 85 1090.00
26 86 1090.00
26 87 1090.00
26 88 756.00
26 89 756.00
26 90 756.00
26 91 3171.00
26 92 3171.00
26 93 3171.00
26 94 532.00
26 95 532.00
26 96 532.00
26 97 2032.00
26 98 2032.00
26 99 2032.00
27 28 1449.00
27 29 1449.00
27 30 1449.00
27 31 1760.00
27 32 1760.00
27 33 1760.00
27 34 1618.00
27 35 1618.00
27 36 1618.00
27 37 375.00
27 38 375.00
27 39 375.00
27 40 3246.00
27 41 3246.00
27 42 3246.00
27 43 1616.00
27 44 1616.00
27 45 1616.00
27 46 2836.00
27 47 2836.00
27 48 2836.00
27 49 1329.00
27 50 1329.00
27 51 1329.00
27 52 1776.00
27 53 1776.00
27 54 1776.00
27 55 2755.00
27 56 2755.00
27 57 2755.00
27 58 914.00
27 59 914.00
27 60 914.00
27 61 630.00
27 62 630.00
27 63 630.00
27 64 766.00
27 65 766.00
27 66 766.00
27 67 606.00
27 68 606.00
27 69 606.00
27 70 2967.00
27 71 2967.00
27 72 2967.00
27 73 2706.00
27 74 2706.00
27 75 2706.00
27 76 1867.00
27 77 1867.00
27 78 1867.00
27 79 3065.00
27 80 3065.00
27 81 3065.00
27 82 2720.00
27 83 2720.00
27 84 2720.00
27 85 1090.00
27 86 1090.00
27 87 1090.00
27 88 756.00
27 89 756.00
27 90 756.00
27 91 3171.00
27 92 3171.00
27 93 3171.00
27 94 532.00
27 95 532.00
27 96 532.00
27 97 2032.00
27 98 2032.00
27 99 2032.00
28 29 0.00
28 30 0.00
28 31 1380.00
28 32 1380.00
28 33 1380.00
28 34 972.00
28 35 972.00
28 36 972.00
28 37 1075.00
28 38 1075.00
28 39 1075.00
28 40 2426.00
28 41 2426.00
28 42 2426.00
28 43 816.00
28 44 816.00
28 45 816.00
28 46 1772.00
28 47 1772.00
28 48 1772.00
28 49 306.00
28 50 306.00
28 51 306.00
28 52 337.00
28 53 337.00
28 54 337.00
28 55 2352.00
28 56 2352.00
28 57 2352.00
28 58 903.00
28 59 903.00
28 60 903.00
28 61 819.00
28 62 819.00
28 63 819.00
28 64 1676.00
28 65 1676.00
28 66 1676.00
28 67 1607.00
28 68 1607.00
28 69 1607.00
28 70 2527.00
28 71 2527.00
28 72 2527.00
28 73 1880.00
28 74 1880.00
28 75 1880.00
28 76 1075.00
28 77 1075.00
28 78 1075.00
28 79 2822.00
28 80 2822.00
28 81 2822.00
28 82 2287.00
28 83 2287.00
28 84 2287.00
28 85 365.00
28 86 365.00
28 87 365.00
28 88 1398.00
28 89 1398.00
28 90 1398.00
28 91 2316.00
28 92 2316.00
28 93 2316.00
28 94 975.00
28 95 975.00
28 96 975.00
28 97 1414.00
28 98 1414.00
28 99 1414.00
29 30 0.00
29 31 1380.00
29 32 1380.00
29 33 1380.00
29 34 972.00
29 35 972.00
29 36 972.00
29 37 1075.00
29 38 1075.00
29 39 1075.00
29 40 2426.00
29 41 2426.00
29 42 2426.00
29 43 816.00
29 44 816.00
29 45 816.00
29 46 1772.00
29 47 1772.00
29 48 1772.00
29 49 306.00
29 50 306.00
29 51 306.00
29 52 337.00
29 53 337.00
29 54 337.00
29 55 2352.00
29 56 2352.00
29 57 2352.00
29 58 903.00
29 59 903.00
29 60 903.00
29 61 819.00
29 62 819.00
29 63 819.00
29 64 1676.00
29 65 1676.00
29 66 1676.00
29 67 1607.00
29 68 1607.00
29 69 1607.00
29 70 2527.00
29 71 2527.00
29 72 2527.00
29 73 1880.00
29 74 1880.00
29 75 1880.00
29 76 1075.00
29 77 1075.00
29 78 1075.00
29 79 2822.00
29 80 2822.00
29 81 2822.00
29 82 2287.00
29 83 2287.00
29 84 2287.00
29 85 365.00
29 86 365.00
29 87 365.00
29 88 1398.00
29 89 1398.00
29 90 1398.00
29 91 2316.00
29 92 2316.00
29 93 2316.00
29 94 975.00
29 95 975.00
29 96 975.00
29 97 1414.00
29 98 1414.00
29 99 1414.00
30 31 1380.00
30 32 1380.00
30 33 1380.00
30 34 972.00
30 35 972.00
30 36 972.00
30 37 1075.00
30 38 1075.00
30 39 1075.00
30 40 2426.00
30 41 2426.00
30 42 2426.00
30 43 816.00
30 44 816.00
30 45 816.00
30 46 1772.00
30 47 1772.00
30 48 1772.00
30 49 306.00
30 50 306.00
30 51 306.00
30 52 337.00
30 53 337.00
30 54 337.00
30 55 2352.00
30 56 2352.00
30 57 2352.00
30 58 903.00
30 59 903.00
30 60 903.00
30 61 819.00
30 62 819.00
30 63 819.00
30 64 1676.00
30 65 1676.00
30 66 1676.00
30 67 1607.00
30 68 1607.00
30 69 1607.00
30 70 2527.00
30 71 2527.00
30 72 2527.00
30 73 1880.00
30 74 1880.00
30 75 1880.00
30 76 1075.00
30 77 1075.00
30 78 1075.00
30 79 2822.00
30 80 2822.00
30 81 2822.00
30 82 2287.00
30 83 2287.00
30 84 2287.00
30 85 365.00
30 86 365.00
30 87 365.00
30 88 1398.00
30 89 1398.00
30 90 1398.00
30 91 2316.00
30 92 2316.00
30 93 2316.00
30 94 975.00
30 95 975.00
30 96 975.00
30 97 1414.00
30 98 1414.00
30 99 1414.00
31 32 0.00
31 33 0.00
31 34 417.00
31 35 417.00
31 36 417.00
31 37 1566.00
31 38 1566.00
31 39 1566.00
31 40 3797.00
31 41 3797.00
31 42 3797.00
31 43 589.00
31 44 589.00
31 45 589.00
31 46 3104.00
31 47 3104.00
31 48 3104.00
31 49 1621.00
31 50 1621.00
31 51 1621.00
31 52 1408.00
31 53 1408.00
31 54 1408.00
31 55 3708.00
31 56 3708.00
31 57 3708.00
31 58 1935.00
31 59 1935.00
31 60 1935.00
31 61 1454.00
31 62 1454.00
31 63 1454.00
31 64 1314.00
31 65 1314.00
31 66 1314.00
31 67 1390.00
31 68 1390.00
31 69 1390.00
31 70 3891.00
31 71 3891.00
31 72 3891.00
31 73 3257.00
31 74 3257.00
31 75 3257.00
31 76 2447.00
31 77 2447.00
31 78 2447.00
31 79 4157.00
31 80 4157.00
31 81 4157.00
31 82 3646.00
31 83 3646.00
31 84 3646.00
31 85 1288.00
31 86 1288.00
31 87 1288.00
31 88 2242.00
31 89 2242.00
31 90 2242.00
31 91 3683.00
31 92 3683.00
31 93 3683.00
31 94 1314.00
31 95 1314.00
31 96 1314.00
31 97 2777.00
31 98 2777.00
31 99 2777.00
32 33 0.00
32 34 417.00
32 35 417.00
32 36 417.00
32 37 1566.00
32 38 1566.00
32 39 1566.00
32 40 3797.00
32 41 3797.00
32 42 3797.00
32 43 589.00
32 44 589.00
32 45 589.00
32 46 3104.00
32 47 3104.00
32 48 3104.00
32 49 1621.00
32 50 1621.00
32 51 1621.00
32 52 1408.00
32 53 1408.00
32 54 1408.00
32 55 3708.00
32 56 3708.00
32 57 3708.00
32 58 1935.00
32 59 1935.00
32 60 1935.00
32 61 1454.00
32 62 1454.00
32 63 1454.00
32 64 1314.00
32 65 1314.00
32 66 1314.00
32 67 1390.00
32 68 1390.00
32 69 1390.00
32 70 3891.00
32 71 3891.00
32 72 3891.00
32 73 3257.00
32 74 3257.00
32 75 3257.00
32 76 2447.00
32 77 2447.00
32 78 2447.00
32 79 4157.00
32 80 4157.00
32 81 4157.00
32 82 3646.00
32 83 3646.00
32 84 3646.00
32 85 1288.00
32 86 1288.00
32 87 1288.00
32 88 2242.00
32 89 2242.00
32 90 2242.00
32 91 3683.00
32 92 3683.00
32 93 3683.00
32 94 1314.00
32 95 1314.00
32 96 1314.00
32 97 2777.00
32 98 2777.00
32 99 2777.00
33 34 417.00
33 35 417.00
33 36 417.00
33 37 1566.00
33 38 1566.00
33 39 1566.00
33 40 3797.00
33 41 3797.00
33 42 3797.00
33 43 589.00
33 44 589.00
33 45 589.00
33 46 3104.00
33 47 3104.00
33 48 3104.00
33 49 1621.00
33 50 1621.00
33 51 1621.00
33 52 1408.00
33 53 1408.00
33 54 1408.00
33 55 3708.00
33 56 3708.00
33 57 3708.00
33 58 1935.00
33 59 1935.00
33 60 1935.00
33 61 1454.00
33 62 1454.00
33 63 1454.00
33 64 1314.00
33 65 1314.00
33 66 1314.00
33 67 1390.00
33 68 1390.00
33 69 1390.00
33 70 3891.00
33 71 3891.00
33 72 3891.00
33 73 3257.00
33 74 3257.00
33 75 3257.00
33 76 2447.00
33 77 2447.00
33 78 2447.00
33 79 4157.00
33 80 4157.00
33 81 4157.00
33 82 3646.00
33 83 3646.00
33 84 3646.00
33 85 1288.00
33 86 1288.00
33 87 1288.00
33 88 2242.00
33 89 2242.00
33 90 2242.00
33 91 3683.00
33 92 3683.00
33 93 3683.00
33 94 1314.00
33 95 1314.00
33 96 1314.00
33 97 2777.00
33 98 2777.00
33 99 2777.00
34 35 0.00
34 36 0.00
34 37 1353.00
34 38 1353.00
34 39 1353.00
34 40 3381.00
34 41 3381.00
34 42 3381.00
34 43 173.00
34 44 173.00
34 45 173.00
34 46 2687.00
34 47 2687.00
34 48 2687.00
34 49 1229.00
34 50 1229.00
34 51 1229.00
34 52 992.00
34 53 992.00
34 54 992.00
34 55 3315.00
34 56 3315.00
34 57 3315.00
34 58 1613.00
34 59 1613.00
34 60 1613.00
34 61 1188.00
34 62 1188.00
34 63 1188.00
34 64 1359.00
34 65 1359.00
34 66 1359.00
34 67 1389.00
34 68 1389.00
34 69 1389.00
34 70 3494.00
34 71 3494.00
34 72 3494.00
34 73 2843.00
34 74 2843.00
34 75 2843.00
34 76 2045.00
34 77 2045.00
34 78 2045.00
34 79 3774.00
34 80 3774.00
34 81 3774.00
34 82 3252.00
34 83 3252.00
34 84 3252.00
34 85 928.00
34 86 928.00
34 87 928.00
34 88 1979.00
34 89 1979.00
34 90 1979.00
34 91 3267.00
34 92 3267.00
34 93 3267.00
34 94 1111.00
34 95 1111.00
34 96 1111.00
34 97 2380.00
34 98 2380.00
34 99 2380.00
35 36 0.00
35 37 1353.00
35 38 1353.00
35 39 1353.00
35 40 3381.00
35 41 3381.00
35 42 3381.00
35 43 173.00
35 44 173.00
35 45 173.00
35 46 2687.00
35 47 2687.00
35 48 2687.00
35 49 1229.00
35 50 1229.00
35 51 1229.00
35 52 992.00
35 53 992.00
35 54 992.00
35 55 3315.00
35 56 3315.00
35 57 3315.00
35 58 1613.00
35 59 1613.00
35 60 1613.00
35 61 1188.00
35 62 1188.00
35 63 1188.00
35 64 1359.00
35 65 1359.00
35 66 1359.00
35 67 1389.00
35 68 1389.00
35 69 1389.00
35 70 3494.00
35 71 3494.00
35 72 3494.00
35 73 2843.00
35 74 2843.00
35 75 2843.00
35 76 2045.00
35 77 2045.00
35 78 2045.00
35 79 3774.00
35 80 3774.00
35 81 3774.00
35 82 3252.00
35 83 3252.00
35 84 3252.00
35 85 928.00
35 86 928.00
35 87 928.00
35 88 1979.00
35 89 1979.00
35 90 1979.00
35 91 3267.00
35 92 3267.00
35 93 3267.00
35 94 1111.00
35 95 1111.00
35 96 1111.00
35 97 2380.00
35 98 2380.00
35 99 2380.00
36 37 1353.00
36 38 1353.00
36 39 1353.00
36 40 3381.00
36 41 3381.00
36 42 3381.00
36 43 173.00
36 44 173.00
36 45 173.00
36 46 2687.00
36 47 2687.00
36 48 2687.00
36 49 1229.00
36 50 1229.00
36 51 1229.00
36 52 992.00
36 53 992.00
36 54 992.00
36 55 3315.00
36 56 3315.00
36 57 3315.00
36 58 1613.00
36 59 1613.00
36 60 1613.00
36 61 1188.00
36 62 1188.00
36 63 1188.00
36 64 1359.00
36 65 1359.00
36 66 1359.00
36 67 1389.00
36 68 1389.00
36 69 1389.00
36 70 3494.00
36 71 3494.00
36 72 3494.00
36 73 2843.00
36 74 2843.00
36 75 2843.00
36 76 2045.00
36 77 2045.00
36 78 2045.00
36 79 3774.00
36 80 3774.00
36 81 3774.00
36 82 3252.00
36 83 3252.00
36 84 3252.00
36 85 928.00
36 86 928.00
36 87 928.00
36 88 1979.00
36 89 1979.00
36 90 1979.00
36 91 3267.00
36 92 3267.00
36 93 3267.00
36 94 1111.00
36 95 1111.00
36 96 1111.00
36 97 2380.00
36 98 2380.00
36 99 2380.00
37 38 0.00
37 39 0.00
37 40 2971.00
37 41 2971.00
37 42 2971.00
37 43 1321.00
37 44 1321.00
37 45 1321.00
37 46 2511.00
37 47 2511.00
37 48 2511.00
37 49 959.00
37 50 959.00
37 51 959.00
37 52 1405.00
37 53 1405.00
37 54 1405.00
37 55 2559.00
37 56 2559.00
37 57 2559.00
37 58 635.00
37 59 635.00
37 60 635.00
37 61 256.00
37 62 256.00
37 63 256.00
37 64 892.00
37 65 892.00
37 66 892.00
37 67 752.00
37 68 752.00
37 69 752.00
37 70 2767.00
37 71 2767.00
37 72 2767.00
37 73 2420.00
37 74 2420.00
37 75 2420.00
37 76 1560.00
37 77 1560.00
37 78 1560.00
37 79 2914.00
37 80 2914.00
37 81 2914.00
37 82 2516.00
37 83 2516.00
37 84 2516.00
37 85 719.00
37 86 719.00
37 87 719.00
37 88 702.00
37 89 702.00
37 90 702.00
37 91 2888.00
37 92 2888.00
37 93 2888.00
37 94 252.00
37 95 252.00
37 96 252.00
37 97 1764.00
37 98 1764.00
37 99 1764.00
38 39 0.00
38 40 2971.00
38 41 2971.00
38 42 2971.00
38 43 1321.00
38 44 1321.00
38 45 1321.00
38 46 2511.00
38 47 2511.00
38 48 2511.00
38 49 959.00
38 50 959.00
38 51 959.00
38 52 1405.00
38 53 1405.00
38 54 1405.00
38 55 2559.00
38 56 2559.00
38 57 2559.00
38 58 635.00
38 59 635.00
38 60 635.00
38 61 256.00
38 62 256.00
38 63 256.00
38 64 892.00
38 65 892.00
38 66 892.00
38 67 752.00
38 68 752.00
38 69 752.00
38 70 2767.00
38 71 2767.00
38 72 2767.00
38 73 2420.00
38 74 2420.00
38 75 2420.00
38 76 1560.00
38 77 1560.00
38 78 1560.00
38 79 2914.00
38 80 2914.00
38 81 2914.00
38 82 2516.00
38 83 2516.00
38 84 2516.00
38 85 719.00
38 86 719.00
38 87 719.00
38 88 702.00
38 89 702.00
38 90 702.00
38 91 2888.00
38 92 2888.00
38 93 2888.00
38 94 252.00
38 95 252.00
38 96 252.00
38 97 1764.00
38 98 1764.00
38 99 1764.00
39 40 2971.00
39 41 2971.00
39 42 2971.00
39 43 1321.00
39 44 1321.00
39 45 1321.00
39 46 2511.00
39 47 2511.00
39 48 2511.00
39 49 959.00
39 50 959.00
39 51 959.00
39 52 1405.00
39 53 1405.00
39 54 1405.00
39 55 2559.00
39 56 2559.00
39 57 2559.00
39 58 635.00
39 59 635.00
39 60 635.00
39 61 256.00
39 62 256.00
39 63 256.00
39 64 892.00
39 65 892.00
39 66 892.00
39 67 752.00
39 68 752.00
39 69 752.00
39 70 2767.00
39 71 2767.00
39 72 2767.00
39 73 2420.00
39 74 2420.00
39 75 2420.00
39 76 1560.00
39 77 1560.00
39 78 1560.00
39 79 2914.00
39 80 2914.00
39 81 2914.00
39 82 2516.00
39 83 2516.00
39 84 2516.00
39 85 719.00
39 86 719.00
39 87 719.00
39 88 702.00
39 89 702.00
39 90 702.00
39 91 2888.00
39 92 2888.00
39 93 2888.00
39 94 252.00
39 95 252.00
39 96 252.00
39 97 1764.00
39 98 1764.00
39 99 1764.00
40 41 0.00
40 42 0.00
40 43 3214.00
40 44 3214.00
40 45 3214.00
40 46 781.00
40 47 781.00
40 48 781.00
40 49 2242.00
40 50 2242.00
40 51 2242.00
40 52 2413.00
40 53 2413.00
40 54 2413.00
40 55 900.00
40 56 900.00
40 57 900.00
40 58 2342.00
40 59 2342.00
40 60 2342.00
40 61 2813.00
40 62 2813.00
40 63 2813.00
40 64 3844.00
40 65 3844.00
40 66 3844.00
40 67 3718.00
40 68 3718.00
40 69 3718.00
40 70 815.00
40 71 815.00
40 72 815.00
40 73 559.00
40 74 559.00
40 75 559.00
40 76 1433.00
40 77 1433.00
40 78 1433.00
40 79 1242.00
40 80 1242.00
40 81 1242.00
40 82 856.00
40 83 856.00
40 84 856.00
40 85 2629.00
40 86 2629.00
40 87 2629.00
40 88 2593.00
40 89 2593.00
40 90 2593.00
40 91 125.00
40 92 125.00
40 93 125.00
40 94 3067.00
40 95 3067.00
40 96 3067.00
40 97 1214.00
40 98 1214.00
40 99 1214.00
41 42 0.00
41 43 3214.00
41 44 3214.00
41 45 3214.00
41 46 781.00
41 47 781.00
41 48 781.00
41 49 2242.00
41 50 2242.00
41 51 2242.00
41 52 2413.00
41 53 2413.00
41 54 2413.00
41 55 900.00
41 56 900.00
41 57 900.00
41 58 2342.00
41 59 2342.00
41 60 2342.00
41 61 2813.00
41 62 2813.00
41 63 2813.00
41 64 3844.00
41 65 3844.00
41 66 3844.00
41 67 3718.00
41 68 3718.00
41 69 3718.00
41 70 815.00
41 71 815.00
41 72 815.00
41 73 559.00
41 74 559.00
41 75 559.00
41 76 1433.00
41 77 1433.00
41 78 1433.00
41 79 1242.00
41 80 1242.00
41 81 1242.00
41 82 856.00
41 83 856.00
41 84 856.00
41 85 2629.00
41 86 2629.00
41 87 2629.00
41 88 2593.00
41 89 2593.00
41 90 2593.00
41 91 125.00
41 92 125.00
41 93 125.00
41 94 3067.00
41 95 3067.00
41 96 3067.00
41 97 1214.00
41 98 1214.00
41 99 1214.00
42 43 3214.00
42 44 3214.00
42 45 3214.00
42 46 781.00
42 47 781.00
42 48 781.00
42 49 2242.00
42 50 2242.00
42 51 2242.00
42 52 2413.00
42 53 2413.00
42 54 2413.00
42 55 900.00
42 56 900.00
42 57 900.00
42 58 2342.00
42 59 2342.00
42 60 2342.00
42 61 2813.00
42 62 2813.00
42 63 2813.00
42 64 3844.00
42 65 3844.00
42 66 3844.00
42 67 3718.00
42 68 3718.00
42 69 3718.00
42 70 815.00
42 71 815.00
42 72 815.00
42 73 559.00
42 74 559.00
42 75 559.00
42 76 1433.00
42 77 1433.00
42 78 1433.00
42 79 1242.00
42 80 1242.00
42 81 1242.00
42 82 856.00
42 83 856.00
42 84 856.00
42 85 2629.00
42 86 2629.00
42 87 2629.00
42 88 2593.00
42 89 2593.00
42 90 2593.00
42 91 125.00
42 92 125.00
42 93 125.00
42 94 3067.00
42 95 3067.00
42 96 3067.00
42 97 1214.00
42 98 1214.00
42 99 1214.00
43 44 0.00
43 45 0.00
43 46 2516.00
43 47 2516.00
43 48 2516.00
43 49 1087.00
43 50 1087.00
43 51 1087.00
43 52 819.00
43 53 819.00
43 54 819.00
43 55 3167.00
43 56 3167.00
43 57 3167.00
43 58 1516.00
43 59 1516.00
43 60 1516.00
43 61 1132.00
43 62 1132.00
43 63 1132.00
43 64 1439.00
43 65 1439.00
43 66 1439.00
43 67 1451.00
43 68 1451.00
43 69 1451.00
43 70 3343.00
43 71 3343.00
43 72 3343.00
43 73 2679.00
43 74 2679.00
43 75 2679.00
43 76 1891.00
43 77 1891.00
43 78 1891.00
43 79 3632.00
43 80 3632.00
43 81 3632.00
43 82 3102.00
43 83 3102.00
43 84 3102.00
43 85 817.00
43 86 817.00
43 87 817.00
43 88 1912.00
43 89 1912.00
43 90 1912.00
43 91 3099.00
43 92 3099.00
43 93 3099.00
43 94 1092.00
43 95 1092.00
43 96 1092.00
43 97 2230.00
43 98 2230.00
43 99 2230.00
44 45 0.00
44 46 2516.00
44 47 2516.00
44 48 2516.00
44 49 1087.00
44 50 1087.00
44 51 1087.00
44 52 819.00
44 53 819.00
44 54 819.00
44 55 3167.00
44 56 3167.00
44 57 3167.00
44 58 1516.00
44 59 1516.00
44 60 1516.00
44 61 1132.00
44 62 1132.00
44 63 1132.00
44 64 1439.00
44 65 1439.00
44 66 1439.00
44 67 1451.00
44 68 1451.00
44 69 1451.00
44 70 3343.00
44 71 3343.00
44 72 3343.00
44 73 2679.00
44 74 2679.00
44 75 2679.00
44 76 1891.00
44 77 1891.00
44 78 1891.00
44 79 3632.00
44 80 3632.00
44 81 3632.00
44 82 3102.00
44 83 3102.00
44 84 3102.00
44 85 817.00
44 86 817.00
44 87 817.00
44 88 1912.00
44 89 1912.00
44 90 1912.00
44 91 3099.00
44 92 3099.00
44 93 3099.00
44 94 1092.00
44 95 1092.00
44 96 1092.00
44 97 2230.00
44 98 2230.00
44 99 2230.00
45 46 2516.00
45 47 2516.00
45 48 2516.00
45 49 1087.00
45 50 1087.00
45 51 1087.00
45 52 819.00
45 53 819.00
45 54 819.00
45 55 3167.00
45 56 3167.00
45 57 3167.00
45 58 1516.00
45 59 1516.00
45 60 1516.00
45 61 1132.00
45 62 1132.00
45 63 1132.00
45 64 1439.00
45 65 1439.00
45 66 1439.00
45 67 1451.00
45 68 1451.00
45 69 1451.00
45 70 3343.00
45 71 3343.00
45 72 3343.00
45 73 2679.00
45 74 2679.00
45 75 2679.00
45 76 1891.00
45 77 1891.00
45 78 1891.00
45 79 3632.00
45 80 3632.00
45 81 3632.00
45 82 3102.00
45 83 3102.00
45 84 3102.00
45 85 817.00
45 86 817.00
45 87 817.00
45 88 1912.00
45 89 1912.00
45 90 1912.00
45 91 3099.00
45 92 3099.00
45 93 3099.00
45 94 1092.00
45 95 1092.00
45 96 1092.00
45 97 2230.00
45 98 2230.00
45 99 2230.00
46 47 0.00
46 48 0.00
46 49 1650.00
46 50 1650.00
46 51 1650.00
46 52 1699.00
46 53 1699.00
46 54 1699.00
46 55 1311.00
46 56 1311.00
46 57 1311.00
46 58 1928.00
46 59 1928.00
46 60 1928.00
46 61 2311.00
46 62 2311.00
46 63 2311.00
46 64 3333.00
46 65 3333.00
46 66 3333.00
46 67 3225.00
46 68 3225.00
46 69 3225.00
46 70 1349.00
46 71 1349.00
46 72 1349.00
46 73 491.00
46 74 491.00
46 75 491.00
46 76 979.00
46 77 979.00
46 78 979.00
46 79 1790.00
46 80 1790.00
46 81 1790.00
46 82 1238.00
46 83 1238.00
46 84 1238.00
46 85 2035.00
46 86 2035.00
46 87 2035.00
46 88 2302.00
46 89 2302.00
46 90 2302.00
46 91 656.00
46 92 656.00
46 93 656.00
46 94 2554.00
46 95 2554.00
46 96 2554.00
46 97 961.00
46 98 961.00
46 99 961.00
47 48 0.00
47 49 1650.00
47 50 1650.00
47 51 1650.00
47 52 1699.00
47 53 1699.00
47 54 1699.00
47 55 1311.00
47 56 1311.00
47 57 1311.00
47 58 1928.00
47 59 1928.00
47 60 1928.00
47 61 2311.00
47 62 2311.00
47 63 2311.00
47 64 3333.00
47 65 3333.00
47 66 3333.00
47 67 3225.00
47 68 3225.00
47 69 3225.00
47 70 1349.00
47 71 1349.00
47 72 1349.00
47 73 491.00
47 74 491.00
47 75 491.00
47 76 979.00
47 77 979.00
47 78 979.00
47 79 1790.00
47 80 1790.00
47 81 1790.00
47 82 1238.00
47 83 1238.00
47 84 1238.00
47 85 2035.00
47 86 2035.00
47 87 2035.00
47 88 2302.00
47 89 2302.00
47 90 2302.00
47 91 656.00
47 92 656.00
47 93 656.00
47 94 2554.00
47 95 2554.00
47 96 2554.00
47 97 961.00
47 98 961.00
47 99 961.00
48 49 1650.00
48 50 1650.00
48 51 1650.00
48 52 1699.00
48 53 1699.00
48 54 1699.00
48 55 1311.00
48 56 1311.00
48 57 1311.00
48 58 1928.00
48 59 1928.00
48 60 1928.00
48 61 2311.00
48 62 2311.00
48 63 2311.00
48 64 3333.00
48 65 3333.00
48 66 3333.00
48 67 3225.00
48 68 3225.00
48 69 3225.00
48 70 1349.00
48 71 1349.00
48 72 1349.00
48 73 491.00
48 74 491.00
48 75 491.00
48 76 979.00
48 77 979.00
48 78 979.00
48 79 1790.00
48 80 1790.00
48 81 1790.00
48 82 1238.00
48 83 1238.00
48 84 1238.00
48 85 2035.00
48 86 2035.00
48 87 2035.00
48 88 2302.00
48 89 2302.00
48 90 2302.00
48 91 656.00
48 92 656.00
48 93 656.00
48 94 2554.00
48 95 2554.00
48 96 2554.00
48 97 961.00
48 98 961.00
48 99 961.00
49 50 0.00
49 51 0.00
49 52 592.00
49 53 592.00
49 54 592.00
49 55 2088.00
49 56 2088.00
49 57 2088.00
49 58 635.00
49 59 635.00
49 60 635.00
49 61 716.00
49 62 716.00
49 63 716.00
49 64 1695.00
49 65 1695.00
49 66 1695.00
49 67 1601.00
49 68 1601.00
49 69 1601.00
49 70 2271.00
49 71 2271.00
49 72 2271.00
49 73 1685.00
49 74 1685.00
49 75 1685.00
49 76 835.00
49 77 835.00
49 78 835.00
49 79 2546.00
49 80 2546.00
49 81 2546.00
49 82 2025.00
49 83 2025.00
49 84 2025.00
49 85 389.00
49 86 389.00
49 87 389.00
49 88 1145.00
49 89 1145.00
49 90 1145.00
49 91 2138.00
49 92 2138.00
49 93 2138.00
49 94 932.00
49 95 932.00
49 96 932.00
49 97 1156.00
49 98 1156.00
49 99 1156.00
50 51 0.00
50 52 592.00
50 53 592.00
50 54 592.00
50 55 2088.00
50 56 2088.00
50 57 2088.00
50 58 635.00
50 59 635.00
50 60 635.00
50 61 716.00
50 62 716.00
50 63 716.00
50 64 1695.00
50 65 1695.00
50 66 1695.00
50 67 1601.00
50 68 1601.00
50 69 1601.00
50 70 2271.00
50 71 2271.00
50 72 2271.00
50 73 1685.00
50 74 1685.00
50 75 1685.00
50 76 835.00
50 77 835.00
50 78 835.00
50 79 2546.00
50 80 2546.00
50 81 2546.00
50 82 2025.00
50 83 2025.00
50 84 2025.00
50 85 389.00
50 86 389.00
50 87 389.00
50 88 1145.00
50 89 1145.00
50 90 1145.00
50 91 2138.00
50 92 2138.00
50 93 2138.00
50 94 932.00
50 95 932.00
50 96 932.00
50 97 1156.00
50 98 1156.00
50 99 1156.00
51 52 592.00
51 53 592.00
51 54 592.00
51 55 2088.00
51 56 2088.00
51 57 2088.00
51 58 635.00
51 59 635.00
51 60 635.00
51 61 716.00
51 62 716.00
51 63 716.00
51 64 1695.00
51 65 1695.00
51 66 1695.00
51 67 1601.00
51 68 1601.00
51 69 1601.00
51 70 2271.00
51 71 2271.00
51 72 2271.00
51 73 1685.00
51 74 1685.00
51 75 1685.00
51 76 835.00
51 77 835.00
51 78 835.00
51 79 2546.00
51 80 2546.00
51 81 2546.00
51 82 2025.00
51 83 2025.00
51 84 2025.00
51 85 389.00
51 86 389.00
51 87 389.00
51 88 1145.00
51 89 1145.00
51 90 1145.00
51 91 2138.00
51 92 2138.00
51 93 2138.00
51 94 932.00
51 95 932.00
51 96 932.00
51 97 1156.00
51 98 1156.00
51 99 1156.00
52 53 0.00
52 54 0.00
52 55 2464.00
52 56 2464.00
52 57 2464.00
52 58 1222.00
52 59 1222.00
52 60 1222.00
52 61 1149.00
52 62 1149.00
52 63 1149.00
52 64 1939.00
52 65 1939.00
52 66 1939.00
52 67 1887.00
52 68 1887.00
52 69 1887.00
52 70 2622.00
52 71 2622.00
52 72 2622.00
52 73 1893.00
52 74 1893.00
52 75 1893.00
52 76 1186.00
52 77 1186.00
52 78 1186.00
52 79 2954.00
52 80 2954.00
52 81 2954.00
52 82 2394.00
52 83 2394.00
52 84 2394.00
52 85 686.00
52 86 686.00
52 87 686.00
52 88 1725.00
52 89 1725.00
52 90 1725.00
52 91 2296.00
52 92 2296.00
52 93 2296.00
52 94 1284.00
52 95 1284.00
52 96 1284.00
52 97 1535.00
52 98 1535.00
52 99 1535.00
53 54 0.00
53 55 2464.00
53 56 2464.00
53 57 2464.00
53 58 1222.00
53 59 1222.00
53 60 1222.00
53 61 1149.00
53 62 1149.00
53 63 1149.00
53 64 1939.00
53 65 1939.00
53 66 1939.00
53 67 1887.00
53 68 1887.00
53 69 1887.00
53 70 2622.00
53 71 2622.00
53 72 2622.00
53 73 1893.00
53 74 1893.00
53 75 1893.00
53 76 1186.00
53 77 1186.00
53 78 1186.00
53 79 2954.00
53 80 2954.00
53 81 2954.00
53 82 2394.00
53 83 2394.00
53 84 2394.00
53 85 686.00
53 86 686.00
53 87 686.00
53 88 1725.00
53 89 1725.00
53 90 1725.00
53 91 2296.00
53 92 2296.00
53 93 2296.00
53 94 1284.00
53 95 1284.00
53 96 1284.00
53 97 1535.00
53 98 1535.00
53 99 1535.00
54 55 2464.00
54 56 2464.00
54 57 2464.00
54 58 1222.00
54 59 1222.00
54 60 1222.00
54 61 1149.00
54 62 1149.00
54 63 1149.00
54 64 1939.00
54 65 1939.00
54 66 1939.00
54 67 1887.00
54 68 1887.00
54 69 1887.00
54 70 2622.00
54 71 2622.00
54 72 2622.00
54 73 1893.00
54 74 1893.00
54 75 1893.00
54 76 1186.00
54 77 1186.00
54 78 1186.00
54 79 2954.00
54 80 2954.00
54 81 2954.00
54 82 2394.00
54 83 2394.00
54 84 2394.00
54 85 686.00
54 86 686.00
54 87 686.00
54 88 1725.00
54 89 1725.00
54 90 1725.00
54 91 2296.00
54 92 2296.00
54 93 2296.00
54 94 1284.00
54 95 1284.00
54 96 1284.00
54 97 1535.00
54 98 1535.00
54 99 1535.00
55 56 0.00
55 57 0.00
55 58 1936.00
55 59 1936.00
55 60 1936.00
55 61 2468.00
55 62 2468.00
55 63 2468.00
55 64 3449.00
55 65 3449.00
55 66 3449.00
55 67 3304.00
55 68 3304.00
55 69 3304.00
55 70 212.00
55 71 212.00
55 72 212.00
55 73 821.00
55 74 821.00
55 75 821.00
55 76 1284.00
55 77 1284.00
55 78 1284.00
55 79 509.00
55 80 509.00
55 81 509.00
55 82 77.00
55 83 77.00
55 84 77.00
55 85 2434.00
55 86 2434.00
55 87 2434.00
55 88 2023.00
55 89 2023.00
55 90 2023.00
55 91 934.00
55 92 934.00
55 93 934.00
55 94 2717.00
55 95 2717.00
55 96 2717.00
55 97 938.00
55 98 938.00
55 99 938.00
56 57 0.00
56 58 1936.00
56 59 1936.00
56 60 1936.00
56 61 2468.00
56 62 2468.00
56 63 2468.00
56 64 3449.00
56 65 3449.00
56 66 3449.00
56 67 3304.00
56 68 3304.00
56 69 3304.00
56 70 212.00
56 71 212.00
56 72 212.00
56 73 821.00
56 74 821.00
56 75 821.00
56 76 1284.00
56 77 1284.00
56 78 1284.00
56 79 509.00
56 80 509.00
56 81 509.00
56 82 77.00
56 83 77.00
56 84 77.00
56 85 2434.00
56 86 2434.00
56 87 2434.00
56 88 2023.00
56 89 2023.00
56 90 2023.00
56 91 934.00
56 92 934.00
56 93 934.00
56 94 2717.00
56 95 2717.00
56 96 2717.00
56 97 938.00
56 98 938.00
56 99 938.00
57 58 1936.00
57 59 1936.00
57 60 1936.00
57 61 2468.00
57 62 2468.00
57 63 2468.00
57 64 3449.00
57 65 3449.00
57 66 3449.00
57 67 3304.00
57 68 3304.00
57 69 3304.00
57 70 212.00
57 71 212.00
57 72 212.00
57 73 821.00
57 74 821.00
57 75 821.00
57 76 1284.00
57 77 1284.00
57 78 1284.00
57 79 509.00
57 80 509.00
57 81 509.00
57 82 77.00
57 83 77.00
57 84 77.00
57 85 2434.00
57 86 2434.00
57 87 2434.00
57 88 2023.00
57 89 2023.00
57 90 2023.00
57 91 934.00
57 92 934.00
57 93 934.00
57 94 2717.00
57 95 2717.00
57 96 2717.00
57 97 938.00
57 98 938.00
57 99 938.00
58 59 0.00
58 60 0.00
58 61 539.00
58 62 539.00
58 63 539.00
58 64 1524.00
58 65 1524.00
58 66 1524.00
58 67 1387.00
58 68 1387.00
58 69 1387.00
58 70 2142.00
58 71 2142.00
58 72 2142.00
58 73 1796.00
58 74 1796.00
58 75 1796.00
58 76 954.00
58 77 954.00
58 78 954.00
58 79 2316.00
58 80 2316.00
58 81 2316.00
58 82 1890.00
58 83 1890.00
58 84 1890.00
58 85 703.00
58 86 703.00
58 87 703.00
58 88 512.00
58 89 512.00
58 90 512.00
58 91 2263.00
58 92 2263.00
58 93 2263.00
58 94 782.00
58 95 782.00
58 96 782.00
58 97 1131.00
58 98 1131.00
58 99 1131.00
59 60 0.00
59 61 539.00
59 62 539.00
59 63 539.00
59 64 1524.00
59 65 1524.00
59 66 1524.00
59 67 1387.00
59 68 1387.00
59 69 1387.00
59 70 2142.00
59 71 2142.00
59 72 2142.00
59 73 1796.00
59 74 1796.00
59 75 1796.00
59 76 954.00
59 77 954.00
59 78 954.00
59 79 2316.00
59 80 2316.00
59 81 2316.00
59 82 1890.00
59 83 1890.00
59 84 1890.00
59 85 703.00
59 86 703.00
59 87 703.00
59 88 512.00
59 89 512.00
59 90 512.00
59 91 2263.00
59 92 2263.00
59 93 2263.00
59 94 782.00
59 95 782.00
59 96 782.00
59 97 1131.00
59 98 1131.00
59 99 1131.00
60 61 539.00
60 62 539.00
60 63 539.00
60 64 1524.00
60 65 1524.00
60 66 1524.00
60 67 1387.00
60 68 1387.00
60 69 1387.00
60 70 2142.00
60 71 2142.00
60 72 2142.00
60 73 1796.00
60 74 1796.00
60 75 1796.00
60 76 954.00
60 77 954.00
60 78 954.00
60 79 2316.00
60 80 2316.00
60 81 2316.00
60 82 1890.00
60 83 1890.00
60 84 1890.00
60 85 703.00
60 86 703.00
60 87 703.00
60 88 512.00
60 89 512.00
60 90 512.00
60 91 2263.00
60 92 2263.00
60 93 2263.00
60 94 782.00
60 95 782.00
60 96 782.00
60 97 1131.00
60 98 1131.00
60 99 1131.00
61 62 0.00
61 63 0.00
61 64 1033.00
61 65 1033.00
61 66 1033.00
61 67 916.00
61 68 916.00
61 69 916.00
61 70 2672.00
61 71 2672.00
61 72 2672.00
61 73 2256.00
61 74 2256.00
61 75 2256.00
61 76 1384.00
61 77 1384.00
61 78 1384.00
61 79 2855.00
61 80 2855.00
61 81 2855.00
61 82 2419.00
61 83 2419.00
61 84 2419.00
61 85 465.00
61 86 465.00
61 87 465.00
61 88 794.00
61 89 794.00
61 90 794.00
61 91 2723.00
61 92 2723.00
61 93 2723.00
61 94 255.00
61 95 255.00
61 96 255.00
61 97 1623.00
61 98 1623.00
61 99 1623.00
62 63 0.00
62 64 1033.00
62 65 1033.00
62 66 1033.00
62 67 916.00
62 68 916.00
62 69 916.00
62 70 2672.00
62 71 2672.00
62 72 2672.00
62 73 2256.00
62 74 2256.00
62 75 2256.00
62 76 1384.00
62 77 1384.00
62 78 1384.00
62 79 2855.00
62 80 2855.00
62 81 2855.00
62 82 2419.00
62 83 2419.00
62 84 2419.00
62 85 465.00
62 86 465.00
62 87 465.00
62 88 794.00
62 89 794.00
62 90 794.00
62 91 2723.00
62 92 2723.00
62 93 2723.00
62 94 255.00
62 95 255.00
62 96 255.00
62 97 1623.00
62 98 1623.00
62 99 1623.00
63 64 1033.00
63 65 1033.00
63 66 1033.00
63 67 916.00
63 68 916.00
63 69 916.00
63 70 2672.00
63 71 2672.00
63 72 2672.00
63 73 2256.00
63 74 2256.00
63 75 2256.00
63 76 1384.00
63 77 1384.00
63 78 1384.00
63 79 2855.00
63 80 2855.00
63 81 2855.00
63 82 2419.00
63 83 2419.00
63 84 2419.00
63 85 465.00
63 86 465.00
63 87 465.00
63 88 794.00
63 89 794.00
63 90 794.00
63 91 2723.00
63 92 2723.00
63 93 2723.00
63 94 255.00
63 95 255.00
63 96 255.00
63 97 1623.00
63 98 1623.00
63 99 1623.00
64 65 0.00
64 66 0.00
64 67 160.00
64 68 160.00
64 69 160.00
64 70 3658.00
64 71 3658.00
64 72 3658.00
64 73 3288.00
64 74 3288.00
64 75 3288.00
64 76 2417.00
64 77 2417.00
64 78 2417.00
64 79 3793.00
64 80 3793.00
64 81 3793.00
64 82 3407.00
64 83 3407.00
64 84 3407.00
64 85 1334.00
64 86 1334.00
64 87 1334.00
64 88 1507.00
64 89 1507.00
64 90 1507.00
64 91 3756.00
64 92 3756.00
64 93 3756.00
64 94 781.00
64 95 781.00
64 96 781.00
64 97 2646.00
64 98 2646.00
64 99 2646.00
65 66 0.00
65 67 160.00
65 68 160.00
65 69 160.00
65 70 3658.00
65 71 3658.00
65 72 3658.00
65 73 3288.00
65 74 3288.00
65 75 3288.00
65 76 2417.00
65 77 2417.00
65 78 2417.00
65 79 3793.00
65 80 3793.00
65 81 3793.00
65 82 3407.00
65 83 3407.00
65 84 3407.00
65 85 1334.00
65 86 1334.00
65 87 1334.00
65 88 1507.00
65 89 1507.00
65 90 1507.00
65 91 3756.00
65 92 3756.00
65 93 3756.00
65 94 781.00
65 95 781.00
65 96 781.00
65 97 2646.00
65 98 2646.00
65 99 2646.00
66 67 160.00
66 68 160.00
66 69 160.00
66 70 3658.00
66 71 3658.00
66 72 3658.00
66 73 3288.00
66 74 3288.00
66 75 3288.00
66 76 2417.00
66 77 2417.00
66 78 2417.00
66 79 3793.00
66 80 3793.00
66 81 3793.00
66 82 3407.00
66 83 3407.00
66 84 3407.00
66 85 1334.00
66 86 1334.00
66 87 1334.00
66 88 1507.00
66 89 1507.00
66 90 1507.00
66 91 3756.00
66 92 3756.00
66 93 3756.00
66 94 781.00
66 95 781.00
66 96 781.00
66 97 2646.00
66 98 2646.00
66 99 2646.00
67 68 0.00
67 69 0.00
67 70 3514.00
67 71 3514.00
67 72 3514.00
67 73 3164.00
67 74 3164.00
67 75 3164.00
67 76 2296.00
67 77 2296.00
67 78 2296.00
67 79 3641.00
67 80 3641.00
67 81 3641.00
67 82 3263.00
67 83 3263.00
67 84 3263.00
67 85 1255.00
67 86 1255.00
67 87 1255.00
67 88 1350.00
67 89 1350.00
67 90 1350.00
67 91 3632.00
67 92 3632.00
67 93 3632.00
67 94 672.00
67 95 672.00
67 96 672.00
67 97 2514.00
67 98 2514.00
67 99 2514.00
68 69 0.00
68 70 3514.00
68 71 3514.00
68 72 3514.00
68 73 3164.00
68 74 3164.00
68 75 3164.00
68 76 2296.00
68 77 2296.00
68 78 2296.00
68 79 3641.00
68 80 3641.00
68 81 3641.00
68 82 3263.00
68 83 3263.00
68 84 3263.00
68 85 1255.00
68 86 1255.00
68 87 1255.00
68 88 1350.00
68 89 1350.00
68 90 1350.00
68 91 3632.00
68 92 3632.00
68 93 3632.00
68 94 672.00
68 95 672.00
68 96 672.00
68 97 2514.00
68 98 2514.00
68 99 2514.00
69 70 3514.00
69 71 3514.00
69 72 3514.00
69 73 3164.00
69 74 3164.00
69 75 3164.00
69 76 2296.00
69 77 2296.00
69 78 2296.00
69 79 3641.00
69 80 3641.00
69 81 3641.00
69 82 3263.00
69 83 3263.00
69 84 3263.00
69 85 1255.00
69 86 1255.00
69 87 1255.00
69 88 1350.00
69 89 1350.00
69 90 1350.00
69 91 3632.00
69 92 3632.00
69 93 3632.00
69 94 672.00
69 95 672.00
69 96 672.00
69 97 2514.00
69 98 2514.00
69 99 2514.00
70 71 0.00
70 72 0.00
70 73 875.00
70 74 875.00
70 75 875.00
70 76 1453.00
70 77 1453.00
70 78 1453.00
70 79 447.00
70 80 447.00
70 81 447.00
70 82 253.00
70 83 253.00
70 84 253.00
70 85 2624.00
70 86 2624.00
70 87 2624.00
70 88 2235.00
70 89 2235.00
70 90 2235.00
70 91 876.00
70 92 876.00
70 93 876.00
70 94 2922.00
70 95 2922.00
70 96 2922.00
70 97 1115.00
70 98 1115.00
70 99 1115.00
71 72 0.00
71 73 875.00
71 74 875.00
71 75 875.00
71 76 1453.00
71 77 1453.00
71 78 1453.00
71 79 447.00
71 80 447.00
71 81 447.00
71 82 253.00
71 83 253.00
71 84 253.00
71 85 2624.00
71 86 2624.00
71 87 2624.00
71 88 2235.00
71 89 2235.00
71 90 2235.00
71 91 876.00
71 92 876.00
71 93 876.00
71 94 2922.00
71 95 2922.00
71 96 2922.00
71 97 1115.00
71 98 1115.00
71 99 1115.00
72 73 875.00
72 74 875.00
72 75 875.00
72 76 1453.00
72 77 1453.00
72 78 1453.00
72 79 447.00
72 80 447.00
72 81 447.00
72 82 253.00
72 83 253.00
72 84 253.00
72 85 2624.00
72 86 2624.00
72 87 2624.00
72 88 2235.00
72 89 2235.00
72 90 2235.00
72 91 876.00
72 92 876.00
72 93 876.00
72 94 2922.00
72 95 2922.00
72 96 2922.00
72 97 1115.00
72 98 1115.00
72 99 1115.00
73 74 0.00
73 75 0.00
73 76 874.00
73 77 874.00
73 78 874.00
73 79 1309.00
73 80 1309.00
73 81 1309.00
73 82 748.00
73 83 748.00
73 84 748.00
73 85 2071.00
73 86 2071.00
73 87 2071.00
73 88 2081.00
73 89 2081.00
73 90 2081.00
73 91 468.00
73 92 468.00
73 93 468.00
73 94 2510.00
73 95 2510.00
73 96 2510.00
73 97 683.00
73 98 683.00
73 99 683.00
74 75 0.00
74 76 874.00
74 77 874.00
74 78 874.00
74 79 1309.00
74 80 1309.00
74 81 1309.00
74 82 748.00
74 83 748.00
74 84 748.00
74 85 2071.00
74 86 2071.00
74 87 2071.00
74 88 2081.00
74 89 2081.00
74 90 2081.00
74 91 468.00
74 92 468.00
74 93 468.00
74 94 2510.00
74 95 2510.00
74 96 2510.00
74 97 683.00
74 98 683.00
74 99 683.00
75 76 874.00
75 77 874.00
75 78 874.00
75 79 1309.00
75 80 1309.00
75 81 1309.00
75 82 748.00
75 83 748.00
75 84 748.00
75 85 2071.00
75 86 2071.00
75 87 2071.00
75 88 2081.00
75 89 2081.00
75 90 2081.00
75 91 468.00
75 92 468.00
75 93 468.00
75 94 2510.00
75 95 2510.00
75 96 2510.00
75 97 683.00
75 98 683.00
75 99 683.00
76 77 0.00
76 78 0.00
76 79 1769.00
76 80 1769.00
76 81 1769.00
76 82 1216.00
76 83 1216.00
76 84 1216.00
76 85 1212.00
76 86 1212.00
76 87 1212.00
76 88 1330.00
76 89 1330.00
76 90 1330.00
76 91 1340.00
76 92 1340.00
76 93 1340.00
76 94 1638.00
76 95 1638.00
76 96 1638.00
76 97 349.00
76 98 349.00
76 99 349.00
77 78 0.00
77 79 1769.00
77 80 1769.00
77 81 1769.00
77 82 1216.00
77 83 1216.00
77 84 1216.00
77 85 1212.00
77 86 1212.00
77 87 1212.00
77 88 1330.00
77 89 1330.00
77 90 1330.00
77 91 1340.00
77 92 1340.00
77 93 1340.00
77 94 1638.00
77 95 1638.00
77 96 1638.00
77 97 349.00
77 98 349.00
77 99 349.00
78 79 1769.00
78 80 1769.00
78 81 1769.00
78 82 1216.00
78 83 1216.00
78 84 1216.00
78 85 1212.00
78 86 1212.00
78 87 1212.00
78 88 1330.00
78 89 1330.00
78 90 1330.00
78 91 1340.00
78 92 1340.00
78 93 1340.00
78 94 1638.00
78 95 1638.00
78 96 1638.00
78 97 349.00
78 98 349.00
78 99 349.00
79 80 0.00
79 81 0.00
79 82 586.00
79 83 586.00
79 84 586.00
79 85 2873.00
79 86 2873.00
79 87 2873.00
79 88 2311.00
79 89 2311.00
79 90 2311.00
79 91 1314.00
79 92 1314.00
79 93 1314.00
79 94 3096.00
79 95 3096.00
79 96 3096.00
79 97 1419.00
79 98 1419.00
79 99 1419.00
80 81 0.00
80 82 586.00
80 83 586.00
80 84 586.00
80 85 2873.00
80 86 2873.00
80 87 2873.00
80 88 2311.00
80 89 2311.00
80 90 2311.00
80 91 1314.00
80 92 1314.00
80 93 1314.00
80 94 3096.00
80 95 3096.00
80 96 3096.00
80 97 1419.00
80 98 1419.00
80 99 1419.00
81 82 586.00
81 83 586.00
81 84 586.00
81 85 2873.00
81 86 2873.00
81 87 2873.00
81 88 2311.00
81 89 2311.00
81 90 2311.00
81 91 1314.00
81 92 1314.00
81 93 1314.00
81 94 3096.00
81 95 3096.00
81 96 3096.00
81 97 1419.00
81 98 1419.00
81 99 1419.00
82 83 0.00
82 84 0.00
82 85 2375.00
82 86 2375.00
82 87 2375.00
82 88 1994.00
82 89 1994.00
82 90 1994.00
82 91 883.00
82 92 883.00
82 93 883.00
82 94 2670.00
82 95 2670.00
82 96 2670.00
82 97 872.00
82 98 872.00
82 99 872.00
83 84 0.00
83 85 2375.00
83 86 2375.00
83 87 2375.00
83 88 1994.00
83 89 1994.00
83 90 1994.00
83 91 883.00
83 92 883.00
83 93 883.00
83 94 2670.00
83 95 2670.00
83 96 2670.00
83 97 872.00
83 98 872.00
83 99 872.00
84 85 2375.00
84 86 2375.00
84 87 2375.00
84 88 1994.00
84 89 1994.00
84 90 1994.00
84 91 883.00
84 92 883.00
84 93 883.00
84 94 2670.00
84 95 2670.00
84 96 2670.00
84 97 872.00
84 98 872.00
84 99 872.00
85 86 0.00
85 87 0.00
85 88 1142.00
85 89 1142.00
85 90 1142.00
85 91 2527.00
85 92 2527.00
85 93 2527.00
85 94 611.00
85 95 611.00
85 96 611.00
85 97 1517.00
85 98 1517.00
85 99 1517.00
86 87 0.00
86 88 1142.00
86 89 1142.00
86 90 1142.00
86 91 2527.00
86 92 2527.00
86 93 2527.00
86 94 611.00
86 95 611.00
86 96 611.00
86 97 1517.00
86 98 1517.00
86 99 1517.00
87 88 1142.00
87 89 1142.00
87 90 1142.00
87 91 2527.00
87 92 2527.00
87 93 2527.00
87 94 611.00
87 95 611.00
87 96 611.00
87 97 1517.00
87 98 1517.00
87 99 1517.00
88 89 0.00
88 90 0.00
88 91 2532.00
88 92 2532.00
88 93 2532.00
88 94 945.00
88 95 945.00
88 96 945.00
88 97 1399.00
88 98 1399.00
88 99 1399.00
89 90 0.00
89 91 2532.00
89 92 2532.00
89 93 2532.00
89 94 945.00
89 95 945.00
89 96 945.00
89 97 1399.00
89 98 1399.00
89 99 1399.00
90 91 2532.00
90 92 2532.00
90 93 2532.00
90 94 945.00
90 95 945.00
90 96 945.00
90 97 1399.00
90 98 1399.00
90 99 1399.00
91 92 0.00
91 93 0.00
91 94 2977.00
91 95 2977.00
91 96 2977.00
91 97 1142.00
91 98 1142.00
91 99 1142.00
92 93 0.00
92 94 2977.00
92 95 2977.00
92 96 2977.00
92 97 1142.00
92 98 1142.00
92 99 1142.00
93 94 2977.00
93 95 2977.00
93 96 2977.00
93 97 1142.00
93 98 1142.00
93 99 1142.00
94 95 0.00
94 96 0.00
94 97 1878.00
94 98 1878.00
94 99 1878.00
95 96 0.00
95 97 1878.00
95 98 1878.00
95 99 1878.00
96 97 1878.00
96 98 1878.00
96 99 1878.00
97 98 0.00
97 99 0.00
98 99 0.00

25 0 0 0 0 0 1 0 0 0 0 0 1 0 0 1 0 1 1 1 0 0 0 0 0 1 0 0 0 1 1 1 0 0 0 0 1 0 0 0 0 0 0 0 0 0 0 0 0 0 1
26 0 0 0 0 0 1 0 0 0 0 0 1 0 0 1 0 1 1 1 0 0 0 0 0 1 0 0 0 1 1 1 0 0 0 0 1 0 0 0 0 0 0 0 0 0 0 0 0 0 1
27 0 0 0 0 0 1 0 0 0 0 0 1 0 0 1 0 1 1 1 0 0 0 0 0 1 0 0 0 1 1 1 0 0 0 0 1 0 0 0 0 0 0 0 0 0 0 0 0 0 1
28 0 0 0 0 0 0 1 1 0 1 1 0 0 0 0 0 0 0 0 0 1 1 0 1 0 0 0 0 0 0 0 0 0 1 0 0 0 0 0 1 0 0 0 1 1 0 0 1 0 0
29 0 0 0 0 0 0 1 1 0 1 1 0 0 0 0 0 0 0 0 0 1 1 0 1 0 0 0 0 0 0 0 0 0 1 0 0 0 0 0 1 0 0 0 1 1 0 0 1 0 0
30 0 0 0 0 0 0 1 1 0 1 1 0 0 0 0 0 0 0 0 0 1 1 0 1 0 0 0 0 0 0 0 0 0 1 0 0 0 0 0 1 0 0 0 1 1 0 0 1 0 0
31 0 0 0 0 0 0 0 0 1 0 0 0 0 0 0 0 0 0 0 0 0 0 1 0 0 1 0 0 0 0 0 0 0 0 1 0 0 0 0 0 1 0 1 0 1 0 1 1 1 0
32 0 0 0 0 0 0 0 0 1 0 0 0 0 0 0 0 0 0 0 0 0 0 1 0 0 1 0 0 0 0 0 0 0 0 1 0 0 0 0 0 1 0 1 0 1 0 1 1 1 0
33 0 0 0 0 0 0 0 0 1 0 0 0 0 0 0 0 0 0 0 0 0 0 1 0 0 1 0 0 0 0 0 0 0 0 1 0 0 0 0 0 1 0 1 0 1 0 1 1 1 0
34 0 0 0 0 0 0 0 0 1 0 0 0 0 0 0 0 0 0 0 0 1 0 0 0 0 1 0 0 0 0 0 0 0 0 1 0 0 0 0 1 1 0 1 0 1 0 1 1 1 0
35 0 0 0 0 0 0 0 0 1 0 0 0 0 0 0 0 0 0 0 0 1 0 0 0 0 1 0 0 0 0 0 0 0 0 1 0 0 0 0 1 1 0 1 0 1 0 1 1 1 0
36 0 0 0 0 0 0 0 0 1 0 0 0 0 0 0 0 0 0 0 0 1 0 0 0 0 1 0 0 0 0 0 0 0 0 1 0 0 0 0 1 1 0 1 0 1 0 1 1 1 0
37 0 0 0 0 0 1 0 0 0 0 0 1 0 0 1 0 0 1 1 0 0 1 0 0 1 0 0 0 1 1 1 0 0 0 0 1 0 0 0 1 0 0 0 0 0 0 0 0 0 1
38 0 0 0 0 0 1 0 0 0 0 0 1 0 0 1 0 0 1 1 0 0 1 0 0 1 0 0 0 1 1 1 0 0 0 0 1 0 0 0 1 0 0 0 0 0 0 0 0 0 1
39 0 0 0 0 0 1 0 0 0 0 0 1 0 0 1 0 0 1 1 0 0 1 0 0 1 0 0 0 1 1 1 0 0 0 0 1 0 0 0 1 0 0 0 0 0 0 0 0 0 1
40 1 0 0 0 0 0 0 0 0 0 0 0 1 1 0 0 0 0 0 0 0 0 0 0 0 0 0 1 0 0 0 1 0 0 0 0 0 0 0 0 0 0 0 0 0 0 0 0 0 0
41 1 0 0 0 0 0 0 0 0 0 0 0 1 1 0 0 0 0 0 0 0 0 0 0 0 0 0 1 0 0 0 1 0 0 0 0 0 0 0 0 0 0 0 0 0 0 0 0 0 0
42 1 0 0 0 0 0 0 0 0 0 0 0 1 1 0 0 0 0 0 0 0 0 0 0 0 0 0 1 0 0 0 1 0 0 0 0 0 0 0 0 0 0 0 0 0 0 0 0 0 0
43 0 0 0 0 0 0 0 0 1 0 0 0 0 0 0 0 0 0 0 0 1 0 0 0 0 1 0 0 0 0 0 0 0 0 0 0 0 0 0 1 1 0 1 0 1 0 1 1 1 0
44 0 0 0 0 0 0 0 0 1 0 0 0 0 0 0 0 0 0 0 0 1 0 0 0 0 1 0 0 0 0 0 0 0 0 0 0 0 0 0 1 1 0 1 0 1 0 1 1 1 0
45 0 0 0 0 0 0 0 0 1 0 0 0 0 0 0 0 0 0 0 0 1 0 0 0 0 1 0 0 0 0 0 0 0 0 0 0 0 0 0 1 1 0 1 0 1 0 1 1 1 0
46 1 0 0 0 0 0 0 0 0 0 0 0 1 1 0 0 0 0 0 0 0 0 0 0 0 0 0 0 0 0 0 1 1 0 0 0 1 0 1 0 0 0 0 0 0 0 0 0 0 0
47 1 0 0 0 0 0 0 0 0 0 0 0 1 1 0 0 0 0 0 0 0 0 0 0 0 0 0 0 0 0 0 1 1 0 0 0 1 0 1 0 0 0 0 0 0 0 0 0 0 0
48 1 0 0 0 0 0 0 0 0 0 0 0 1 1 0 0 0 0 0 0 0 0 0 0 0 0 0 0 0 0 0 1 1 0 0 0 1 0 1 0 0 0 0 0 0 0 0 0 0 0
49 0 1 0 1 0 0 1 1 0 1 1 0 0 0 0 0 0 0 0 0 1 1 0 1 0 0 0 0 0 1 0 0 0 1 0 0 0 0 0 1 0 0 0 1 0 0 0 0 0 0
50 0 1 0 1 0 0 1 1 0 1 1 0 0 0 0 0 0 0 0 0 1 1 0 1 0 0 0 0 0 1 0 0 0 1 0 0 0 0 0 1 0 0 0 1 0 0 0 0 0 0
51 0 1 0 1 0 0 1 1 0 1 1 0 0 0 0 0 0 0 0 0 1 1 0 1 0 0 0 0 0 1 0 0 0 1 0 0 0 0 0 1 0 0 0 1 0 0 0 0 0 0
52 0 0 0 0 0 0 1 0 0 1 1 0 0 0 0 1 0 0 0 0 1 0 0 1 0 0 0 0 0 0 0 0 0 1 0 0 0 0 0 0 0 0 0 1 0 0 0 1 0 0
53 0 0 0 0 0 0 1 0 0 1 1 0 0 0 0 1 0 0 0 0 1 0 0 1 0 0 0 0 0 0 0 0 0 1 0 0 0 0 0 0 0 0 0 1 0 0 0 1 0 0
54 0 0 0 0 0 0 1 0 0 1 1 0 0 0 0 1 0 0 0 0 1 0 0 1 0 0 0 0 0 0 0 0 0 1 0 0 0 0 0 0 0 0 0 1 0 0 0 1 0 0
55 0 0 0 0 0 0 0 0 0 0 0 0 1 0 0 0 0 0 0 0 0 0 0 0 0 0 1 1 0 0 0 0 0 0 0 0 0 0 0 0 0 1 0 0 0 1 0 0 0 0
56 0 0 0 0 0 0 0 0 0 0 0 0 1 0 0 0 0 0 0 0 0 0 0 0 0 0 1 1 0 0 0 0 0 0 0 0 0 0 0 0 0 1 0 0 0 1 0 0 0 0
57 0 0 0 0 0 0 0 0 0 0 0 0 1 0 0 0 0 0 0 0 0 0 0 0 0 0 1 1 0 0 0 0 0 0 0 0 0 0 0 0 0 1 0 0 0 1 0 0 0 0
58 0 1 0 1 0 0 1 1 0 0 0 0 0 0 1 0 0 0 0 0 0 1 0 0 1 0 0 0 1 1 1 0 0 1 0 1 0 1 0 0 0 0 0 0 0 0 0 0 0 0
59 0 1 0 1 0 0 1 1 0 0 0 0 0 0 1 0 0 0 0 0 0 1 0 0 1 0 0 0 1 1 1 0 0 1 0 1 0 1 0 0 0 0 0 0 0 0 0 0 0 0
60 0 1 0 1 0 0 1 1 0 0 0 0 0 0 1 0 0 0 0 0 0 1 0 0 1 0 0 0 1 1 1 0 0 1 0 1 0 1 0 0 0 0 0 0 0 0 0 0 0 0
61 0 0 0 0 0 1 0 0 0 0 0 1 0 0 1 0 0 1 1 0 1 1 0 0 1 0 0 0 1 1 1 0 0 0 0 1 0 0 0 1 0 0 0 0 1 0 0 0 0 1
62 0 0 0 0 0 1 0 0 0 0 0 1 0 0 1 0 0 1 1 0 1 1 0 0 1 0 0 0 1 1 1 0 0 0 0 1 0 0 0 1 0 0 0 0 1 0 0 0 0 1
63 0 0 0 0 0 1 0 0 0 0 0 1 0 0 1 0 0 1 1 0 1 1 0 0 1 0 0 0 1 1 1 0 0 0 0 1 0 0 0 1 0 0 0 0 1 0 0 0 0 1
64 0 0 1 0 0 0 0 0 0 0 0 1 0 0 0 0 1 1 1 1 0 0 1 0 0 0 0 0 0 0 0 0 0 0 1 1 0 0 0 0 0 0 0 0 0 0 0 0 0 0
65 0 0 1 0 0 0 0 0 0 0 0 1 0 0 0 0 1 1 1 1 0 0 1 0 0 0 0 0 0 0 0 0 0 0 1 1 0 0 0 0 0 0 0 0 0 0 0 0 0 0
66 0 0 1 0 0 0 0 0 0 0 0 1 0 0 0 0 1 1 1 1 0 0 1 0 0 0 0 0 0 0 0 0 0 0 1 1 0 0 0 0 0 0 0 0 0 0 0 0 0 0
67 0 0 1 0 0 1 0 0 0 0 0 1 0 0 0 0 1 1 1 1 0 0 1 0 1 0 0 0 0 0 0 0 0 0 1 1 0 0 0 0 0 0 0 0 0 0 0 0 0 1
68 0 0 1 0 0 1 0 0 0 0 0 1 0 0 0 0 1 1 1 1 0 0 1 0 1 0 0 0 0 0 0 0 0 0 1 1 0 0 0 0 0 0 0 0 0 0 0 0 0 1
69 0 0 1 0 0 1 0 0 0 0 0 1 0 0 0 0 1 1 1 1 0 0 1 0 1 0 0 0 0 0 0 0 0 0 1 1 0 0 0 0 0 0 0 0 0 0 0 0 0 1
70 0 0 0 0 0 0 0 0 0 0 0 0 1 0 0 0 0 0 0 0 0 0 0 0 0 0 1 1 0 0 0 0 0 0 0 0 0 0 0 0 0 1 0 0 0 1 0 0 0 0
71 0 0 0 0 0 0 0 0 0 0 0 0 1 0 0 0 0 0 0 0 0 0 0 0 0 0 1 1 0 0 0 0 0 0 0 0 0 0 0 0 0 1 0 0 0 1 0 0 0 0
72 0 0 0 0 0 0 0 0 0 0 0 0 1 0 0 0 0 0 0 0 0 0 0 0 0 0 1 1 0 0 0 0 0 0 0 0 0 0 0 0 0 1 0 0 0 1 0 0 0 0
73 0 0 0 0 0 0 0 0 0 0 0 0 1 1 0 0 0 0 0 0 0 0 0 0 0 0 1 1 0 0 0 1 1 0 0 0 0 0 1 0 0 0 0 0 0 0 0 0 0 0
74 0 0 0 0 0 0 0 0 0 0 0 0 1 1 0 0 0 0 0 0 0 0 0 0 0 0 1 1 0 0 0 1 1 0 0 0 0 0 1 0 0 0 0 0 0 0 0 0 0 0
75 0 0 0 0 0 0 0 0 0 0 0 0 1 1 0 0 0 0 0 0 0 0 0 0 0 0 1 1 0 0 0 1 1 0 0 0 0 0 1 0 0 0 0 0 0 0 0 0 0 0
76 0 1 0 1 1 0 1 1 0 1 0 0 0 1 0 1 0 0 0 0 0 0 0 1 0 0 1 0 0 0 0 0 1 1 0 0 1 1 1 0 0 0 0 0 0 0 0 0 0 0
77 0 1 0 1 1 0 1 1 0 1 0 0 0 1 0 1 0 0 0 0 0 0 0 1 0 0 1 0 0 0 0 0 1 1 0 0 1 1 1 0 0 0 0 0 0 0 0 0 0 0
78 0 1 0 1 1 0 1 1 0 1 0 0 0 1 0 1 0 0 0 0 0 0 0 1 0 0 1 0 0 0 0 0 1 1 0 0 1 1 1 0 0 0 0 0 0 0 0 0 0 0
79 0 0 0 0 0 0 0 0 0 0 0 0 0 0 0 0 0 0 0 0 0 0 0 0 0 0 0 0 0 0 0 0 0 0 0 0 0 0 0 0 0 1 0 0 0 1 0 0 0 0
80 0 0 0 0 0 0 0 0 0 0 0 0 0 0 0 0 0 0 0 0 0 0 0 0 0 0 0 0 0 0 0 0 0 0 0 0 0 0 0 0 0 1 0 0 0 1 0 0 0 0
81 0 0 0 0 0 0 0 0 0 0 0 0 0 0 0 0 0 0 0 0 0 0 0 0 0 0 0 0 0 0 0 0 0 0 0 0 0 0 0 0 0 1 0 0 0 1 0 0 0 0
82 0 0 0 0 0 0 0 0 0 0 0 0 1 0 0 0 0 0 0 0 0 0 0 0 0 0 1 1 0 0 0 0 0 0 0 0 0 0 0 0 0 1 0 0 0 1 0 0 0 0
83 0 0 0 0 0 0 0 0 0 0 0 0 1 0 0 0 0 0 0 0 0 0 0 0 0 0 1 1 0 0 0 0 0 0 0 0 0 0 0 0 0 1 0 0 0 1 0 0 0 0
84 0 0 0 0 0 0 0 0 0 0 0 0 1 0 0 0 0 0 0 0 0 0 0 0 0 0 1 1 0 0 0 0 0 0 0 0 0 0 0 0 0 1 0 0 0 1 0 0 0 0
85 0 0 0 0 0 0 1 1 0 0 1 0 0 0 0 0 0 1 0 0 1 1 0 0 1 0 0 0 0 1 0 0 0 1 0 1 0 0 0 1 0 0 0 1 1 0 0 1 0 0
86 0 0 0 0 0 0 1 1 0 0 1 0 0 0 0 0 0 1 0 0 1 1 0 0 1 0 0 0 0 1 0 0 0 1 0 1 0 0 0 1 0 0 0 1 1 0 0 1 0 0
87 0 0 0 0 0 0 1 1 0 0 1 0 0 0 0 0 0 1 0 0 1 1 0 0 1 0 0 0 0 1 0 0 0 1 0 1 0 0 0 1 0 0 0 1 1 0 0 1 0 0
88 0 0 0 0 0 1 0 0 0 0 0 0 0 0 1 0 0 0 1 0 0 1 0 0 1 0 0 0 1 1 1 0 0 0 0 0 0 1 0 0 0 0 0 0 0 0 0 0 0 1
89 0 0 0 0 0 1 0 0 0 0 0 0 0 0 1 0 0 0 1 0 0 1 0 0 1 0 0 0 1 1 1 0 0 0 0 0 0 1 0 0 0 0 0 0 0 0 0 0 0 1
90 0 0 0 0 0 1 0 0 0 0 0 0 0 0 1 0 0 0 1 0 0 1 0 0 1 0 0 0 1 1 1 0 0 0 0 0 0 1 0 0 0 0 0 0 0 0 0 0 0 1
91 1 0 0 0 0 0 0 0 0 0 0 0 1 1 0 0 0 0 0 0 0 0 0 0 0 0 0 1 0 0 0 1 0 0 0 0 0 0 0 0 0 0 0 0 0 0 0 0 0 0
92 1 0 0 0 0 0 0 0 0 0 0 0 1 1 0 0 0 0 0 0 0 0 0 0 0 0 0 1 0 0 0 1 0 0 0 0 0 0 0 0 0 0 0 0 0 0 0 0 0 0
93 1 0 0 0 0 0 0 0 0 0 0 0 1 1 0 0 0 0 0 0 0 0 0 0 0 0 0 1 0 0 0 1 0 0 0 0 0 0 0 0 0 0 0 0 0 0 0 0 0 0
94 0 0 1 0 0 1 0 0 0 0 0 1 0 0 1 0 0 1 1 0 0 1 0 0 1 0 0 0 1 1 0 0 0 0 0 1 0 0 0 1 0 0 0 0 1 0 0 0 0 1
95 0 0 1 0 0 1 0 0 0 0 0 1 0 0 1 0 0 1 1 0 0 1 0 0 1 0 0 0 1 1 0 0 0 0 0 1 0 0 0 1 0 0 0 0 1 0 0 0 0 1
96 0 0 1 0 0 1 0 0 0 0 0 1 0 0 1 0 0 1 1 0 0 1 0 0 1 0 0 0 1 1 0 0 0 0 0 1 0 0 0 1 0 0 0 0 1 0 0 0 0 1
97 0 1 0 1 1 0 0 1 0 1 0 0 0 1 0 0 0 0 0 0 0 0 0 0 0 0 1 1 0 0 0 0 1 0 0 0 1 1 1 0 0 0 0 0 0 0 0 0 0 0
98 0 1 0 1 1 0 0 1 0 1 0 0 0 1 0 0 0 0 0 0 0 0 0 0 0 0 1 1 0 0 0 0 1 0 0 0 1 1 1 0 0 0 0 0 0 0 0 0 0 0
99 0 1 0 1 1 0 0 1 0 1 0 0 0 1 0 0 0 0 0 0 0 0 0 0 0 0 1 1 0 0 0 0 1 0 0 0 1 1 1 0 0 0 0 0 0 0 0 0 0 0
2 1 1 2 1 3 1 1 3 2 1 3 3 1 2 1 1 1 1 1 3 3 2 2 2 1 2 3 3 3 2 1 1 2 1 1 2 3 2 2 2 3 2 3 1 3 1 2 1 2