D1-1-25-75-4-250.ctp
72 75 1 4 6192.00
0 1 2793.00
0 2 2793.00
0 3 2793.00
0 4 2097.00
0 5 2097.00
0 6 2097.00
0 7 1655.00
0 8 1655.00
0 9 1655.00
0 10 2251.00
0 11 2251.00
0 12 2251.00
0 13 2118.00
0 14 2118.00
0 15 2118.00
0 16 1515.00
0 17 1515.00
0 18 1515.00
0 19 685.00
0 20 685.00
0 21 685.00
0 22 2586.00
0 23 2586.00
0 24 2586.00
0 25 2736.00
0 26 2736.00
0 27 2736.00
0 28 590.00
0 29 590.00
0 30 590.00
0 31 2971.00
0 32 2971.00
0 33 2971.00
0 34 365.00
0 35 365.00
0 36 365.00
0 37 2003.00
0 38 2003.00
0 39 2003.00
0 40 1023.00
0 41 1023.00
0 42 1023.00
0 43 1433.00
0 44 1433.00
0 45 1433.00
0 46 636.00
0 47 636.00
0 48 636.00
0 49 2104.00
0 50 2104.00
0 51 2104.00
0 52 2630.00
0 53 2630.00
0 54 2630.00
0 55 2440.00
0 56 2440.00
0 57 2440.00
0 58 2939.00
0 59 2939.00
0 60 2939.00
0 61 1327.00
0 62 1327.00
0 63 1327.00
0 64 854.00
0 65 854.00
0 66 854.00
0 67 407.00
0 68 407.00
0 69 407.00
0 70 2415.00
0 71 2415.00
0 72 2415.00
1 2 0.00
1 3 0.00
1 4 993.00
1 5 993.00
1 6 993.00
1 7 1157.00
1 8 1157.00
1 9 1157.00
1 10 725.00
1 11 725.00
1 12 725.00
1 13 1114.00
1 14 1114.00
1 15 1114.00
1 16 3132.00
1 17 3132.00
1 18 3132.00
1 19 2871.00
1 20 2871.00
1 21 2871.00
1 22 956.00
1 23 956.00
1 24 956.00
1 25 1101.00
1 26 1101.00
1 27 1101.00
1 28 3275.00
1 29 3275.00
1 30 3275.00
1 31 1788.00
1 32 1788.00
1 33 1788.00
1 34 2456.00
1 35 2456.00
1 36 2456.00
1 37 2059.00
1 38 2059.00
1 39 2059.00
1 40 1921.00
1 41 1921.00
1 42 1921.00
1 43 1674.00
1 44 1674.00
1 45 1674.00
1 46 3406.00
1 47 3406.00
1 48 3406.00
1 49 1323.00
1 50 1323.00
1 51 1323.00
1 52 195.00
1 53 195.00
1 54 195.00
1 55 1197.00
1 56 1197.00
1 57 1197.00
1 58 1395.00
1 59 1395.00
1 60 1395.00
1 61 3844.00
1 62 3844.00
1 63 3844.00
1 64 3235.00
1 65 3235.00
1 66 3235.00
1 67 2398.00
1 68 2398.00
1 69 2398.00
1 70 1224.00
1 71 1224.00
1 72 1224.00
2 3 0.00
2 4 993.00
2 5 993.00
2 6 993.00
2 7 1157.00
2 8 1157.00
2 9 1157.00
2 10 725.00
2 11 725.00
2 12 725.00
2 13 1114.00
2 14 1114.00
2 15 1114.00
2 16 3132.00
2 17 3132.00
2 18 3132.00
2 19 2871.00
2 20 2871.00
2 21 2871.00
2 22 956.00
2 23 956.00
2 24 956.00
2 25 1101.00
2 26 1101.00
2 27 1101.00
2 28 3275.00
2 29 3275.00
2 30 3275.00
2 31 1788.00
2 32 1788.00
2 33 1788.00
2 34 2456.00
2 35 2456.00
2 36 2456.00
2 37 2059.00
2 38 2059.00
2 39 2059.00
2 40 1921.00
2 41 1921.00
2 42 1921.00
2 43 1674.00
2 44 1674.00
2 45 1674.00
2 46 3406.00
2 47 3406.00
2 48 3406.00
2 49 1323.00
2 50 1323.00
2 51 1323.00
2 52 195.00
2 53 195.00
2 54 195.00
2 55 1197.00
2 56 1197.00
2 57 1197.00
2 58 1395.00
2 59 1395.00
2 60 1395.00
2 61 3844.00
2 62 3844.00
2 63 3844.00
2 64 3235.00
2 65 3235.00
2 66 3235.00
2 67 2398.00
2 68 2398.00
2 69 2398.00
2 70 1224.00
2 71 1224.00
2 72 1224.00
3 4 993.00
3 5 993.00
3 6 993.00
3 7 1157.00
3 8 1157.00
3 9 1157.00
3 10 725.00
3 11 725.00
3 12 725.00
3 13 1114.00
3 14 1114.00
3 15 1114.00
3 16 3132.00
3 17 3132.00
3 18 3132.00
3 19 2871.00
3 20 2871.00
3 21 2871.00
3 22 956.00
3 23 956.00
3 24 956.00
3 25 1101.00
3 26 1101.00
3 27 1101.00
3 28 3275.00
3 29 3275.00
3 30 3275.00
3 31 1788.00
3 32 1788.00
3 33 1788.00
3 34 2456.00
3 35 2456.00
3 36 2456.00
3 37 2059.00
3 38 2059.00
3 39 2059.00
3 40 1921.00
3 41 1921.00
3 42 1921.00
3 43 1674.00
3 44 1674.00
3 45 1674.00
3 46 3406.00
3 47 3406.00
3 48 3406.00
3 49 1323.00
3 50 1323.00
3 51 1323.00
3 52 195.00
3 53 195.00
3 54 195.00
3 55 1197.00
3 56 1197.00
3 57 1197.00
3 58 1395.00
3 59 1395.00
3 60 1395.00
3 61 3844.00
3 62 3844.00
3 63 3844.00
3 64 3235.00
3 65 3235.00
3 66 3235.00
3 67 2398.00
3 68 2398.00
3 69 2398.00
3 70 1224.00
3 71 1224.00
3 72 1224.00
4 5 0.00
4 6 0.00
4 7 572.00
4 8 572.00
4 9 572.00
4 10 268.00
4 11 268.00
4 12 268.00
4 13 156.00
4 14 156.00
4 15 156.00
4 16 2156.00
4 17 2156.00
4 18 2156.00
4 19 2004.00
4 20 2004.00
4 21 2004.00
4 22 506.00
4 23 506.00
4 24 506.00
4 25 688.00
4 26 688.00
4 27 688.00
4 28 2480.00
4 29 2480.00
4 30 2480.00
4 31 1206.00
4 32 1206.00
4 33 1206.00
4 34 1823.00
4 35 1823.00
4 36 1823.00
4 37 1085.00
4 38 1085.00
4 39 1085.00
4 40 1097.00
4 41 1097.00
4 42 1097.00
4 43 748.00
4 44 748.00
4 45 748.00
4 46 2648.00
4 47 2648.00
4 48 2648.00
4 49 371.00
4 50 371.00
4 51 371.00
4 52 798.00
4 53 798.00
4 54 798.00
4 55 479.00
4 56 479.00
4 57 479.00
4 58 972.00
4 59 972.00
4 60 972.00
4 61 2960.00
4 62 2960.00
4 63 2960.00
4 64 2360.00
4 65 2360.00
4 66 2360.00
4 67 1691.00
4 68 1691.00
4 69 1691.00
4 70 478.00
4 71 478.00
4 72 478.00
5 6 0.00
5 7 572.00
5 8 572.00
5 9 572.00
5 10 268.00
5 11 268.00
5 12 268.00
5 13 156.00
5 14 156.00
5 15 156.00
5 16 2156.00
5 17 2156.00
5 18 2156.00
5 19 2004.00
5 20 2004.00
5 21 2004.00
5 22 506.00
5 23 506.00
5 24 506.00
5 25 688.00
5 26 688.00
5 27 688.00
5 28 2480.00
5 29 2480.00
5 30 2480.00
5 31 1206.00
5 32 1206.00
5 33 1206.00
5 34 1823.00
5 35 1823.00
5 36 1823.00
5 37 1085.00
5 38 1085.00
5 39 1085.00
5 40 1097.00
5 41 1097.00
5 42 1097.00
5 43 748.00
5 44 748.00
5 45 748.00
5 46 2648.00
5 47 2648.00
5 48 2648.00
5 49 371.00
5 50 371.00
5 51 371.00
5 52 798.00
5 53 798.00
5 54 798.00
5 55 479.00
5 56 479.00
5 57 479.00
5 58 972.00
5 59 972.00
5 60 972.00
5 61 2960.00
5 62 2960.00
5 63 2960.00
5 64 2360.00
5 65 2360.00
5 66 2360.00
5 67 1691.00
5 68 1691.00
5 69 1691.00
5 70 478.00
5 71 478.00
5 72 478.00
6 7 572.00
6 8 572.00
6 9 572.00
6 10 268.00
6 11 268.00
6 12 268.00
6 13 156.00
6 14 156.00
6 15 156.00
6 16 2156.00
6 17 2156.00
6 18 2156.00
6 19 2004.00
6 20 2004.00
6 21 2004.00
6 22 506.00
6 23 506.00
6 24 506.00
6 25 688.00
6 26 688.00
6 27 688.00
6 28 2480.00
6 29 2480.00
6 30 2480.00
6 31 1206.00
6 32 1206.00
6 33 1206.00
6 34 1823.00
6 35 1823.00
6 36 1823.00
6 37 1085.00
6 38 1085.00
6 39 1085.00
6 40 1097.00
6 41 1097.00
6 42 1097.00
6 43 748.00
6 44 748.00
6 45 748.00
6 46 2648.00
6 47 2648.00
6 48 2648.00
6 49 371.00
6 50 371.00
6 51 371.00
6 52 798.00
6 53 798.00
6 54 798.00
6 55 479.00
6 56 479.00
6 57 479.00
6 58 972.00
6 59 972.00
6 60 972.00
6 61 2960.00
6 62 2960.00
6 63 2960.00
6 64 2360.00
6 65 2360.00
6 66 2360.00
6 67 1691.00
6 68 1691.00
6 69 1691.00
6 70 478.00
6 71 478.00
6 72 478.00
7 8 0.00
7 9 0.00
7 10 623.00
7 11 623.00
7 12 623.00
7 13 682.00
7 14 682.00
7 15 682.00
7 16 2091.00
7 17 2091.00
7 18 2091.00
7 19 1723.00
7 20 1723.00
7 21 1723.00
7 22 1065.00
7 23 1065.00
7 24 1065.00
7 25 1256.00
7 26 1256.00
7 27 1256.00
7 28 2118.00
7 29 2118.00
7 30 2118.00
7 31 1754.00
7 32 1754.00
7 33 1754.00
7 34 1340.00
7 35 1340.00
7 36 1340.00
7 37 1344.00
7 38 1344.00
7 39 1344.00
7 40 776.00
7 41 776.00
7 42 776.00
7 43 643.00
7 44 643.00
7 45 643.00
7 46 2255.00
7 47 2255.00
7 48 2255.00
7 49 823.00
7 50 823.00
7 51 823.00
7 52 982.00
7 53 982.00
7 54 982.00
7 55 1042.00
7 56 1042.00
7 57 1042.00
7 58 1543.00
7 59 1543.00
7 60 1543.00
7 61 2696.00
7 62 2696.00
7 63 2696.00
7 64 2087.00
7 65 2087.00
7 66 2087.00
7 67 1252.00
7 68 1252.00
7 69 1252.00
7 70 1036.00
7 71 1036.00
7 72 1036.00
8 9 0.00
8 10 623.00
8 11 623.00
8 12 623.00
8 13 682.00
8 14 682.00
8 15 682.00
8 16 2091.00
8 17 2091.00
8 18 2091.00
8 19 1723.00
8 20 1723.00
8 21 1723.00
8 22 1065.00
8 23 1065.00
8 24 1065.00
8 25 1256.00
8 26 1256.00
8 27 1256.00
8 28 2118.00
8 29 2118.00
8 30 2118.00
8 31 1754.00
8 32 1754.00
8 33 1754.00
8 34 1340.00
8 35 1340.00
8 36 1340.00
8 37 1344.00
8 38 1344.00
8 39 1344.00
8 40 776.00
8 41 776.00
8 42 776.00
8 43 643.00
8 44 643.00
8 45 643.00
8 46 2255.00
8 47 2255.00
8 48 2255.00
8 49 823.00
8 50 823.00
8 51 823.00
8 52 982.00
8 53 982.00
8 54 982.00
8 55 1042.00
8 56 1042.00
8 57 1042.00
8 58 1543.00
8 59 1543.00
8 60 1543.00
8 61 2696.00
8 62 2696.00
8 63 2696.00
8 64 2087.00
8 65 2087.00
8 66 2087.00
8 67 1252.00
8 68 1252.00
8 69 1252.00
8 70 1036.00
8 71 1036.00
8 72 1036.00
9 10 623.00
9 11 623.00
9 12 623.00
9 13 682.00
9 14 682.00
9 15 682.00
9 16 2091.00
9 17 2091.00
9 18 2091.00
9 19 1723.00
9 20 1723.00
9 21 1723.00
9 22 1065.00
9 23 1065.00
9 24 1065.00
9 25 1256.00
9 26 1256.00
9 27 1256.00
9 28 2118.00
9 29 2118.00
9 30 2118.00
9 31 1754.00
9 32 1754.00
9 33 1754.00
9 34 1340.00
9 35 1340.00
9 36 1340.00
9 37 1344.00
9 38 1344.00
9 39 1344.00
9 40 776.00
9 41 776.00
9 42 776.00
9 43 643.00
9 44 643.00
9 45 643.00
9 46 2255.00
9 47 2255.00
9 48 2255.00
9 49 823.00
9 50 823.00
9 51 823.00
9 52 982.00
9 53 982.00
9 54 982.00
9 55 1042.00
9 56 1042.00
9 57 1042.00
9 58 1543.00
9 59 1543.00
9 60 1543.00
9 61 2696.00
9 62 2696.00
9 63 2696.00
9 64 2087.00
9 65 2087.00
9 66 2087.00
9 67 1252.00
9 68 1252.00
9 69 1252.00
9 70 1036.00
9 71 1036.00
9 72 1036.00
10 11 0.00
10 12 0.00
10 13 402.00
10 14 402.00
10 15 402.00
10 16 2415.00
10 17 2415.00
10 18 2415.00
10 19 2219.00
10 20 2219.00
10 21 2219.00
10 22 504.00
10 23 504.00
10 24 504.00
10 25 707.00
10 26 707.00
10 27 707.00
10 28 2671.00
10 29 2671.00
10 30 2671.00
10 31 1329.00
10 32 1329.00
10 33 1329.00
10 34 1952.00
10 35 1952.00
10 36 1952.00
10 37 1348.00
10 38 1348.00
10 39 1348.00
10 40 1286.00
10 41 1286.00
10 42 1286.00
10 43 978.00
10 44 978.00
10 45 978.00
10 46 2827.00
10 47 2827.00
10 48 2827.00
10 49 620.00
10 50 620.00
10 51 620.00
10 52 531.00
10 53 531.00
10 54 531.00
10 55 612.00
10 56 612.00
10 57 612.00
10 58 1025.00
10 59 1025.00
10 60 1025.00
10 61 3184.00
10 62 3184.00
10 63 3184.00
10 64 2579.00
10 65 2579.00
10 66 2579.00
10 67 1844.00
10 68 1844.00
10 69 1844.00
10 70 626.00
10 71 626.00
10 72 626.00
11 12 0.00
11 13 402.00
11 14 402.00
11 15 402.00
11 16 2415.00
11 17 2415.00
11 18 2415.00
11 19 2219.00
11 20 2219.00
11 21 2219.00
11 22 504.00
11 23 504.00
11 24 504.00
11 25 707.00
11 26 707.00
11 27 707.00
11 28 2671.00
11 29 2671.00
11 30 2671.00
11 31 1329.00
11 32 1329.00
11 33 1329.00
11 34 1952.00
11 35 1952.00
11 36 1952.00
11 37 1348.00
11 38 1348.00
11 39 1348.00
11 40 1286.00
11 41 1286.00
11 42 1286.00
11 43 978.00
11 44 978.00
11 45 978.00
11 46 2827.00
11 47 2827.00
11 48 2827.00
11 49 620.00
11 50 620.00
11 51 620.00
11 52 531.00
11 53 531.00
11 54 531.00
11 55 612.00
11 56 612.00
11 57 612.00
11 58 1025.00
11 59 1025.00
11 60 1025.00
11 61 3184.00
11 62 3184.00
11 63 3184.00
11 64 2579.00
11 65 2579.00
11 66 2579.00
11 67 1844.00
11 68 1844.00
11 69 1844.00
11 70 626.00
11 71 626.00
11 72 626.00
12 13 402.00
12 14 402.00
12 15 402.00
12 16 2415.00
12 17 2415.00
12 18 2415.00
12 19 2219.00
12 20 2219.00
12 21 2219.00
12 22 504.00
12 23 504.00
12 24 504.00
12 25 707.00
12 26 707.00
12 27 707.00
12 28 2671.00
12 29 2671.00
12 30 2671.00
12 31 1329.00
12 32 1329.00
12 33 1329.00
12 34 1952.00
12 35 1952.00
12 36 1952.00
12 37 1348.00
12 38 1348.00
12 39 1348.00
12 40 1286.00
12 41 1286.00
12 42 1286.00
12 43 978.00
12 44 978.00
12 45 978.00
12 46 2827.00
12 47 2827.00
12 48 2827.00
12 49 620.00
12 50 620.00
12 51 620.00
12 52 531.00
12 53 531.00
12 54 531.00
12 55 612.00
12 56 612.00
12 57 612.00
12 58 1025.00
12 59 1025.00
12 60 1025.00
12 61 3184.00
12 62 3184.00
12 63 3184.00
12 64 2579.00
12 65 2579.00
12 66 2579.00
12 67 1844.00
12 68 1844.00
12 69 1844.00
12 70 626.00
12 71 626.00
12 72 626.00
13 14 0.00
13 15 0.00
13 16 2069.00
13 17 2069.00
13 18 2069.00
13 19 1974.00
13 20 1974.00
13 21 1974.00
13 22 470.00
13 23 470.00
13 24 470.00
13 25 623.00
13 26 623.00
13 27 623.00
13 28 2470.00
13 29 2470.00
13 30 2470.00
13 31 1074.00
13 32 1074.00
13 33 1074.00
13 34 1864.00
13 35 1864.00
13 36 1864.00
13 37 948.00
13 38 948.00
13 39 948.00
13 40 1102.00
13 41 1102.00
13 42 1102.00
13 43 720.00
13 44 720.00
13 45 720.00
13 46 2647.00
13 47 2647.00
13 48 2647.00
13 49 219.00
13 50 219.00
13 51 219.00
13 52 923.00
13 53 923.00
13 54 923.00
13 55 364.00
13 56 364.00
13 57 364.00
13 58 875.00
13 59 875.00
13 60 875.00
13 61 2917.00
13 62 2917.00
13 63 2917.00
13 64 2323.00
13 65 2323.00
13 66 2323.00
13 67 1717.00
13 68 1717.00
13 69 1717.00
13 70 354.00
13 71 354.00
13 72 354.00
14 15 0.00
14 16 2069.00
14 17 2069.00
14 18 2069.00
14 19 1974.00
14 20 1974.00
14 21 1974.00
14 22 470.00
14 23 470.00
14 24 470.00
14 25 623.00
14 26 623.00
14 27 623.00
14 28 2470.00
14 29 2470.00
14 30 2470.00
14 31 1074.00
14 32 1074.00
14 33 1074.00
14 34 1864.00
14 35 1864.00
14 36 1864.00
14 37 948.00
14 38 948.00
14 39 948.00
14 40 1102.00
14 41 1102.00
14 42 1102.00
14 43 720.00
14 44 720.00
14 45 720.00
14 46 2647.00
14 47 2647.00
14 48 2647.00
14 49 219.00
14 50 219.00
14 51 219.00
14 52 923.00
14 53 923.00
14 54 923.00
14 55 364.00
14 56 364.00
14 57 364.00
14 58 875.00
14 59 875.00
14 60 875.00
14 61 2917.00
14 62 2917.00
14 63 2917.00
14 64 2323.00
14 65 2323.00
14 66 2323.00
14 67 1717.00
14 68 1717.00
14 69 1717.00
14 70 354.00
14 71 354.00
14 72 354.00
15 16 2069.00
15 17 2069.00
15 18 2069.00
15 19 1974.00
15 20 1974.00
15 21 1974.00
15 22 470.00
15 23 470.00
15 24 470.00
15 25 623.00
15 26 623.00
15 27 623.00
15 28 2470.00
15 29 2470.00
15 30 2470.00
15 31 1074.00
15 32 1074.00
15 33 1074.00
15 34 1864.00
15 35 1864.00
15 36 1864.00
15 37 948.00
15 38 948.00
15 39 948.00
15 40 1102.00
15 41 1102.00
15 42 1102.00
15 43 720.00
15 44 720.00
15 45 720.00
15 46 2647.00
15 47 2647.00
15 48 2647.00
15 49 219.00
15 50 219.00
15 51 219.00
15 52 923.00
15 53 923.00
15 54 923.00
15 55 364.00
15 56 364.00
15 57 364.00
15 58 875.00
15 59 875.00
15 60 875.00
15 61 2917.00
15 62 2917.00
15 63 2917.00
15 64 2323.00
15 65 2323.00
15 66 2323.00
15 67 1717.00
15 68 1717.00
15 69 1717.00
15 70 354.00
15 71 354.00
15 72 354.00
16 17 0.00
16 18 0.00
16 19 830.00
16 20 830.00
16 21 830.00
16 22 2461.00
16 23 2461.00
16 24 2461.00
16 25 2508.00
16 26 2508.00
16 27 2508.00
16 28 1255.00
16 29 1255.00
16 30 1255.00
16 31 2365.00
16 32 2365.00
16 33 2365.00
16 34 1671.00
16 35 1671.00
16 36 1671.00
16 37 1305.00
16 38 1305.00
16 39 1305.00
16 40 1383.00
16 41 1383.00
16 42 1383.00
16 43 1472.00
16 44 1472.00
16 45 1472.00
16 46 1480.00
16 47 1480.00
16 48 1480.00
16 49 1909.00
16 50 1909.00
16 51 1909.00
16 52 2937.00
16 53 2937.00
16 54 2937.00
16 55 2205.00
16 56 2205.00
16 57 2205.00
16 58 2546.00
16 59 2546.00
16 60 2546.00
16 61 1138.00
16 62 1138.00
16 63 1138.00
16 64 833.00
16 65 833.00
16 66 833.00
16 67 1466.00
16 68 1466.00
16 69 1466.00
16 70 2170.00
16 71 2170.00
16 72 2170.00
17 18 0.00
17 19 830.00
17 20 830.00
17 21 830.00
17 22 2461.00
17 23 2461.00
17 24 2461.00
17 25 2508.00
17 26 2508.00
17 27 2508.00
17 28 1255.00
17 29 1255.00
17 30 1255.00
17 31 2365.00
17 32 2365.00
17 33 2365.00
17 34 1671.00
17 35 1671.00
17 36 1671.00
17 37 1305.00
17 38 1305.00
17 39 1305.00
17 40 1383.00
17 41 1383.00
17 42 1383.00
17 43 1472.00
17 44 1472.00
17 45 1472.00
17 46 1480.00
17 47 1480.00
17 48 1480.00
17 49 1909.00
17 50 1909.00
17 51 1909.00
17 52 2937.00
17 53 2937.00
17 54 2937.00
17 55 2205.00
17 56 2205.00
17 57 2205.00
17 58 2546.00
17 59 2546.00
17 60 2546.00
17 61 1138.00
17 62 1138.00
17 63 1138.00
17 64 833.00
17 65 833.00
17 66 833.00
17 67 1466.00
17 68 1466.00
17 69 1466.00
17 70 2170.00
17 71 2170.00
17 72 2170.00
18 19 830.00
18 20 830.00
18 21 830.00
18 22 2461.00
18 23 2461.00
18 24 2461.00
18 25 2508.00
18 26 2508.00
18 27 2508.00
18 28 1255.00
18 29 1255.00
18 30 1255.00
18 31 2365.00
18 32 2365.00
18 33 2365.00
18 34 1671.00
18 35 1671.00
18 36 1671.00
18 37 1305.00
18 38 1305.00
18 39 1305.00
18 40 1383.00
18 41 1383.00
18 42 1383.00
18 43 1472.00
18 44 1472.00
18 45 1472.00
18 46 1480.00
18 47 1480.00
18 48 1480.00
18 49 1909.00
18 50 1909.00
18 51 1909.00
18 52 2937.00
18 53 2937.00
18 54 2937.00
18 55 2205.00
18 56 2205.00
18 57 2205.00
18 58 2546.00
18 59 2546.00
18 60 2546.00
18 61 1138.00
18 62 1138.00
18 63 1138.00
18 64 833.00
18 65 833.00
18 66 833.00
18 67 1466.00
18 68 1466.00
18 69 1466.00
18 70 2170.00
18 71 2170.00
18 72 2170.00
19 20 0.00
19 21 0.00
19 22 2433.00
19 23 2433.00
19 24 2433.00
19 25 2543.00
19 26 2543.00
19 27 2543.00
19 28 564.00
19 29 564.00
19 30 564.00
19 31 2623.00
19 32 2623.00
19 33 2623.00
19 34 883.00
19 35 883.00
19 36 883.00
19 37 1564.00
19 38 1564.00
19 39 1564.00
19 40 950.00
19 41 950.00
19 42 950.00
19 43 1257.00
19 44 1257.00
19 45 1257.00
19 46 789.00
19 47 789.00
19 48 789.00
19 49 1889.00
19 50 1889.00
19 51 1889.00
19 52 2686.00
19 53 2686.00
19 54 2686.00
19 55 2229.00
19 56 2229.00
19 57 2229.00
19 58 2680.00
19 59 2680.00
19 60 2680.00
19 61 974.00
19 62 974.00
19 63 974.00
19 64 364.00
19 65 364.00
19 66 364.00
19 67 713.00
19 68 713.00
19 69 713.00
19 70 2198.00
19 71 2198.00
19 72 2198.00
20 21 0.00
20 22 2433.00
20 23 2433.00
20 24 2433.00
20 25 2543.00
20 26 2543.00
20 27 2543.00
20 28 564.00
20 29 564.00
20 30 564.00
20 31 2623.00
20 32 2623.00
20 33 2623.00
20 34 883.00
20 35 883.00
20 36 883.00
20 37 1564.00
20 38 1564.00
20 39 1564.00
20 40 950.00
20 41 950.00
20 42 950.00
20 43 1257.00
20 44 1257.00
20 45 1257.00
20 46 789.00
20 47 789.00
20 48 789.00
20 49 1889.00
20 50 1889.00
20 51 1889.00
20 52 2686.00
20 53 2686.00
20 54 2686.00
20 55 2229.00
20 56 2229.00
20 57 2229.00
20 58 2680.00
20 59 2680.00
20 60 2680.00
20 61 974.00
20 62 974.00
20 63 974.00
20 64 364.00
20 65 364.00
20 66 364.00
20 67 713.00
20 68 713.00
20 69 713.00
20 70 2198.00
20 71 2198.00
20 72 2198.00
21 22 2433.00
21 23 2433.00
21 24 2433.00
21 25 2543.00
21 26 2543.00
21 27 2543.00
21 28 564.00
21 29 564.00
21 30 564.00
21 31 2623.00
21 32 2623.00
21 33 2623.00
21 34 883.00
21 35 883.00
21 36 883.00
21 37 1564.00
21 38 1564.00
21 39 1564.00
21 40 950.00
21 41 950.00
21 42 950.00
21 43 1257.00
21 44 1257.00
21 45 1257.00
21 46 789.00
21 47 789.00
21 48 789.00
21 49 1889.00
21 50 1889.00
21 51 1889.00
21 52 2686.00
21 53 2686.00
21 54 2686.00
21 55 2229.00
21 56 2229.00
21 57 2229.00
21 58 2680.00
21 59 2680.00
21 60 2680.00
21 61 974.00
21 62 974.00
21 63 974.00
21 64 364.00
21 65 364.00
21 66 364.00
21 67 713.00
21 68 713.00
21 69 713.00
21 70 2198.00
21 71 2198.00
21 72 2198.00
22 23 0.00
22 24 0.00
22 25 203.00
22 26 203.00
22 27 203.00
22 28 2937.00
22 29 2937.00
22 30 2937.00
22 31 861.00
22 32 861.00
22 33 861.00
22 34 2324.00
22 35 2324.00
22 36 2324.00
22 37 1226.00
22 38 1226.00
22 39 1226.00
22 40 1571.00
22 41 1571.00
22 42 1571.00
22 43 1186.00
22 44 1186.00
22 45 1186.00
22 46 3116.00
22 47 3116.00
22 48 3116.00
22 49 559.00
22 50 559.00
22 51 559.00
22 52 805.00
22 53 805.00
22 54 805.00
22 55 275.00
22 56 275.00
22 57 275.00
22 58 523.00
22 59 523.00
22 60 523.00
22 61 3364.00
22 62 3364.00
22 63 3364.00
22 64 2778.00
22 65 2778.00
22 66 2778.00
22 67 2183.00
22 68 2183.00
22 69 2183.00
22 70 310.00
22 71 310.00
22 72 310.00
23 24 0.00
23 25 203.00
23 26 203.00
23 27 203.00
23 28 2937.00
23 29 2937.00
23 30 2937.00
23 31 861.00
23 32 861.00
23 33 861.00
23 34 2324.00
23 35 2324.00
23 36 2324.00
23 37 1226.00
23 38 1226.00
23 39 1226.00
23 40 1571.00
23 41 1571.00
23 42 1571.00
23 43 1186.00
23 44 1186.00
23 45 1186.00
23 46 3116.00
23 47 3116.00
23 48 3116.00
23 49 559.00
23 50 559.00
23 51 559.00
23 52 805.00
23 53 805.00
23 54 805.00
23 55 275.00
23 56 275.00
23 57 275.00
23 58 523.00
23 59 523.00
23 60 523.00
23 61 3364.00
23 62 3364.00
23 63 3364.00
23 64 2778.00
23 65 2778.00
23 66 2778.00
23 67 2183.00
23 68 2183.00
23 69 2183.00
23 70 310.00
23 71 310.00
23 72 310.00
24 25 203.00
24 26 203.00
24 27 203.00
24 28 2937.00
24 29 2937.00
24 30 2937.00
24 31 861.00
24 32 861.00
24 33 861.00
24 34 2324.00
24 35 2324.00
24 36 2324.00
24 37 1226.00
24 38 1226.00
24 39 1226.00
24 40 1571.00
24 41 1571.00
24 42 1571.00
24 43 1186.00
24 44 1186.00
24 45 1186.00
24 46 3116.00
24 47 3116.00
24 48 3116.00
24 49 559.00
24 50 559.00
24 51 559.00
24 52 805.00
24 53 805.00
24 54 805.00
24 55 275.00
24 56 275.00
24 57 275.00
24 58 523.00
24 59 523.00
24 60 523.00
24 61 3364.00
24 62 3364.00
24 63 3364.00
24 64 2778.00
24 65 2778.00
24 66 2778.00
24 67 2183.00
24 68 2183.00
24 69 2183.00
24 70 310.00
24 71 310.00
24 72 310.00
25 26 0.00
25 27 0.00
25 28 3061.00
25 29 3061.00
25 30 3061.00
25 31 688.00
25 32 688.00
25 33 688.00
25 34 2487.00
25 35 2487.00
25 36 2487.00
25 37 1233.00
25 38 1233.00
25 39 1233.00
25 40 1714.00
25 41 1714.00
25 42 1714.00
25 43 1316.00
25 44 1316.00
25 45 1316.00
25 46 3247.00
25 47 3247.00
25 48 3247.00
25 49 654.00
25 50 654.00
25 51 654.00
25 52 968.00
25 53 968.00
25 54 968.00
25 55 315.00
25 56 315.00
25 57 315.00
25 58 324.00
25 59 324.00
25 60 324.00
25 61 3455.00
25 62 3455.00
25 63 3455.00
25 64 2879.00
25 65 2879.00
25 66 2879.00
25 67 2336.00
25 68 2336.00
25 69 2336.00
25 70 347.00
25 71 347.00
25 72 347.00
26 27 0.00
26 28 3061.00
26 29 3061.00
26 30 3061.00
26 31 688.00
26 32 688.00
26 33 688.00
26 34 2487.00
26 35 2487.00
26 36 2487.00
26 37 1233.00
26 38 1233.00
26 39 1233.00
26 40 1714.00
26 41 1714.00
26 42 1714.00
26 43 1316.00
26 44 1316.00
26 45 1316.00
26 46 3247.00
26 47 3247.00
26 48 3247.00
26 49 654.00
26 50 654.00
26 51 654.00
26 52 968.00
26 53 968.00
26 54 968.00
26 55 315.00
26 56 315.00
26 57 315.00
26 58 324.00
26 59 324.00
26 60 324.00
26 61 3455.00
26 62 3455.00
26 63 3455.00
26 64 2879.00
26 65 2879.00
26 66 2879.00
26 67 2336.00
26 68 2336.00
26 69 2336.00
26 70 347.00
26 71 347.00
26 72 347.00
27 28 3061.00
27 29 3061.00
27 30 3061.00
27 31 688.00
27 32 688.00
27 33 688.00
27 34 2487.00
27 35 2487.00
27 36 2487.00
27 37 1233.00
27 38 1233.00
27 39 1233.00
27 40 1714.00
27 41 1714.00
27 42 1714.00
27 43 1316.00
27 44 1316.00
27 45 1316.00
27 46 3247.00
27 47 3247.00
27 48 3247.00
27 49 654.00
27 50 654.00
27 51 654.00
27 52 968.00
27 53 968.00
27 54 968.00
27 55 315.00
27 56 315.00
27 57 315.00
27 58 324.00
27 59 324.00
27 60 324.00
27 61 3455.00
27 62 3455.00
27 63 3455.00
27 64 2879.00
27 65 2879.00
27 66 2879.00
27 67 2336.00
27 68 2336.00
27 69 2336.00
27 70 347.00
27 71 347.00
27 72 347.00
28 29 0.00
28 30 0.00
28 31 3179.00
28 32 3179.00
28 33 3179.00
28 34 945.00
28 35 945.00
28 36 945.00
28 37 2127.00
28 38 2127.00
28 39 2127.00
28 40 1386.00
28 41 1386.00
28 42 1386.00
28 43 1751.00
28 44 1751.00
28 45 1751.00
28 46 231.00
28 47 231.00
28 48 231.00
28 49 2409.00
28 50 2409.00
28 51 2409.00
28 52 3100.00
28 53 3100.00
28 54 3100.00
28 55 2751.00
28 56 2751.00
28 57 2751.00
28 58 3219.00
28 59 3219.00
28 60 3219.00
28 61 744.00
28 62 744.00
28 63 744.00
28 64 429.00
28 65 429.00
28 66 429.00
28 67 902.00
28 68 902.00
28 69 902.00
28 70 2722.00
28 71 2722.00
28 72 2722.00
29 30 0.00
29 31 3179.00
29 32 3179.00
29 33 3179.00
29 34 945.00
29 35 945.00
29 36 945.00
29 37 2127.00
29 38 2127.00
29 39 2127.00
29 40 1386.00
29 41 1386.00
29 42 1386.00
29 43 1751.00
29 44 1751.00
29 45 1751.00
29 46 231.00
29 47 231.00
29 48 231.00
29 49 2409.00
29 50 2409.00
29 51 2409.00
29 52 3100.00
29 53 3100.00
29 54 3100.00
29 55 2751.00
29 56 2751.00
29 57 2751.00
29 58 3219.00
29 59 3219.00
29 60 3219.00
29 61 744.00
29 62 744.00
29 63 744.00
29 64 429.00
29 65 429.00
29 66 429.00
29 67 902.00
29 68 902.00
29 69 902.00
29 70 2722.00
29 71 2722.00
29 72 2722.00
30 31 3179.00
30 32 3179.00
30 33 3179.00
30 34 945.00
30 35 945.00
30 36 945.00
30 37 2127.00
30 38 2127.00
30 39 2127.00
30 40 1386.00
30 41 1386.00
30 42 1386.00
30 43 1751.00
30 44 1751.00
30 45 1751.00
30 46 231.00
30 47 231.00
30 48 231.00
30 49 2409.00
30 50 2409.00
30 51 2409.00
30 52 3100.00
30 53 3100.00
30 54 3100.00
30 55 2751.00
30 56 2751.00
30 57 2751.00
30 58 3219.00
30 59 3219.00
30 60 3219.00
30 61 744.00
30 62 744.00
30 63 744.00
30 64 429.00
30 65 429.00
30 66 429.00
30 67 902.00
30 68 902.00
30 69 902.00
30 70 2722.00
30 71 2722.00
30 72 2722.00
31 32 0.00
31 33 0.00
31 34 2790.00
31 35 2790.00
31 36 2790.00
31 37 1083.00
31 38 1083.00
31 39 1083.00
31 40 1974.00
31 41 1974.00
31 42 1974.00
31 43 1564.00
31 44 1564.00
31 45 1564.00
31 46 3390.00
31 47 3390.00
31 48 3390.00
31 49 952.00
31 50 952.00
31 51 952.00
31 52 1656.00
31 53 1656.00
31 54 1656.00
31 55 730.00
31 56 730.00
31 57 730.00
31 58 410.00
31 59 410.00
31 60 410.00
31 61 3433.00
31 62 3433.00
31 63 3433.00
31 64 2914.00
31 65 2914.00
31 66 2914.00
31 67 2602.00
31 68 2602.00
31 69 2602.00
31 70 728.00
31 71 728.00
31 72 728.00
32 33 0.00
32 34 2790.00
32 35 2790.00
32 36 2790.00
32 37 1083.00
32 38 1083.00
32 39 1083.00
32 40 1974.00
32 41 1974.00
32 42 1974.00
32 43 1564.00
32 44 1564.00
32 45 1564.00
32 46 3390.00
32 47 3390.00
32 48 3390.00
32 49 952.00
32 50 952.00
32 51 952.00
32 52 1656.00
32 53 1656.00
32 54 1656.00
32 55 730.00
32 56 730.00
32 57 730.00
32 58 410.00
32 59 410.00
32 60 410.00
32 61 3433.00
32 62 3433.00
32 63 3433.00
32 64 2914.00
32 65 2914.00
32 66 2914.00
32 67 2602.00
32 68 2602.00
32 69 2602.00
32 70 728.00
32 71 728.00
32 72 728.00
33 34 2790.00
33 35 2790.00
33 36 2790.00
33 37 1083.00
33 38 1083.00
33 39 1083.00
33 40 1974.00
33 41 1974.00
33 42 1974.00
33 43 1564.00
33 44 1564.00
33 45 1564.00
33 46 3390.00
33 47 3390.00
33 48 3390.00
33 49 952.00
33 50 952.00
33 51 952.00
33 52 1656.00
33 53 1656.00
33 54 1656.00
33 55 730.00
33 56 730.00
33 57 730.00
33 58 410.00
33 59 410.00
33 60 410.00
33 61 3433.00
33 62 3433.00
33 63 3433.00
33 64 2914.00
33 65 2914.00
33 66 2914.00
33 67 2602.00
33 68 2602.00
33 69 2602.00
33 70 728.00
33 71 728.00
33 72 728.00
34 35 0.00
34 36 0.00
34 37 1900.00
34 38 1900.00
34 39 1900.00
34 40 817.00
34 41 817.00
34 42 817.00
34 43 1227.00
34 44 1227.00
34 45 1227.00
34 46 1000.00
34 47 1000.00
34 48 1000.00
34 49 1880.00
34 50 1880.00
34 51 1880.00
34 52 2300.00
34 53 2300.00
34 54 2300.00
34 55 2204.00
34 56 2204.00
34 57 2204.00
34 58 2714.00
34 59 2714.00
34 60 2714.00
34 61 1667.00
34 62 1667.00
34 63 1667.00
34 64 1142.00
34 65 1142.00
34 66 1142.00
34 67 229.00
34 68 229.00
34 69 229.00
34 70 2183.00
34 71 2183.00
34 72 2183.00
35 36 0.00
35 37 1900.00
35 38 1900.00
35 39 1900.00
35 40 817.00
35 41 817.00
35 42 817.00
35 43 1227.00
35 44 1227.00
35 45 1227.00
35 46 1000.00
35 47 1000.00
35 48 1000.00
35 49 1880.00
35 50 1880.00
35 51 1880.00
35 52 2300.00
35 53 2300.00
35 54 2300.00
35 55 2204.00
35 56 2204.00
35 57 2204.00
35 58 2714.00
35 59 2714.00
35 60 2714.00
35 61 1667.00
35 62 1667.00
35 63 1667.00
35 64 1142.00
35 65 1142.00
35 66 1142.00
35 67 229.00
35 68 229.00
35 69 229.00
35 70 2183.00
35 71 2183.00
35 72 2183.00
36 37 1900.00
36 38 1900.00
36 39 1900.00
36 40 817.00
36 41 817.00
36 42 817.00
36 43 1227.00
36 44 1227.00
36 45 1227.00
36 46 1000.00
36 47 1000.00
36 48 1000.00
36 49 1880.00
36 50 1880.00
36 51 1880.00
36 52 2300.00
36 53 2300.00
36 54 2300.00
36 55 2204.00
36 56 2204.00
36 57 2204.00
36 58 2714.00
36 59 2714.00
36 60 2714.00
36 61 1667.00
36 62 1667.00
36 63 1667.00
36 64 1142.00
36 65 1142.00
36 66 1142.00
36 67 229.00
36 68 229.00
36 69 229.00
36 70 2183.00
36 71 2183.00
36 72 2183.00
37 38 0.00
37 39 0.00
37 40 1121.00
37 41 1121.00
37 42 1121.00
37 43 803.00
37 44 803.00
37 45 803.00
37 46 2347.00
37 47 2347.00
37 48 2347.00
37 49 736.00
37 50 736.00
37 51 736.00
37 52 1870.00
37 53 1870.00
37 54 1870.00
37 55 953.00
37 56 953.00
37 57 953.00
37 58 1242.00
37 59 1242.00
37 60 1242.00
37 61 2350.00
37 62 2350.00
37 63 2350.00
37 64 1837.00
37 65 1837.00
37 66 1837.00
37 67 1684.00
37 68 1684.00
37 69 1684.00
37 70 918.00
37 71 918.00
37 72 918.00
38 39 0.00
38 40 1121.00
38 41 1121.00
38 42 1121.00
38 43 803.00
38 44 803.00
38 45 803.00
38 46 2347.00
38 47 2347.00
38 48 2347.00
38 49 736.00
38 50 736.00
38 51 736.00
38 52 1870.00
38 53 1870.00
38 54 1870.00
38 55 953.00
38 56 953.00
38 57 953.00
38 58 1242.00
38 59 1242.00
38 60 1242.00
38 61 2350.00
38 62 2350.00
38 63 2350.00
38 64 1837.00
38 65 1837.00
38 66 1837.00
38 67 1684.00
38 68 1684.00
38 69 1684.00
38 70 918.00
38 71 918.00
38 72 918.00
39 40 1121.00
39 41 1121.00
39 42 1121.00
39 43 803.00
39 44 803.00
39 45 803.00
39 46 2347.00
39 47 2347.00
39 48 2347.00
39 49 736.00
39 50 736.00
39 51 736.00
39 52 1870.00
39 53 1870.00
39 54 1870.00
39 55 953.00
39 56 953.00
39 57 953.00
39 58 1242.00
39 59 1242.00
39 60 1242.00
39 61 2350.00
39 62 2350.00
39 63 2350.00
39 64 1837.00
39 65 1837.00
39 66 1837.00
39 67 1684.00
39 68 1684.00
39 69 1684.00
39 70 918.00
39 71 918.00
39 72 918.00
40 41 0.00
40 42 0.00
40 43 414.00
40 44 414.00
40 45 414.00
40 46 1551.00
40 47 1551.00
40 48 1551.00
40 49 1082.00
40 50 1082.00
40 51 1082.00
40 52 1738.00
40 53 1738.00
40 54 1738.00
40 55 1417.00
40 56 1417.00
40 57 1417.00
40 58 1917.00
40 59 1917.00
40 60 1917.00
40 61 1923.00
40 62 1923.00
40 63 1923.00
40 64 1314.00
40 65 1314.00
40 66 1314.00
40 67 632.00
40 68 632.00
40 69 632.00
40 70 1392.00
40 71 1392.00
40 72 1392.00
41 42 0.00
41 43 414.00
41 44 414.00
41 45 414.00
41 46 1551.00
41 47 1551.00
41 48 1551.00
41 49 1082.00
41 50 1082.00
41 51 1082.00
41 52 1738.00
41 53 1738.00
41 54 1738.00
41 55 1417.00
41 56 1417.00
41 57 1417.00
41 58 1917.00
41 59 1917.00
41 60 1917.00
41 61 1923.00
41 62 1923.00
41 63 1923.00
41 64 1314.00
41 65 1314.00
41 66 1314.00
41 67 632.00
41 68 632.00
41 69 632.00
41 70 1392.00
41 71 1392.00
41 72 1392.00
42 43 414.00
42 44 414.00
42 45 414.00
42 46 1551.00
42 47 1551.00
42 48 1551.00
42 49 1082.00
42 50 1082.00
42 51 1082.00
42 52 1738.00
42 53 1738.00
42 54 1738.00
42 55 1417.00
42 56 1417.00
42 57 1417.00
42 58 1917.00
42 59 1917.00
42 60 1917.00
42 61 1923.00
42 62 1923.00
42 63 1923.00
42 64 1314.00
42 65 1314.00
42 66 1314.00
42 67 632.00
42 68 632.00
42 69 632.00
42 70 1392.00
42 71 1392.00
42 72 1392.00
43 44 0.00
43 45 0.00
43 46 1933.00
43 47 1933.00
43 48 1933.00
43 49 672.00
43 50 672.00
43 51 672.00
43 52 1481.00
43 53 1481.00
43 54 1481.00
43 55 1011.00
43 56 1011.00
43 57 1011.00
43 58 1506.00
43 59 1506.00
43 60 1506.00
43 61 2212.00
43 62 2212.00
43 63 2212.00
43 64 1612.00
43 65 1612.00
43 66 1612.00
43 67 1046.00
43 68 1046.00
43 69 1046.00
43 70 985.00
43 71 985.00
43 72 985.00
44 45 0.00
44 46 1933.00
44 47 1933.00
44 48 1933.00
44 49 672.00
44 50 672.00
44 51 672.00
44 52 1481.00
44 53 1481.00
44 54 1481.00
44 55 1011.00
44 56 1011.00
44 57 1011.00
44 58 1506.00
44 59 1506.00
44 60 1506.00
44 61 2212.00
44 62 2212.00
44 63 2212.00
44 64 1612.00
44 65 1612.00
44 66 1612.00
44 67 1046.00
44 68 1046.00
44 69 1046.00
44 70 985.00
44 71 985.00
44 72 985.00
45 46 1933.00
45 47 1933.00
45 48 1933.00
45 49 672.00
45 50 672.00
45 51 672.00
45 52 1481.00
45 53 1481.00
45 54 1481.00
45 55 1011.00
45 56 1011.00
45 57 1011.00
45 58 1506.00
45 59 1506.00
45 60 1506.00
45 61 2212.00
45 62 2212.00
45 63 2212.00
45 64 1612.00
45 65 1612.00
45 66 1612.00
45 67 1046.00
45 68 1046.00
45 69 1046.00
45 70 985.00
45 71 985.00
45 72 985.00
46 47 0.00
46 48 0.00
46 49 2598.00
46 50 2598.00
46 51 2598.00
46 52 3236.00
46 53 3236.00
46 54 3236.00
46 55 2940.00
46 56 2940.00
46 57 2940.00
46 58 3416.00
46 59 3416.00
46 60 3416.00
46 61 822.00
46 62 822.00
46 63 822.00
46 64 648.00
46 65 648.00
46 66 648.00
46 67 1009.00
46 68 1009.00
46 69 1009.00
46 70 2912.00
46 71 2912.00
46 72 2912.00
47 48 0.00
47 49 2598.00
47 50 2598.00
47 51 2598.00
47 52 3236.00
47 53 3236.00
47 54 3236.00
47 55 2940.00
47 56 2940.00
47 57 2940.00
47 58 3416.00
47 59 3416.00
47 60 3416.00
47 61 822.00
47 62 822.00
47 63 822.00
47 64 648.00
47 65 648.00
47 66 648.00
47 67 1009.00
47 68 1009.00
47 69 1009.00
47 70 2912.00
47 71 2912.00
47 72 2912.00
48 49 2598.00
48 50 2598.00
48 51 2598.00
48 52 3236.00
48 53 3236.00
48 54 3236.00
48 55 2940.00
48 56 2940.00
48 57 2940.00
48 58 3416.00
48 59 3416.00
48 60 3416.00
48 61 822.00
48 62 822.00
48 63 822.00
48 64 648.00
48 65 648.00
48 66 648.00
48 67 1009.00
48 68 1009.00
48 69 1009.00
48 70 2912.00
48 71 2912.00
48 72 2912.00
49 50 0.00
49 51 0.00
49 52 1134.00
49 53 1134.00
49 54 1134.00
49 55 342.00
49 56 342.00
49 57 342.00
49 58 836.00
49 59 836.00
49 60 836.00
49 61 2809.00
49 62 2809.00
49 63 2809.00
49 64 2228.00
49 65 2228.00
49 66 2228.00
49 67 1712.00
49 68 1712.00
49 69 1712.00
49 70 314.00
49 71 314.00
49 72 314.00
50 51 0.00
50 52 1134.00
50 53 1134.00
50 54 1134.00
50 55 342.00
50 56 342.00
50 57 342.00
50 58 836.00
50 59 836.00
50 60 836.00
50 61 2809.00
50 62 2809.00
50 63 2809.00
50 64 2228.00
50 65 2228.00
50 66 2228.00
50 67 1712.00
50 68 1712.00
50 69 1712.00
50 70 314.00
50 71 314.00
50 72 314.00
51 52 1134.00
51 53 1134.00
51 54 1134.00
51 55 342.00
51 56 342.00
51 57 342.00
51 58 836.00
51 59 836.00
51 60 836.00
51 61 2809.00
51 62 2809.00
51 63 2809.00
51 64 2228.00
51 65 2228.00
51 66 2228.00
51 67 1712.00
51 68 1712.00
51 69 1712.00
51 70 314.00
51 71 314.00
51 72 314.00
52 53 0.00
52 54 0.00
52 55 1029.00
52 56 1029.00
52 57 1029.00
52 58 1277.00
52 59 1277.00
52 60 1277.00
52 61 3659.00
52 62 3659.00
52 63 3659.00
52 64 3050.00
52 65 3050.00
52 66 3050.00
52 67 2231.00
52 68 2231.00
52 69 2231.00
52 70 1054.00
52 71 1054.00
52 72 1054.00
53 54 0.00
53 55 1029.00
53 56 1029.00
53 57 1029.00
53 58 1277.00
53 59 1277.00
53 60 1277.00
53 61 3659.00
53 62 3659.00
53 63 3659.00
53 64 3050.00
53 65 3050.00
53 66 3050.00
53 67 2231.00
53 68 2231.00
53 69 2231.00
53 70 1054.00
53 71 1054.00
53 72 1054.00
54 55 1029.00
54 56 1029.00
54 57 1029.00
54 58 1277.00
54 59 1277.00
54 60 1277.00
54 61 3659.00
54 62 3659.00
54 63 3659.00
54 64 3050.00
54 65 3050.00
54 66 3050.00
54 67 2231.00
54 68 2231.00
54 69 2231.00
54 70 1054.00
54 71 1054.00
54 72 1054.00
55 56 0.00
55 57 0.00
55 58 515.00
55 59 515.00
55 60 515.00
55 61 3141.00
55 62 3141.00
55 63 3141.00
55 64 2565.00
55 65 2565.00
55 66 2565.00
55 67 2044.00
55 68 2044.00
55 69 2044.00
55 70 35.00
55 71 35.00
55 72 35.00
56 57 0.00
56 58 515.00
56 59 515.00
56 60 515.00
56 61 3141.00
56 62 3141.00
56 63 3141.00
56 64 2565.00
56 65 2565.00
56 66 2565.00
56 67 2044.00
56 68 2044.00
56 69 2044.00
56 70 35.00
56 71 35.00
56 72 35.00
57 58 515.00
57 59 515.00
57 60 515.00
57 61 3141.00
57 62 3141.00
57 63 3141.00
57 64 2565.00
57 65 2565.00
57 66 2565.00
57 67 2044.00
57 68 2044.00
57 69 2044.00
57 70 35.00
57 71 35.00
57 72 35.00
58 59 0.00
58 60 0.00
58 61 3554.00
58 62 3554.00
58 63 3554.00
58 64 3000.00
58 65 3000.00
58 66 3000.00
58 67 2548.00
58 68 2548.00
58 69 2548.00
58 70 533.00
58 71 533.00
58 72 533.00
59 60 0.00
59 61 3554.00
59 62 3554.00
59 63 3554.00
59 64 3000.00
59 65 3000.00
59 66 3000.00
59 67 2548.00
59 68 2548.00
59 69 2548.00
59 70 533.00
59 71 533.00
59 72 533.00
60 61 3554.00
60 62 3554.00
60 63 3554.00
60 64 3000.00
60 65 3000.00
60 66 3000.00
60 67 2548.00
60 68 2548.00
60 69 2548.00
60 70 533.00
60 71 533.00
60 72 533.00
61 62 0.00
61 63 0.00
61 64 610.00
61 65 610.00
61 66 610.00
61 67 1581.00
61 68 1581.00
61 69 1581.00
61 70 3108.00
61 71 3108.00
61 72 3108.00
62 63 0.00
62 64 610.00
62 65 610.00
62 66 610.00
62 67 1581.00
62 68 1581.00
62 69 1581.00
62 70 3108.00
62 71 3108.00
62 72 3108.00
63 64 610.00
63 65 610.00
63 66 610.00
63 67 1581.00
63 68 1581.00
63 69 1581.00
63 70 3108.00
63 71 3108.00
63 72 3108.00
64 65 0.00
64 66 0.00
64 67 1015.00
64 68 1015.00
64 69 1015.00
64 70 2533.00
64 71 2533.00
64 72 2533.00
65 66 0.00
65 67 1015.00
65 68 1015.00
65 69 1015.00
65 70 2533.00
65 71 2533.00
65 72 2533.00
66 67 1015.00
66 68 1015.00
66 69 1015.00
66 70 2533.00
66 71 2533.00
66 72 2533.00
67 68 0.00
67 69 0.00
67 70 2021.00
67 71 2021.00
67 72 2021.00
68 69 0.00
68 70 2021.00
68 71 2021.00
68 72 2021.00
69 70 2021.00
69 71 2021.00
69 72 2021.00
70 71 0.00
70 72 0.00
71 72 0.00

1 1 0 0 0 1 0 0 0 0 1 0 1 0 0 0 0 0 0 0 0 0 0 1 0 0 1 0 1 0 1 0 0 0 0 1 0 1 0 0 0 0 0 0 0 0 0 0 0 0 0 0 0 0 0 0 0 0 0 0 0 0 1 0 0 0 0 1 0 0 0 0 0 0 0 1
2 1 0 0 0 1 0 0 0 0 1 0 1 0 0 0 0 0 0 0 0 0 0 1 0 0 1 0 1 0 1 0 0 0 0 1 0 1 0 0 0 0 0 0 0 0 0 0 0 0 0 0 0 0 0 0 0 0 0 0 0 0 1 0 0 0 0 1 0 0 0 0 0 0 0 1
3 1 0 0 0 1 0 0 0 0 1 0 1 0 0 0 0 0 0 0 0 0 0 1 0 0 1 0 1 0 1 0 0 0 0 1 0 1 0 0 0 0 0 0 0 0 0 0 0 0 0 0 0 0 0 0 0 0 0 0 0 0 1 0 0 0 0 1 0 0 0 0 0 0 0 1
4 1 0 0 0 0 0 0 0 0 1 0 1 0 1 1 0 0 1 1 0 0 0 0 0 0 1 0 1 1 1 0 0 0 1 1 0 1 1 1 0 0 0 0 0 0 1 0 0 0 0 0 1 0 0 0 0 1 1 0 1 1 1 0 0 0 1 1 1 0 0 1 0 0 0 0
5 1 0 0 0 0 0 0 0 0 1 0 1 0 1 1 0 0 1 1 0 0 0 0 0 0 1 0 1 1 1 0 0 0 1 1 0 1 1 1 0 0 0 0 0 0 1 0 0 0 0 0 1 0 0 0 0 1 1 0 1 1 1 0 0 0 1 1 1 0 0 1 0 0 0 0
6 1 0 0 0 0 0 0 0 0 1 0 1 0 1 1 0 0 1 1 0 0 0 0 0 0 1 0 1 1 1 0 0 0 1 1 0 1 1 1 0 0 0 0 0 0 1 0 0 0 0 0 1 0 0 0 0 1 1 0 1 1 1 0 0 0 1 1 1 0 0 1 0 0 0 0
7 0 0 0 0 0 0 0 0 0 1 0 1 0 1 1 0 0 1 1 0 0 0 0 0 0 0 0 1 1 0 0 0 0 1 1 0 1 1 1 0 0 0 0 0 0 1 0 1 0 0 0 1 0 0 0 0 0 1 0 1 1 0 0 0 0 1 0 1 0 0 1 0 0 0 0
8 0 0 0 0 0 0 0 0 0 1 0 1 0 1 1 0 0 1 1 0 0 0 0 0 0 0 0 1 1 0 0 0 0 1 1 0 1 1 1 0 0 0 0 0 0 1 0 1 0 0 0 1 0 0 0 0 0 1 0 1 1 0 0 0 0 1 0 1 0 0 1 0 0 0 0
9 0 0 0 0 0 0 0 0 0 1 0 1 0 1 1 0 0 1 1 0 0 0 0 0 0 0 0 1 1 0 0 0 0 1 1 0 1 1 1 0 0 0 0 0 0 1 0 1 0 0 0 1 0 0 0 0 0 1 0 1 1 0 0 0 0 1 0 1 0 0 1 0 0 0 0
10 1 0 0 0 1 0 0 0 0 1 0 1 0 0 1 0 0 1 1 0 0 0 1 0 0 1 0 1 0 1 0 0 0 1 1 0 1 0 1 0 0 0 0 0 0 1 0 0 0 0 0 1 0 0 0 0 1 1 0 1 0 1 0 0 0 0 1 1 0 0 0 0 0 0 1
11 1 0 0 0 1 0 0 0 0 1 0 1 0 0 1 0 0 1 1 0 0 0 1 0 0 1 0 1 0 1 0 0 0 1 1 0 1 0 1 0 0 0 0 0 0 1 0 0 0 0 0 1 0 0 0 0 1 1 0 1 0 1 0 0 0 0 1 1 0 0 0 0 0 0 1
12 1 0 0 0 1 0 0 0 0 1 0 1 0 0 1 0 0 1 1 0 0 0 1 0 0 1 0 1 0 1 0 0 0 1 1 0 1 0 1 0 0 0 0 0 0 1 0 0 0 0 0 1 0 0 0 0 1 1 0 1 0 1 0 0 0 0 1 1 0 0 0 0 0 0 1
13 1 0 0 0 0 0 0 0 0 0 0 1 0 0 1 0 0 1 1 0 0 1 0 0 0 0 0 1 1 1 0 0 0 1 1 0 1 1 1 1 0 0 1 0 0 1 0 0 0 0 0 1 0 0 0 0 1 1 0 1 1 1 0 0 0 1 1 1 0 0 1 0 0 0 0
14 1 0 0 0 0 0 0 0 0 0 0 1 0 0 1 0 0 1 1 0 0 1 0 0 0 0 0 1 1 1 0 0 0 1 1 0 1 1 1 1 0 0 1 0 0 1 0 0 0 0 0 1 0 0 0 0 1 1 0 1 1 1 0 0 0 1 1 1 0 0 1 0 0 0 0
15 1 0 0 0 0 0 0 0 0 0 0 1 0 0 1 0 0 1 1 0 0 1 0 0 0 0 0 1 1 1 0 0 0 1 1 0 1 1 1 1 0 0 1 0 0 1 0 0 0 0 0 1 0 0 0 0 1 1 0 1 1 1 0 0 0 1 1 1 0 0 1 0 0 0 0
16 0 0 0 1 0 1 0 0 0 0 1 0 0 0 0 0 1 0 0 0 1 0 0 0 0 0 1 0 0 0 0 1 1 0 0 1 0 0 0 0 1 1 0 0 0 0 1 0 1 1 1 0 1 0 1 0 0 0 0 0 0 0 0 0 0 0 0 0 0 0 0 0 0 1 0
17 0 0 0 1 0 1 0 0 0 0 1 0 0 0 0 0 1 0 0 0 1 0 0 0 0 0 1 0 0 0 0 1 1 0 0 1 0 0 0 0 1 1 0 0 0 0 1 0 1 1 1 0 1 0 1 0 0 0 0 0 0 0 0 0 0 0 0 0 0 0 0 0 0 1 0
18 0 0 0 1 0 1 0 0 0 0 1 0 0 0 0 0 1 0 0 0 1 0 0 0 0 0 1 0 0 0 0 1 1 0 0 1 0 0 0 0 1 1 0 0 0 0 1 0 1 1 1 0 1 0 1 0 0 0 0 0 0 0 0 0 0 0 0 0 0 0 0 0 0 1 0
19 0 1 0 0 0 0 0 0 1 0 0 0 1 0 0 1 1 0 0 0 1 0 0 0 1 0 1 0 0 0 0 0 0 0 0 1 0 0 0 0 1 0 0 1 1 0 0 0 1 0 1 0 0 1 0 1 0 0 1 0 0 0 1 1 1 0 0 0 1 0 0 0 0 0 0
20 0 1 0 0 0 0 0 0 1 0 0 0 1 0 0 1 1 0 0 0 1 0 0 0 1 0 1 0 0 0 0 0 0 0 0 1 0 0 0 0 1 0 0 1 1 0 0 0 1 0 1 0 0 1 0 1 0 0 1 0 0 0 1 1 1 0 0 0 1 0 0 0 0 0 0
21 0 1 0 0 0 0 0 0 1 0 0 0 1 0 0 1 1 0 0 0 1 0 0 0 1 0 1 0 0 0 0 0 0 0 0 1 0 0 0 0 1 0 0 1 1 0 0 0 1 0 1 0 0 1 0 1 0 0 1 0 0 0 1 1 1 0 0 0 1 0 0 0 0 0 0
22 1 0 1 0 0 0 0 0 0 0 0 1 0 0 1 0 0 0 0 0 0 1 1 0 0 1 0 1 0 1 1 0 0 1 1 0 1 0 1 0 0 0 0 0 0 0 0 0 0 0 0 0 0 0 0 0 1 1 0 1 0 1 0 0 0 0 1 0 0 1 0 0 0 0 0
23 1 0 1 0 0 0 0 0 0 0 0 1 0 0 1 0 0 0 0 0 0 1 1 0 0 1 0 1 0 1 1 0 0 1 1 0 1 0 1 0 0 0 0 0 0 0 0 0 0 0 0 0 0 0 0 0 1 1 0 1 0 1 0 0 0 0 1 0 0 1 0 0 0 0 0
24 1 0 1 0 0 0 0 0 0 0 0 1 0 0 1 0 0 0 0 0 0 1 1 0 0 1 0 1 0 1 1 0 0 1 1 0 1 0 1 0 0 0 0 0 0 0 0 0 0 0 0 0 0 0 0 0 1 1 0 1 0 1 0 0 0 0 1 0 0 1 0 0 0 0 0
25 1 0 1 0 0 0 0 0 0 0 0 0 0 0 1 0 0 0 0 0 0 1 0 0 0 0 0 1 0 1 1 0 0 1 0 0 0 0 0 0 0 0 0 0 0 0 0 0 0 0 0 0 0 0 0 0 1 1 0 1 0 1 0 0 0 0 1 0 0 1 0 0 0 0 0
26 1 0 1 0 0 0 0 0 0 0 0 0 0 0 1 0 0 0 0 0 0 1 0 0 0 0 0 1 0 1 1 0 0 1 0 0 0 0 0 0 0 0 0 0 0 0 0 0 0 0 0 0 0 0 0 0 1 1 0 1 0 1 0 0 0 0 1 0 0 1 0 0 0 0 0
27 1 0 1 0 0 0 0 0 0 0 0 0 0 0 1 0 0 0 0 0 0 1 0 0 0 0 0 1 0 1 1 0 0 1 0 0 0 0 0 0 0 0 0 0 0 0 0 0 0 0 0 0 0 0 0 0 1 1 0 1 0 1 0 0 0 0 1 0 0 1 0 0 0 0 0
28 0 1 0 0 0 0 1 0 1 0 0 0 1 0 0 0 1 0 0 0 1 0 0 1 1 0 1 0 0 0 0 0 0 0 0 0 0 0 0 0 1 0 0 0 1 0 0 0 0 0 0 0 0 0 0 1 0 0 0 0 0 0 1 1 1 0 0 0 1 0 0 1 1 0 0
29 0 1 0 0 0 0 1 0 1 0 0 0 1 0 0 0 1 0 0 0 1 0 0 1 1 0 1 0 0 0 0 0 0 0 0 0 0 0 0 0 1 0 0 0 1 0 0 0 0 0 0 0 0 0 0 1 0 0 0 0 0 0 1 1 1 0 0 0 1 0 0 1 1 0 0
30 0 1 0 0 0 0 1 0 1 0 0 0 1 0 0 0 1 0 0 0 1 0 0 1 1 0 1 0 0 0 0 0 0 0 0 0 0 0 0 0 1 0 0 0 1 0 0 0 0 0 0 0 0 0 0 1 0 0 0 0 0 0 1 1 1 0 0 0 1 0 0 1 1 0 0
31 1 0 1 0 0 0 0 0 0 0 0 0 0 0 0 0 0 0 0 0 0 1 0 0 0 0 0 0 0 0 1 0 0 0 0 0 0 0 0 0 0 0 0 0 0 0 0 0 0 0 0 0 0 0 0 0 1 0 0 0 0 0 0 0 0 0 0 0 0 1 0 0 0 0 0
32 1 0 1 0 0 0 0 0 0 0 0 0 0 0 0 0 0 0 0 0 0 1 0 0 0 0 0 0 0 0 1 0 0 0 0 0 0 0 0 0 0 0 0 0 0 0 0 0 0 0 0 0 0 0 0 0 1 0 0 0 0 0 0 0 0 0 0 0 0 1 0 0 0 0 0
33 1 0 1 0 0 0 0 0 0 0 0 0 0 0 0 0 0 0 0 0 0 1 0 0 0 0 0 0 0 0 1 0 0 0 0 0 0 0 0 0 0 0 0 0 0 0 0 0 0 0 0 0 0 0 0 0 1 0 0 0 0 0 0 0 0 0 0 0 0 1 0 0 0 0 0
34 0 1 0 0 0 0 1 0 1 0 0 0 1 1 0 1 0 0 0 0 1 0 0 0 1 0 1 0 0 0 0 0 0 0 0 0 0 0 0 0 1 0 0 1 0 0 0 1 0 0 0 0 0 1 0 1 0 0 1 0 0 0 1 0 0 0 0 0 1 0 0 0 0 0 0
35 0 1 0 0 0 0 1 0 1 0 0 0 1 1 0 1 0 0 0 0 1 0 0 0 1 0 1 0 0 0 0 0 0 0 0 0 0 0 0 0 1 0 0 1 0 0 0 1 0 0 0 0 0 1 0 1 0 0 1 0 0 0 1 0 0 0 0 0 1 0 0 0 0 0 0
36 0 1 0 0 0 0 1 0 1 0 0 0 1 1 0 1 0 0 0 0 1 0 0 0 1 0 1 0 0 0 0 0 0 0 0 0 0 0 0 0 1 0 0 1 0 0 0 1 0 0 0 0 0 1 0 1 0 0 1 0 0 0 1 0 0 0 0 0 1 0 0 0 0 0 0
37 0 0 0 0 0 1 0 1 0 0 0 0 0 0 1 0 0 0 0 1 0 0 0 0 0 0 0 0 0 0 0 1 0 1 0 0 0 1 1 1 0 0 1 1 0 0 1 0 0 0 1 0 1 0 1 0 1 0 0 1 1 0 0 0 0 0 0 0 0 0 1 0 0 1 0
38 0 0 0 0 0 1 0 1 0 0 0 0 0 0 1 0 0 0 0 1 0 0 0 0 0 0 0 0 0 0 0 1 0 1 0 0 0 1 1 1 0 0 1 1 0 0 1 0 0 0 1 0 1 0 1 0 1 0 0 1 1 0 0 0 0 0 0 0 0 0 1 0 0 1 0
39 0 0 0 0 0 1 0 1 0 0 0 0 0 0 1 0 0 0 0 1 0 0 0 0 0 0 0 0 0 0 0 1 0 1 0 0 0 1 1 1 0 0 1 1 0 0 1 0 0 0 1 0 1 0 1 0 1 0 0 1 1 0 0 0 0 0 0 0 0 0 1 0 0 1 0
40 0 1 0 0 0 0 0 0 1 0 0 0 0 1 0 1 0 1 1 0 1 0 0 0 0 0 1 0 1 0 0 0 0 1 0 0 0 1 1 1 1 0 0 1 0 1 0 1 0 0 1 1 0 1 1 1 0 0 1 1 1 0 1 0 0 1 0 1 0 0 1 0 0 0 0
41 0 1 0 0 0 0 0 0 1 0 0 0 0 1 0 1 0 1 1 0 1 0 0 0 0 0 1 0 1 0 0 0 0 1 0 0 0 1 1 1 1 0 0 1 0 1 0 1 0 0 1 1 0 1 1 1 0 0 1 1 1 0 1 0 0 1 0 1 0 0 1 0 0 0 0
42 0 1 0 0 0 0 0 0 1 0 0 0 0 1 0 1 0 1 1 0 1 0 0 0 0 0 1 0 1 0 0 0 0 1 0 0 0 1 1 1 1 0 0 1 0 1 0 1 0 0 1 1 0 1 1 1 0 0 1 1 1 0 1 0 0 1 0 1 0 0 1 0 0 0 0
43 0 0 0 0 0 1 0 1 0 0 0 0 0 1 1 1 0 1 1 1 0 0 0 0 0 0 0 1 1 0 0 0 0 1 1 0 0 1 1 1 0 0 1 1 0 1 0 1 0 0 1 1 1 0 1 0 1 1 1 1 1 0 0 0 0 1 0 1 0 0 1 0 0 1 0
44 0 0 0 0 0 1 0 1 0 0 0 0 0 1 1 1 0 1 1 1 0 0 0 0 0 0 0 1 1 0 0 0 0 1 1 0 0 1 1 1 0 0 1 1 0 1 0 1 0 0 1 1 1 0 1 0 1 1 1 1 1 0 0 0 0 1 0 1 0 0 1 0 0 1 0
45 0 0 0 0 0 1 0 1 0 0 0 0 0 1 1 1 0 1 1 1 0 0 0 0 0 0 0 1 1 0 0 0 0 1 1 0 0 1 1 1 0 0 1 1 0 1 0 1 0 0 1 1 1 0 1 0 1 1 1 1 1 0 0 0 0 1 0 1 0 0 1 0 0 1 0
46 0 1 0 0 0 0 1 0 1 0 0 0 1 0 0 0 1 0 0 0 0 0 0 1 1 0 1 0 0 0 0 0 0 0 0 0 0 0 0 0 1 0 0 0 1 0 0 0 0 0 0 0 0 0 0 1 0 0 0 0 0 0 0 1 1 0 0 0 1 0 0 1 1 0 0
47 0 1 0 0 0 0 1 0 1 0 0 0 1 0 0 0 1 0 0 0 0 0 0 1 1 0 1 0 0 0 0 0 0 0 0 0 0 0 0 0 1 0 0 0 1 0 0 0 0 0 0 0 0 0 0 1 0 0 0 0 0 0 0 1 1 0 0 0 1 0 0 1 1 0 0
48 0 1 0 0 0 0 1 0 1 0 0 0 1 0 0 0 1 0 0 0 0 0 0 1 1 0 1 0 0 0 0 0 0 0 0 0 0 0 0 0 1 0 0 0 1 0 0 0 0 0 0 0 0 0 0 1 0 0 0 0 0 0 0 1 1 0 0 0 1 0 0 1 1 0 0
49 1 0 0 0 0 0 0 1 0 0 0 0 0 0 1 0 0 1 1 0 0 1 0 0 0 0 0 1 1 1 0 0 0 1 1 0 0 1 1 1 0 0 1 0 0 1 0 0 0 0 0 1 0 0 0 0 1 1 0 1 1 1 0 0 0 1 0 1 0 0 1 0 0 0 0
50 1 0 0 0 0 0 0 1 0 0 0 0 0 0 1 0 0 1 1 0 0 1 0 0 0 0 0 1 1 1 0 0 0 1 1 0 0 1 1 1 0 0 1 0 0 1 0 0 0 0 0 1 0 0 0 0 1 1 0 1 1 1 0 0 0 1 0 1 0 0 1 0 0 0 0
51 1 0 0 0 0 0 0 1 0 0 0 0 0 0 1 0 0 1 1 0 0 1 0 0 0 0 0 1 1 1 0 0 0 1 1 0 0 1 1 1 0 0 1 0 0 1 0 0 0 0 0 1 0 0 0 0 1 1 0 1 1 1 0 0 0 1 0 1 0 0 1 0 0 0 0
52 1 0 0 0 1 0 0 0 0 1 0 1 0 0 1 0 0 0 1 0 0 0 1 0 0 1 0 1 0 1 0 0 0 0 1 0 1 0 0 0 0 0 0 0 0 0 0 0 0 0 0 0 0 0 0 0 0 1 0 0 0 1 0 0 0 0 1 1 0 0 0 0 0 0 1
53 1 0 0 0 1 0 0 0 0 1 0 1 0 0 1 0 0 0 1 0 0 0 1 0 0 1 0 1 0 1 0 0 0 0 1 0 1 0 0 0 0 0 0 0 0 0 0 0 0 0 0 0 0 0 0 0 0 1 0 0 0 1 0 0 0 0 1 1 0 0 0 0 0 0 1
54 1 0 0 0 1 0 0 0 0 1 0 1 0 0 1 0 0 0 1 0 0 0 1 0 0 1 0 1 0 1 0 0 0 0 1 0 1 0 0 0 0 0 0 0 0 0 0 0 0 0 0 0 0 0 0 0 0 1 0 0 0 1 0 0 0 0 1 1 0 0 0 0 0 0 1
55 1 0 1 0 0 0 0 0 0 0 0 0 0 0 1 0 0 0 0 0 0 1 0 0 0 0 0 1 0 1 1 0 0 1 0 0 0 0 1 0 0 0 1 0 0 0 0 0 0 0 0 0 0 0 0 0 1 1 0 1 1 1 0 0 0 0 1 0 0 1 1 0 0 0 0
56 1 0 1 0 0 0 0 0 0 0 0 0 0 0 1 0 0 0 0 0 0 1 0 0 0 0 0 1 0 1 1 0 0 1 0 0 0 0 1 0 0 0 1 0 0 0 0 0 0 0 0 0 0 0 0 0 1 1 0 1 1 1 0 0 0 0 1 0 0 1 1 0 0 0 0
57 1 0 1 0 0 0 0 0 0 0 0 0 0 0 1 0 0 0 0 0 0 1 0 0 0 0 0 1 0 1 1 0 0 1 0 0 0 0 1 0 0 0 1 0 0 0 0 0 0 0 0 0 0 0 0 0 1 1 0 1 1 1 0 0 0 0 1 0 0 1 1 0 0 0 0
58 1 0 1 0 0 0 0 0 0 0 0 0 0 0 1 0 0 0 0 0 0 1 0 0 0 0 0 0 0 1 1 0 0 0 0 0 0 0 0 0 0 0 0 0 0 0 0 0 0 0 0 0 0 0 0 0 1 1 0 0 0 1 0 0 0 0 0 0 0 1 0 0 0 0 0
59 1 0 1 0 0 0 0 0 0 0 0 0 0 0 1 0 0 0 0 0 0 1 0 0 0 0 0 0 0 1 1 0 0 0 0 0 0 0 0 0 0 0 0 0 0 0 0 0 0 0 0 0 0 0 0 0 1 1 0 0 0 1 0 0 0 0 0 0 0 1 0 0 0 0 0
60 1 0 1 0 0 0 0 0 0 0 0 0 0 0 1 0 0 0 0 0 0 1 0 0 0 0 0 0 0 1 1 0 0 0 0 0 0 0 0 0 0 0 0 0 0 0 0 0 0 0 0 0 0 0 0 0 1 1 0 0 0 1 0 0 0 0 0 0 0 1 0 0 0 0 0
61 0 0 0 1 0 0 0 0 0 0 1 0 1 0 0 0 1 0 0 0 0 0 0 1 0 0 0 0 0 0 0 0 1 0 0 0 0 0 0 0 1 1 0 0 1 0 0 0 1 0 0 0 0 0 0 0 0 0 0 0 0 0 0 1 1 0 0 0 0 0 0 0 1 0 0
62 0 0 0 1 0 0 0 0 0 0 1 0 1 0 0 0 1 0 0 0 0 0 0 1 0 0 0 0 0 0 0 0 1 0 0 0 0 0 0 0 1 1 0 0 1 0 0 0 1 0 0 0 0 0 0 0 0 0 0 0 0 0 0 1 1 0 0 0 0 0 0 0 1 0 0
63 0 0 0 1 0 0 0 0 0 0 1 0 1 0 0 0 1 0 0 0 0 0 0 1 0 0 0 0 0 0 0 0 1 0 0 0 0 0 0 0 1 1 0 0 1 0 0 0 1 0 0 0 0 0 0 0 0 0 0 0 0 0 0 1 1 0 0 0 0 0 0 0 1 0 0
64 0 1 0 1 0 0 1 0 1 0 1 0 1 0 0 0 1 0 0 0 1 0 0 1 1 0 1 0 0 0 0 0 1 0 0 1 0 0 0 0 1 1 0 0 1 0 0 0 1 1 0 0 0 0 0 1 0 0 0 0 0 0 0 1 1 0 0 0 1 0 0 0 1 0 0
65 0 1 0 1 0 0 1 0 1 0 1 0 1 0 0 0 1 0 0 0 1 0 0 1 1 0 1 0 0 0 0 0 1 0 0 1 0 0 0 0 1 1 0 0 1 0 0 0 1 1 0 0 0 0 0 1 0 0 0 0 0 0 0 1 1 0 0 0 1 0 0 0 1 0 0
66 0 1 0 1 0 0 1 0 1 0 1 0 1 0 0 0 1 0 0 0 1 0 0 1 1 0 1 0 0 0 0 0 1 0 0 1 0 0 0 0 1 1 0 0 1 0 0 0 1 1 0 0 0 0 0 1 0 0 0 0 0 0 0 1 1 0 0 0 1 0 0 0 1 0 0
67 0 1 0 0 0 0 1 0 1 0 0 0 1 1 0 1 0 0 0 0 1 0 0 0 1 0 1 0 1 0 0 0 0 0 0 0 0 1 0 0 1 0 0 1 0 0 0 1 0 0 0 0 0 1 0 1 0 0 1 0 0 0 1 0 0 1 0 0 1 0 0 0 0 0 0
68 0 1 0 0 0 0 1 0 1 0 0 0 1 1 0 1 0 0 0 0 1 0 0 0 1 0 1 0 1 0 0 0 0 0 0 0 0 1 0 0 1 0 0 1 0 0 0 1 0 0 0 0 0 1 0 1 0 0 1 0 0 0 1 0 0 1 0 0 1 0 0 0 0 0 0
69 0 1 0 0 0 0 1 0 1 0 0 0 1 1 0 1 0 0 0 0 1 0 0 0 1 0 1 0 1 0 0 0 0 0 0 0 0 1 0 0 1 0 0 1 0 0 0 1 0 0 0 0 0 1 0 1 0 0 1 0 0 0 1 0 0 1 0 0 1 0 0 0 0 0 0
70 1 0 1 0 0 0 0 0 0 0 0 0 0 0 1 0 0 0 0 0 0 1 0 0 0 0 0 1 0 1 1 0 0 1 0 0 0 0 1 0 0 0 1 0 0 0 0 0 0 0 0 0 0 0 0 0 1 1 0 1 1 1 0 0 0 0 1 0 0 1 1 0 0 0 0
71 1 0 1 0 0 0 0 0 0 0 0 0 0 0 1 0 0 0 0 0 0 1 0 0 0 0 0 1 0 1 1 0 0 1 0 0 0 0 1 0 0 0 1 0 0 0 0 0 0 0 0 0 0 0 0 0 1 1 0 1 1 1 0 0 0 0 1 0 0 1 1 0 0 0 0
72 1 0 1 0 0 0 0 0 0 0 0 0 0 0 1 0 0 0 0 0 0 1 0 0 0 0 0 1 0 1 1 0 0 1 0 0 0 0 1 0 0 0 1 0 0 0 0 0 0 0 0 0 0 0 0 0 1 1 0 1 1 1 0 0 0 0 1 0 0 1 1 0 0 0 0
3 3 2 3 1 3 2 1 3 3 2 2 1 3 2 3 2 1 1 2 2 3 3 2 3 2 1 3 2 1 3 2 2 2 1 1 1 1 1 1 2 3 3 1 1 2 1 2 1 1 2 3 3 3 2 1 2 1 1 2 1 1 3 3 1 2 1 2 1 2 1 1 3 1 3