A1-1-25-75-4-500.ctp
71 75 1 4 5608.00
0 1 1693.00
0 2 1693.00
0 3 2252.00
0 4 2252.00
0 5 2252.00
0 6 1104.00
0 7 1104.00
0 8 1104.00
0 9 2523.00
0 10 2523.00
0 11 2523.00
0 12 397.00
0 13 397.00
0 14 397.00
0 15 1447.00
0 16 1447.00
0 17 1447.00
0 18 425.00
0 19 425.00
0 20 425.00
0 21 1424.00
0 22 1424.00
0 23 1424.00
0 24 749.00
0 25 749.00
0 26 749.00
0 27 902.00
0 28 902.00
0 29 902.00
0 30 1547.00
0 31 1547.00
0 32 1547.00
0 33 2554.00
0 34 2554.00
0 35 2554.00
0 36 2378.00
0 37 2378.00
0 38 2378.00
0 39 1015.00
0 40 1015.00
0 41 1015.00
0 42 1259.00
0 43 1259.00
0 44 1259.00
0 45 1018.00
0 46 1018.00
0 47 1018.00
0 48 1167.00
0 49 1167.00
0 50 1167.00
0 51 814.00
0 52 814.00
0 53 814.00
0 54 1405.00
0 55 1405.00
0 56 1405.00
0 57 885.00
0 58 885.00
0 59 885.00
0 60 1330.00
0 61 1330.00
0 62 1330.00
0 63 882.00
0 64 882.00
0 65 882.00
0 66 1206.00
0 67 1206.00
0 68 1206.00
0 69 1194.00
0 70 1194.00
0 71 1194.00
1 2 0.00
1 3 1708.00
1 4 1708.00
1 5 1708.00
1 6 2403.00
1 7 2403.00
1 8 2403.00
1 9 1186.00
1 10 1186.00
1 11 1186.00
1 12 2057.00
1 13 2057.00
1 14 2057.00
1 15 1392.00
1 16 1392.00
1 17 1392.00
1 18 1620.00
1 19 1620.00
1 20 1620.00
1 21 1343.00
1 22 1343.00
1 23 1343.00
1 24 2442.00
1 25 2442.00
1 26 2442.00
1 27 2359.00
1 28 2359.00
1 29 2359.00
1 30 1606.00
1 31 1606.00
1 32 1606.00
1 33 970.00
1 34 970.00
1 35 970.00
1 36 1662.00
1 37 1662.00
1 38 1662.00
1 39 2446.00
1 40 2446.00
1 41 2446.00
1 42 2831.00
1 43 2831.00
1 44 2831.00
1 45 2455.00
1 46 2455.00
1 47 2455.00
1 48 2837.00
1 49 2837.00
1 50 2837.00
1 51 2310.00
1 52 2310.00
1 53 2310.00
1 54 1603.00
1 55 1603.00
1 56 1603.00
1 57 2502.00
1 58 2502.00
1 59 2502.00
1 60 2897.00
1 61 2897.00
1 62 2897.00
1 63 1921.00
1 64 1921.00
1 65 1921.00
1 66 2895.00
1 67 2895.00
1 68 2895.00
1 69 893.00
1 70 893.00
1 71 893.00
2 3 1708.00
2 4 1708.00
2 5 1708.00
2 6 2403.00
2 7 2403.00
2 8 2403.00
2 9 1186.00
2 10 1186.00
2 11 1186.00
2 12 2057.00
2 13 2057.00
2 14 2057.00
2 15 1392.00
2 16 1392.00
2 17 1392.00
2 18 1620.00
2 19 1620.00
2 20 1620.00
2 21 1343.00
2 22 1343.00
2 23 1343.00
2 24 2442.00
2 25 2442.00
2 26 2442.00
2 27 2359.00
2 28 2359.00
2 29 2359.00
2 30 1606.00
2 31 1606.00
2 32 1606.00
2 33 970.00
2 34 970.00
2 35 970.00
2 36 1662.00
2 37 1662.00
2 38 1662.00
2 39 2446.00
2 40 2446.00
2 41 2446.00
2 42 2831.00
2 43 2831.00
2 44 2831.00
2 45 2455.00
2 46 2455.00
2 47 2455.00
2 48 2837.00
2 49 2837.00
2 50 2837.00
2 51 2310.00
2 52 2310.00
2 53 2310.00
2 54 1603.00
2 55 1603.00
2 56 1603.00
2 57 2502.00
2 58 2502.00
2 59 2502.00
2 60 2897.00
2 61 2897.00
2 62 2897.00
2 63 1921.00
2 64 1921.00
2 65 1921.00
2 66 2895.00
2 67 2895.00
2 68 2895.00
2 69 893.00
2 70 893.00
2 71 893.00
3 4 0.00
3 5 0.00
3 6 3333.00
3 7 3333.00
3 8 3333.00
3 9 1074.00
3 10 1074.00
3 11 1074.00
3 12 2623.00
3 13 2623.00
3 14 2623.00
3 15 811.00
3 16 811.00
3 17 811.00
3 18 2502.00
3 19 2502.00
3 20 2502.00
3 21 829.00
3 22 829.00
3 23 829.00
3 24 2794.00
3 25 2794.00
3 26 2794.00
3 27 2265.00
3 28 2265.00
3 29 2265.00
3 30 782.00
3 31 782.00
3 32 782.00
3 33 1533.00
3 34 1533.00
3 35 1533.00
3 36 221.00
3 37 221.00
3 38 221.00
3 39 2280.00
3 40 2280.00
3 41 2280.00
3 42 3482.00
3 43 3482.00
3 44 3482.00
3 45 2293.00
3 46 2293.00
3 47 2293.00
3 48 3286.00
3 49 3286.00
3 50 3286.00
3 51 3066.00
3 52 3066.00
3 53 3066.00
3 54 934.00
3 55 934.00
3 56 934.00
3 57 2582.00
3 58 2582.00
3 59 2582.00
3 60 3552.00
3 61 3552.00
3 62 3552.00
3 63 1703.00
3 64 1703.00
3 65 1703.00
3 66 3246.00
3 67 3246.00
3 68 3246.00
3 69 1184.00
3 70 1184.00
3 71 1184.00
4 5 0.00
4 6 3333.00
4 7 3333.00
4 8 3333.00
4 9 1074.00
4 10 1074.00
4 11 1074.00
4 12 2623.00
4 13 2623.00
4 14 2623.00
4 15 811.00
4 16 811.00
4 17 811.00
4 18 2502.00
4 19 2502.00
4 20 2502.00
4 21 829.00
4 22 829.00
4 23 829.00
4 24 2794.00
4 25 2794.00
4 26 2794.00
4 27 2265.00
4 28 2265.00
4 29 2265.00
4 30 782.00
4 31 782.00
4 32 782.00
4 33 1533.00
4 34 1533.00
4 35 1533.00
4 36 221.00
4 37 221.00
4 38 221.00
4 39 2280.00
4 40 2280.00
4 41 2280.00
4 42 3482.00
4 43 3482.00
4 44 3482.00
4 45 2293.00
4 46 2293.00
4 47 2293.00
4 48 3286.00
4 49 3286.00
4 50 3286.00
4 51 3066.00
4 52 3066.00
4 53 3066.00
4 54 934.00
4 55 934.00
4 56 934.00
4 57 2582.00
4 58 2582.00
4 59 2582.00
4 60 3552.00
4 61 3552.00
4 62 3552.00
4 63 1703.00
4 64 1703.00
4 65 1703.00
4 66 3246.00
4 67 3246.00
4 68 3246.00
4 69 1184.00
4 70 1184.00
4 71 1184.00
5 6 3333.00
5 7 3333.00
5 8 3333.00
5 9 1074.00
5 10 1074.00
5 11 1074.00
5 12 2623.00
5 13 2623.00
5 14 2623.00
5 15 811.00
5 16 811.00
5 17 811.00
5 18 2502.00
5 19 2502.00
5 20 2502.00
5 21 829.00
5 22 829.00
5 23 829.00
5 24 2794.00
5 25 2794.00
5 26 2794.00
5 27 2265.00
5 28 2265.00
5 29 2265.00
5 30 782.00
5 31 782.00
5 32 782.00
5 33 1533.00
5 34 1533.00
5 35 1533.00
5 36 221.00
5 37 221.00
5 38 221.00
5 39 2280.00
5 40 2280.00
5 41 2280.00
5 42 3482.00
5 43 3482.00
5 44 3482.00
5 45 2293.00
5 46 2293.00
5 47 2293.00
5 48 3286.00
5 49 3286.00
5 50 3286.00
5 51 3066.00
5 52 3066.00
5 53 3066.00
5 54 934.00
5 55 934.00
5 56 934.00
5 57 2582.00
5 58 2582.00
5 59 2582.00
5 60 3552.00
5 61 3552.00
5 62 3552.00
5 63 1703.00
5 64 1703.00
5 65 1703.00
5 66 3246.00
5 67 3246.00
5 68 3246.00
5 69 1184.00
5 70 1184.00
5 71 1184.00
6 7 0.00
6 8 0.00
6 9 3447.00
6 10 3447.00
6 11 3447.00
6 12 822.00
6 13 822.00
6 14 822.00
6 15 2538.00
6 16 2538.00
6 17 2538.00
6 18 851.00
6 19 851.00
6 20 851.00
6 21 2512.00
6 22 2512.00
6 23 2512.00
6 24 1030.00
6 25 1030.00
6 26 1030.00
6 27 1695.00
6 28 1695.00
6 29 1695.00
6 30 2649.00
6 31 2649.00
6 32 2649.00
6 33 3362.00
6 34 3362.00
6 35 3362.00
6 36 3442.00
6 37 3442.00
6 38 3442.00
6 39 1794.00
6 40 1794.00
6 41 1794.00
6 42 625.00
6 43 625.00
6 44 625.00
6 45 1789.00
6 46 1789.00
6 47 1789.00
6 48 929.00
6 49 929.00
6 50 929.00
6 51 372.00
6 52 372.00
6 53 372.00
6 54 2508.00
6 55 2508.00
6 56 2508.00
6 57 1445.00
6 58 1445.00
6 59 1445.00
6 60 661.00
6 61 661.00
6 62 661.00
6 63 1928.00
6 64 1928.00
6 65 1928.00
6 66 1101.00
6 67 1101.00
6 68 1101.00
6 69 2204.00
6 70 2204.00
6 71 2204.00
7 8 0.00
7 9 3447.00
7 10 3447.00
7 11 3447.00
7 12 822.00
7 13 822.00
7 14 822.00
7 15 2538.00
7 16 2538.00
7 17 2538.00
7 18 851.00
7 19 851.00
7 20 851.00
7 21 2512.00
7 22 2512.00
7 23 2512.00
7 24 1030.00
7 25 1030.00
7 26 1030.00
7 27 1695.00
7 28 1695.00
7 29 1695.00
7 30 2649.00
7 31 2649.00
7 32 2649.00
7 33 3362.00
7 34 3362.00
7 35 3362.00
7 36 3442.00
7 37 3442.00
7 38 3442.00
7 39 1794.00
7 40 1794.00
7 41 1794.00
7 42 625.00
7 43 625.00
7 44 625.00
7 45 1789.00
7 46 1789.00
7 47 1789.00
7 48 929.00
7 49 929.00
7 50 929.00
7 51 372.00
7 52 372.00
7 53 372.00
7 54 2508.00
7 55 2508.00
7 56 2508.00
7 57 1445.00
7 58 1445.00
7 59 1445.00
7 60 661.00
7 61 661.00
7 62 661.00
7 63 1928.00
7 64 1928.00
7 65 1928.00
7 66 1101.00
7 67 1101.00
7 68 1101.00
7 69 2204.00
7 70 2204.00
7 71 2204.00
8 9 3447.00
8 10 3447.00
8 11 3447.00
8 12 822.00
8 13 822.00
8 14 822.00
8 15 2538.00
8 16 2538.00
8 17 2538.00
8 18 851.00
8 19 851.00
8 20 851.00
8 21 2512.00
8 22 2512.00
8 23 2512.00
8 24 1030.00
8 25 1030.00
8 26 1030.00
8 27 1695.00
8 28 1695.00
8 29 1695.00
8 30 2649.00
8 31 2649.00
8 32 2649.00
8 33 3362.00
8 34 3362.00
8 35 3362.00
8 36 3442.00
8 37 3442.00
8 38 3442.00
8 39 1794.00
8 40 1794.00
8 41 1794.00
8 42 625.00
8 43 625.00
8 44 625.00
8 45 1789.00
8 46 1789.00
8 47 1789.00
8 48 929.00
8 49 929.00
8 50 929.00
8 51 372.00
8 52 372.00
8 53 372.00
8 54 2508.00
8 55 2508.00
8 56 2508.00
8 57 1445.00
8 58 1445.00
8 59 1445.00
8 60 661.00
8 61 661.00
8 62 661.00
8 63 1928.00
8 64 1928.00
8 65 1928.00
8 66 1101.00
8 67 1101.00
8 68 1101.00
8 69 2204.00
8 70 2204.00
8 71 2204.00
9 10 0.00
9 11 0.00
9 12 2919.00
9 13 2919.00
9 14 2919.00
9 15 1424.00
9 16 1424.00
9 17 1424.00
9 18 2606.00
9 19 2606.00
9 20 2606.00
9 21 1400.00
9 22 1400.00
9 23 1400.00
9 24 3218.00
9 25 3218.00
9 26 3218.00
9 27 2883.00
9 28 2883.00
9 29 2883.00
9 30 1553.00
9 31 1553.00
9 32 1553.00
9 33 502.00
9 34 502.00
9 35 502.00
9 36 891.00
9 37 891.00
9 38 891.00
9 39 2934.00
9 40 2934.00
9 41 2934.00
9 42 3770.00
9 43 3770.00
9 44 3770.00
9 45 2947.00
9 46 2947.00
9 47 2947.00
9 48 3681.00
9 49 3681.00
9 50 3681.00
9 51 3277.00
9 52 3277.00
9 53 3277.00
9 54 1656.00
9 55 1656.00
9 56 1656.00
9 57 3135.00
9 58 3135.00
9 59 3135.00
9 60 3840.00
9 61 3840.00
9 62 3840.00
9 63 2329.00
9 64 2329.00
9 65 2329.00
9 66 3692.00
9 67 3692.00
9 68 3692.00
9 69 1344.00
9 70 1344.00
9 71 1344.00
10 11 0.00
10 12 2919.00
10 13 2919.00
10 14 2919.00
10 15 1424.00
10 16 1424.00
10 17 1424.00
10 18 2606.00
10 19 2606.00
10 20 2606.00
10 21 1400.00
10 22 1400.00
10 23 1400.00
10 24 3218.00
10 25 3218.00
10 26 3218.00
10 27 2883.00
10 28 2883.00
10 29 2883.00
10 30 1553.00
10 31 1553.00
10 32 1553.00
10 33 502.00
10 34 502.00
10 35 502.00
10 36 891.00
10 37 891.00
10 38 891.00
10 39 2934.00
10 40 2934.00
10 41 2934.00
10 42 3770.00
10 43 3770.00
10 44 3770.00
10 45 2947.00
10 46 2947.00
10 47 2947.00
10 48 3681.00
10 49 3681.00
10 50 3681.00
10 51 3277.00
10 52 3277.00
10 53 3277.00
10 54 1656.00
10 55 1656.00
10 56 1656.00
10 57 3135.00
10 58 3135.00
10 59 3135.00
10 60 3840.00
10 61 3840.00
10 62 3840.00
10 63 2329.00
10 64 2329.00
10 65 2329.00
10 66 3692.00
10 67 3692.00
10 68 3692.00
10 69 1344.00
10 70 1344.00
10 71 1344.00
11 12 2919.00
11 13 2919.00
11 14 2919.00
11 15 1424.00
11 16 1424.00
11 17 1424.00
11 18 2606.00
11 19 2606.00
11 20 2606.00
11 21 1400.00
11 22 1400.00
11 23 1400.00
11 24 3218.00
11 25 3218.00
11 26 3218.00
11 27 2883.00
11 28 2883.00
11 29 2883.00
11 30 1553.00
11 31 1553.00
11 32 1553.00
11 33 502.00
11 34 502.00
11 35 502.00
11 36 891.00
11 37 891.00
11 38 891.00
11 39 2934.00
11 40 2934.00
11 41 2934.00
11 42 3770.00
11 43 3770.00
11 44 3770.00
11 45 2947.00
11 46 2947.00
11 47 2947.00
11 48 3681.00
11 49 3681.00
11 50 3681.00
11 51 3277.00
11 52 3277.00
11 53 3277.00
11 54 1656.00
11 55 1656.00
11 56 1656.00
11 57 3135.00
11 58 3135.00
11 59 3135.00
11 60 3840.00
11 61 3840.00
11 62 3840.00
11 63 2329.00
11 64 2329.00
11 65 2329.00
11 66 3692.00
11 67 3692.00
11 68 3692.00
11 69 1344.00
11 70 1344.00
11 71 1344.00
12 13 0.00
12 14 0.00
12 15 1812.00
12 16 1812.00
12 17 1812.00
12 18 534.00
12 19 534.00
12 20 534.00
12 21 1794.00
12 22 1794.00
12 23 1794.00
12 24 436.00
12 25 436.00
12 26 436.00
12 27 907.00
12 28 907.00
12 29 907.00
12 30 1892.00
12 31 1892.00
12 32 1892.00
12 33 2941.00
12 34 2941.00
12 35 2941.00
12 36 2758.00
12 37 2758.00
12 38 2758.00
12 39 1015.00
12 40 1015.00
12 41 1015.00
12 42 867.00
12 43 867.00
12 44 867.00
12 45 1012.00
12 46 1012.00
12 47 1012.00
12 48 782.00
12 49 782.00
12 50 782.00
12 51 474.00
12 52 474.00
12 53 474.00
12 54 1744.00
12 55 1744.00
12 56 1744.00
12 57 737.00
12 58 737.00
12 59 737.00
12 60 937.00
12 61 937.00
12 62 937.00
12 63 1111.00
12 64 1111.00
12 65 1111.00
12 66 843.00
12 67 843.00
12 68 843.00
12 69 1590.00
12 70 1590.00
12 71 1590.00
13 14 0.00
13 15 1812.00
13 16 1812.00
13 17 1812.00
13 18 534.00
13 19 534.00
13 20 534.00
13 21 1794.00
13 22 1794.00
13 23 1794.00
13 24 436.00
13 25 436.00
13 26 436.00
13 27 907.00
13 28 907.00
13 29 907.00
13 30 1892.00
13 31 1892.00
13 32 1892.00
13 33 2941.00
13 34 2941.00
13 35 2941.00
13 36 2758.00
13 37 2758.00
13 38 2758.00
13 39 1015.00
13 40 1015.00
13 41 1015.00
13 42 867.00
13 43 867.00
13 44 867.00
13 45 1012.00
13 46 1012.00
13 47 1012.00
13 48 782.00
13 49 782.00
13 50 782.00
13 51 474.00
13 52 474.00
13 53 474.00
13 54 1744.00
13 55 1744.00
13 56 1744.00
13 57 737.00
13 58 737.00
13 59 737.00
13 60 937.00
13 61 937.00
13 62 937.00
13 63 1111.00
13 64 1111.00
13 65 1111.00
13 66 843.00
13 67 843.00
13 68 843.00
13 69 1590.00
13 70 1590.00
13 71 1590.00
14 15 1812.00
14 16 1812.00
14 17 1812.00
14 18 534.00
14 19 534.00
14 20 534.00
14 21 1794.00
14 22 1794.00
14 23 1794.00
14 24 436.00
14 25 436.00
14 26 436.00
14 27 907.00
14 28 907.00
14 29 907.00
14 30 1892.00
14 31 1892.00
14 32 1892.00
14 33 2941.00
14 34 2941.00
14 35 2941.00
14 36 2758.00
14 37 2758.00
14 38 2758.00
14 39 1015.00
14 40 1015.00
14 41 1015.00
14 42 867.00
14 43 867.00
14 44 867.00
14 45 1012.00
14 46 1012.00
14 47 1012.00
14 48 782.00
14 49 782.00
14 50 782.00
14 51 474.00
14 52 474.00
14 53 474.00
14 54 1744.00
14 55 1744.00
14 56 1744.00
14 57 737.00
14 58 737.00
14 59 737.00
14 60 937.00
14 61 937.00
14 62 937.00
14 63 1111.00
14 64 1111.00
14 65 1111.00
14 66 843.00
14 67 843.00
14 68 843.00
14 69 1590.00
14 70 1590.00
14 71 1590.00
15 16 0.00
15 17 0.00
15 18 1725.00
15 19 1725.00
15 20 1725.00
15 21 50.00
15 22 50.00
15 23 50.00
15 24 1989.00
15 25 1989.00
15 26 1989.00
15 27 1511.00
15 28 1511.00
15 29 1511.00
15 30 216.00
15 31 216.00
15 32 216.00
15 33 1709.00
15 34 1709.00
15 35 1709.00
15 36 963.00
15 37 963.00
15 38 963.00
15 39 1545.00
15 40 1545.00
15 41 1545.00
15 42 2671.00
15 43 2671.00
15 44 2671.00
15 45 1558.00
15 46 1558.00
15 47 1558.00
15 48 2481.00
15 49 2481.00
15 50 2481.00
15 51 2260.00
15 52 2260.00
15 53 2260.00
15 54 242.00
15 55 242.00
15 56 242.00
15 57 1806.00
15 58 1806.00
15 59 1806.00
15 60 2740.00
15 61 2740.00
15 62 2740.00
15 63 942.00
15 64 942.00
15 65 942.00
15 66 2448.00
15 67 2448.00
15 68 2448.00
15 69 556.00
15 70 556.00
15 71 556.00
16 17 0.00
16 18 1725.00
16 19 1725.00
16 20 1725.00
16 21 50.00
16 22 50.00
16 23 50.00
16 24 1989.00
16 25 1989.00
16 26 1989.00
16 27 1511.00
16 28 1511.00
16 29 1511.00
16 30 216.00
16 31 216.00
16 32 216.00
16 33 1709.00
16 34 1709.00
16 35 1709.00
16 36 963.00
16 37 963.00
16 38 963.00
16 39 1545.00
16 40 1545.00
16 41 1545.00
16 42 2671.00
16 43 2671.00
16 44 2671.00
16 45 1558.00
16 46 1558.00
16 47 1558.00
16 48 2481.00
16 49 2481.00
16 50 2481.00
16 51 2260.00
16 52 2260.00
16 53 2260.00
16 54 242.00
16 55 242.00
16 56 242.00
16 57 1806.00
16 58 1806.00
16 59 1806.00
16 60 2740.00
16 61 2740.00
16 62 2740.00
16 63 942.00
16 64 942.00
16 65 942.00
16 66 2448.00
16 67 2448.00
16 68 2448.00
16 69 556.00
16 70 556.00
16 71 556.00
17 18 1725.00
17 19 1725.00
17 20 1725.00
17 21 50.00
17 22 50.00
17 23 50.00
17 24 1989.00
17 25 1989.00
17 26 1989.00
17 27 1511.00
17 28 1511.00
17 29 1511.00
17 30 216.00
17 31 216.00
17 32 216.00
17 33 1709.00
17 34 1709.00
17 35 1709.00
17 36 963.00
17 37 963.00
17 38 963.00
17 39 1545.00
17 40 1545.00
17 41 1545.00
17 42 2671.00
17 43 2671.00
17 44 2671.00
17 45 1558.00
17 46 1558.00
17 47 1558.00
17 48 2481.00
17 49 2481.00
17 50 2481.00
17 51 2260.00
17 52 2260.00
17 53 2260.00
17 54 242.00
17 55 242.00
17 56 242.00
17 57 1806.00
17 58 1806.00
17 59 1806.00
17 60 2740.00
17 61 2740.00
17 62 2740.00
17 63 942.00
17 64 942.00
17 65 942.00
17 66 2448.00
17 67 2448.00
17 68 2448.00
17 69 556.00
17 70 556.00
17 71 556.00
18 19 0.00
18 20 0.00
18 21 1693.00
18 22 1693.00
18 23 1693.00
18 24 970.00
18 25 970.00
18 26 970.00
18 27 1307.00
18 28 1307.00
18 29 1307.00
18 30 1859.00
18 31 1859.00
18 32 1859.00
18 33 2554.00
18 34 2554.00
18 35 2554.00
18 36 2600.00
18 37 2600.00
18 38 2600.00
18 39 1421.00
18 40 1421.00
18 41 1421.00
18 42 1211.00
18 43 1211.00
18 44 1211.00
18 45 1422.00
18 46 1422.00
18 47 1422.00
18 48 1257.00
18 49 1257.00
18 50 1257.00
18 51 691.00
18 52 691.00
18 53 691.00
18 54 1729.00
18 55 1729.00
18 56 1729.00
18 57 1228.00
18 58 1228.00
18 59 1228.00
18 60 1277.00
18 61 1277.00
18 62 1277.00
18 63 1295.00
18 64 1295.00
18 65 1295.00
18 66 1351.00
18 67 1351.00
18 68 1351.00
18 69 1355.00
18 70 1355.00
18 71 1355.00
19 20 0.00
19 21 1693.00
19 22 1693.00
19 23 1693.00
19 24 970.00
19 25 970.00
19 26 970.00
19 27 1307.00
19 28 1307.00
19 29 1307.00
19 30 1859.00
19 31 1859.00
19 32 1859.00
19 33 2554.00
19 34 2554.00
19 35 2554.00
19 36 2600.00
19 37 2600.00
19 38 2600.00
19 39 1421.00
19 40 1421.00
19 41 1421.00
19 42 1211.00
19 43 1211.00
19 44 1211.00
19 45 1422.00
19 46 1422.00
19 47 1422.00
19 48 1257.00
19 49 1257.00
19 50 1257.00
19 51 691.00
19 52 691.00
19 53 691.00
19 54 1729.00
19 55 1729.00
19 56 1729.00
19 57 1228.00
19 58 1228.00
19 59 1228.00
19 60 1277.00
19 61 1277.00
19 62 1277.00
19 63 1295.00
19 64 1295.00
19 65 1295.00
19 66 1351.00
19 67 1351.00
19 68 1351.00
19 69 1355.00
19 70 1355.00
19 71 1355.00
20 21 1693.00
20 22 1693.00
20 23 1693.00
20 24 970.00
20 25 970.00
20 26 970.00
20 27 1307.00
20 28 1307.00
20 29 1307.00
20 30 1859.00
20 31 1859.00
20 32 1859.00
20 33 2554.00
20 34 2554.00
20 35 2554.00
20 36 2600.00
20 37 2600.00
20 38 2600.00
20 39 1421.00
20 40 1421.00
20 41 1421.00
20 42 1211.00
20 43 1211.00
20 44 1211.00
20 45 1422.00
20 46 1422.00
20 47 1422.00
20 48 1257.00
20 49 1257.00
20 50 1257.00
20 51 691.00
20 52 691.00
20 53 691.00
20 54 1729.00
20 55 1729.00
20 56 1729.00
20 57 1228.00
20 58 1228.00
20 59 1228.00
20 60 1277.00
20 61 1277.00
20 62 1277.00
20 63 1295.00
20 64 1295.00
20 65 1295.00
20 66 1351.00
20 67 1351.00
20 68 1351.00
20 69 1355.00
20 70 1355.00
20 71 1355.00
21 22 0.00
21 23 0.00
21 24 1981.00
21 25 1981.00
21 26 1981.00
21 27 1519.00
21 28 1519.00
21 29 1519.00
21 30 266.00
21 31 266.00
21 32 266.00
21 33 1674.00
21 34 1674.00
21 35 1674.00
21 36 972.00
21 37 972.00
21 38 972.00
21 39 1556.00
21 40 1556.00
21 41 1556.00
21 42 2655.00
21 43 2655.00
21 44 2655.00
21 45 1569.00
21 46 1569.00
21 47 1569.00
21 48 2471.00
21 49 2471.00
21 50 2471.00
21 51 2238.00
21 52 2238.00
21 53 2238.00
21 54 281.00
21 55 281.00
21 56 281.00
21 57 1808.00
21 58 1808.00
21 59 1808.00
21 60 2724.00
21 61 2724.00
21 62 2724.00
21 63 951.00
21 64 951.00
21 65 951.00
21 66 2442.00
21 67 2442.00
21 68 2442.00
21 69 506.00
21 70 506.00
21 71 506.00
22 23 0.00
22 24 1981.00
22 25 1981.00
22 26 1981.00
22 27 1519.00
22 28 1519.00
22 29 1519.00
22 30 266.00
22 31 266.00
22 32 266.00
22 33 1674.00
22 34 1674.00
22 35 1674.00
22 36 972.00
22 37 972.00
22 38 972.00
22 39 1556.00
22 40 1556.00
22 41 1556.00
22 42 2655.00
22 43 2655.00
22 44 2655.00
22 45 1569.00
22 46 1569.00
22 47 1569.00
22 48 2471.00
22 49 2471.00
22 50 2471.00
22 51 2238.00
22 52 2238.00
22 53 2238.00
22 54 281.00
22 55 281.00
22 56 281.00
22 57 1808.00
22 58 1808.00
22 59 1808.00
22 60 2724.00
22 61 2724.00
22 62 2724.00
22 63 951.00
22 64 951.00
22 65 951.00
22 66 2442.00
22 67 2442.00
22 68 2442.00
22 69 506.00
22 70 506.00
22 71 506.00
23 24 1981.00
23 25 1981.00
23 26 1981.00
23 27 1519.00
23 28 1519.00
23 29 1519.00
23 30 266.00
23 31 266.00
23 32 266.00
23 33 1674.00
23 34 1674.00
23 35 1674.00
23 36 972.00
23 37 972.00
23 38 972.00
23 39 1556.00
23 40 1556.00
23 41 1556.00
23 42 2655.00
23 43 2655.00
23 44 2655.00
23 45 1569.00
23 46 1569.00
23 47 1569.00
23 48 2471.00
23 49 2471.00
23 50 2471.00
23 51 2238.00
23 52 2238.00
23 53 2238.00
23 54 281.00
23 55 281.00
23 56 281.00
23 57 1808.00
23 58 1808.00
23 59 1808.00
23 60 2724.00
23 61 2724.00
23 62 2724.00
23 63 951.00
23 64 951.00
23 65 951.00
23 66 2442.00
23 67 2442.00
23 68 2442.00
23 69 506.00
23 70 506.00
23 71 506.00
24 25 0.00
24 26 0.00
24 27 721.00
24 28 721.00
24 29 721.00
24 30 2025.00
24 31 2025.00
24 32 2025.00
24 33 3287.00
24 34 3287.00
24 35 3287.00
24 36 2952.00
24 37 2952.00
24 38 2952.00
24 39 802.00
24 40 802.00
24 41 802.00
24 42 770.00
24 43 770.00
24 44 770.00
24 45 795.00
24 46 795.00
24 47 795.00
24 48 493.00
24 49 493.00
24 50 493.00
24 51 664.00
24 52 664.00
24 53 664.00
24 54 1871.00
24 55 1871.00
24 56 1871.00
24 57 420.00
24 58 420.00
24 59 420.00
24 60 830.00
24 61 830.00
24 62 830.00
24 63 1137.00
24 64 1137.00
24 65 1137.00
24 66 474.00
24 67 474.00
24 68 474.00
24 69 1875.00
24 70 1875.00
24 71 1875.00
25 26 0.00
25 27 721.00
25 28 721.00
25 29 721.00
25 30 2025.00
25 31 2025.00
25 32 2025.00
25 33 3287.00
25 34 3287.00
25 35 3287.00
25 36 2952.00
25 37 2952.00
25 38 2952.00
25 39 802.00
25 40 802.00
25 41 802.00
25 42 770.00
25 43 770.00
25 44 770.00
25 45 795.00
25 46 795.00
25 47 795.00
25 48 493.00
25 49 493.00
25 50 493.00
25 51 664.00
25 52 664.00
25 53 664.00
25 54 1871.00
25 55 1871.00
25 56 1871.00
25 57 420.00
25 58 420.00
25 59 420.00
25 60 830.00
25 61 830.00
25 62 830.00
25 63 1137.00
25 64 1137.00
25 65 1137.00
25 66 474.00
25 67 474.00
25 68 474.00
25 69 1875.00
25 70 1875.00
25 71 1875.00
26 27 721.00
26 28 721.00
26 29 721.00
26 30 2025.00
26 31 2025.00
26 32 2025.00
26 33 3287.00
26 34 3287.00
26 35 3287.00
26 36 2952.00
26 37 2952.00
26 38 2952.00
26 39 802.00
26 40 802.00
26 41 802.00
26 42 770.00
26 43 770.00
26 44 770.00
26 45 795.00
26 46 795.00
26 47 795.00
26 48 493.00
26 49 493.00
26 50 493.00
26 51 664.00
26 52 664.00
26 53 664.00
26 54 1871.00
26 55 1871.00
26 56 1871.00
26 57 420.00
26 58 420.00
26 59 420.00
26 60 830.00
26 61 830.00
26 62 830.00
26 63 1137.00
26 64 1137.00
26 65 1137.00
26 66 474.00
26 67 474.00
26 68 474.00
26 69 1875.00
26 70 1875.00
26 71 1875.00
27 28 0.00
27 29 0.00
27 30 1483.00
27 31 1483.00
27 32 1483.00
27 33 3056.00
27 34 3056.00
27 35 3056.00
27 36 2450.00
27 37 2450.00
27 38 2450.00
27 39 113.00
27 40 113.00
27 41 113.00
27 42 1488.00
27 43 1488.00
27 44 1488.00
27 45 115.00
27 46 115.00
27 47 115.00
27 48 1161.00
27 49 1161.00
27 50 1161.00
27 51 1324.00
27 52 1324.00
27 53 1324.00
27 54 1334.00
27 55 1334.00
27 56 1334.00
27 57 349.00
27 58 349.00
27 59 349.00
27 60 1545.00
27 61 1545.00
27 62 1545.00
27 63 569.00
27 64 569.00
27 65 569.00
27 66 1060.00
27 67 1060.00
27 68 1060.00
27 69 1592.00
27 70 1592.00
27 71 1592.00
28 29 0.00
28 30 1483.00
28 31 1483.00
28 32 1483.00
28 33 3056.00
28 34 3056.00
28 35 3056.00
28 36 2450.00
28 37 2450.00
28 38 2450.00
28 39 113.00
28 40 113.00
28 41 113.00
28 42 1488.00
28 43 1488.00
28 44 1488.00
28 45 115.00
28 46 115.00
28 47 115.00
28 48 1161.00
28 49 1161.00
28 50 1161.00
28 51 1324.00
28 52 1324.00
28 53 1324.00
28 54 1334.00
28 55 1334.00
28 56 1334.00
28 57 349.00
28 58 349.00
28 59 349.00
28 60 1545.00
28 61 1545.00
28 62 1545.00
28 63 569.00
28 64 569.00
28 65 569.00
28 66 1060.00
28 67 1060.00
28 68 1060.00
28 69 1592.00
28 70 1592.00
28 71 1592.00
29 30 1483.00
29 31 1483.00
29 32 1483.00
29 33 3056.00
29 34 3056.00
29 35 3056.00
29 36 2450.00
29 37 2450.00
29 38 2450.00
29 39 113.00
29 40 113.00
29 41 113.00
29 42 1488.00
29 43 1488.00
29 44 1488.00
29 45 115.00
29 46 115.00
29 47 115.00
29 48 1161.00
29 49 1161.00
29 50 1161.00
29 51 1324.00
29 52 1324.00
29 53 1324.00
29 54 1334.00
29 55 1334.00
29 56 1334.00
29 57 349.00
29 58 349.00
29 59 349.00
29 60 1545.00
29 61 1545.00
29 62 1545.00
29 63 569.00
29 64 569.00
29 65 569.00
29 66 1060.00
29 67 1060.00
29 68 1060.00
29 69 1592.00
29 70 1592.00
29 71 1592.00
30 31 0.00
30 32 0.00
30 33 1876.00
30 34 1876.00
30 35 1876.00
30 36 969.00
30 37 969.00
30 38 969.00
30 39 1501.00
30 40 1501.00
30 41 1501.00
30 42 2736.00
30 43 2736.00
30 44 2736.00
30 45 1514.00
30 46 1514.00
30 47 1514.00
30 48 2518.00
30 49 2518.00
30 50 2518.00
30 51 2352.00
30 52 2352.00
30 53 2352.00
30 54 154.00
30 55 154.00
30 56 154.00
30 57 1800.00
30 58 1800.00
30 59 1800.00
30 60 2804.00
30 61 2804.00
30 62 2804.00
30 63 921.00
30 64 921.00
30 65 921.00
30 66 2470.00
30 67 2470.00
30 68 2470.00
30 69 768.00
30 70 768.00
30 71 768.00
31 32 0.00
31 33 1876.00
31 34 1876.00
31 35 1876.00
31 36 969.00
31 37 969.00
31 38 969.00
31 39 1501.00
31 40 1501.00
31 41 1501.00
31 42 2736.00
31 43 2736.00
31 44 2736.00
31 45 1514.00
31 46 1514.00
31 47 1514.00
31 48 2518.00
31 49 2518.00
31 50 2518.00
31 51 2352.00
31 52 2352.00
31 53 2352.00
31 54 154.00
31 55 154.00
31 56 154.00
31 57 1800.00
31 58 1800.00
31 59 1800.00
31 60 2804.00
31 61 2804.00
31 62 2804.00
31 63 921.00
31 64 921.00
31 65 921.00
31 66 2470.00
31 67 2470.00
31 68 2470.00
31 69 768.00
31 70 768.00
31 71 768.00
32 33 1876.00
32 34 1876.00
32 35 1876.00
32 36 969.00
32 37 969.00
32 38 969.00
32 39 1501.00
32 40 1501.00
32 41 1501.00
32 42 2736.00
32 43 2736.00
32 44 2736.00
32 45 1514.00
32 46 1514.00
32 47 1514.00
32 48 2518.00
32 49 2518.00
32 50 2518.00
32 51 2352.00
32 52 2352.00
32 53 2352.00
32 54 154.00
32 55 154.00
32 56 154.00
32 57 1800.00
32 58 1800.00
32 59 1800.00
32 60 2804.00
32 61 2804.00
32 62 2804.00
32 63 921.00
32 64 921.00
32 65 921.00
32 66 2470.00
32 67 2470.00
32 68 2470.00
32 69 768.00
32 70 768.00
32 71 768.00
33 34 0.00
33 35 0.00
33 36 1370.00
33 37 1370.00
33 38 1370.00
33 39 3122.00
33 40 3122.00
33 41 3122.00
33 42 3756.00
33 43 3756.00
33 44 3756.00
33 45 3134.00
33 46 3134.00
33 47 3134.00
33 48 3720.00
33 49 3720.00
33 50 3720.00
33 51 3243.00
33 52 3243.00
33 53 3243.00
33 54 1951.00
33 55 1951.00
33 56 1951.00
33 57 3268.00
33 58 3268.00
33 59 3268.00
33 60 3824.00
33 61 3824.00
33 62 3824.00
33 63 2532.00
33 64 2532.00
33 65 2532.00
33 66 3755.00
33 67 3755.00
33 68 3755.00
33 69 1464.00
33 70 1464.00
33 71 1464.00
34 35 0.00
34 36 1370.00
34 37 1370.00
34 38 1370.00
34 39 3122.00
34 40 3122.00
34 41 3122.00
34 42 3756.00
34 43 3756.00
34 44 3756.00
34 45 3134.00
34 46 3134.00
34 47 3134.00
34 48 3720.00
34 49 3720.00
34 50 3720.00
34 51 3243.00
34 52 3243.00
34 53 3243.00
34 54 1951.00
34 55 1951.00
34 56 1951.00
34 57 3268.00
34 58 3268.00
34 59 3268.00
34 60 3824.00
34 61 3824.00
34 62 3824.00
34 63 2532.00
34 64 2532.00
34 65 2532.00
34 66 3755.00
34 67 3755.00
34 68 3755.00
34 69 1464.00
34 70 1464.00
34 71 1464.00
35 36 1370.00
35 37 1370.00
35 38 1370.00
35 39 3122.00
35 40 3122.00
35 41 3122.00
35 42 3756.00
35 43 3756.00
35 44 3756.00
35 45 3134.00
35 46 3134.00
35 47 3134.00
35 48 3720.00
35 49 3720.00
35 50 3720.00
35 51 3243.00
35 52 3243.00
35 53 3243.00
35 54 1951.00
35 55 1951.00
35 56 1951.00
35 57 3268.00
35 58 3268.00
35 59 3268.00
35 60 3824.00
35 61 3824.00
35 62 3824.00
35 63 2532.00
35 64 2532.00
35 65 2532.00
35 66 3755.00
35 67 3755.00
35 68 3755.00
35 69 1464.00
35 70 1464.00
35 71 1464.00
36 37 0.00
36 38 0.00
36 39 2471.00
36 40 2471.00
36 41 2471.00
36 42 3623.00
36 43 3623.00
36 44 3623.00
36 45 2484.00
36 46 2484.00
36 47 2484.00
36 48 3443.00
36 49 3443.00
36 50 3443.00
36 51 3190.00
36 52 3190.00
36 53 3190.00
36 54 1116.00
36 55 1116.00
36 56 1116.00
36 57 2760.00
36 58 2760.00
36 59 2760.00
36 60 3692.00
36 61 3692.00
36 62 3692.00
36 63 1884.00
36 64 1884.00
36 65 1884.00
36 66 3411.00
36 67 3411.00
36 68 3411.00
36 69 1255.00
36 70 1255.00
36 71 1255.00
37 38 0.00
37 39 2471.00
37 40 2471.00
37 41 2471.00
37 42 3623.00
37 43 3623.00
37 44 3623.00
37 45 2484.00
37 46 2484.00
37 47 2484.00
37 48 3443.00
37 49 3443.00
37 50 3443.00
37 51 3190.00
37 52 3190.00
37 53 3190.00
37 54 1116.00
37 55 1116.00
37 56 1116.00
37 57 2760.00
37 58 2760.00
37 59 2760.00
37 60 3692.00
37 61 3692.00
37 62 3692.00
37 63 1884.00
37 64 1884.00
37 65 1884.00
37 66 3411.00
37 67 3411.00
37 68 3411.00
37 69 1255.00
37 70 1255.00
37 71 1255.00
38 39 2471.00
38 40 2471.00
38 41 2471.00
38 42 3623.00
38 43 3623.00
38 44 3623.00
38 45 2484.00
38 46 2484.00
38 47 2484.00
38 48 3443.00
38 49 3443.00
38 50 3443.00
38 51 3190.00
38 52 3190.00
38 53 3190.00
38 54 1116.00
38 55 1116.00
38 56 1116.00
38 57 2760.00
38 58 2760.00
38 59 2760.00
38 60 3692.00
38 61 3692.00
38 62 3692.00
38 63 1884.00
38 64 1884.00
38 65 1884.00
38 66 3411.00
38 67 3411.00
38 68 3411.00
38 69 1255.00
38 70 1255.00
38 71 1255.00
39 40 0.00
39 41 0.00
39 42 1561.00
39 43 1561.00
39 44 1561.00
39 45 13.00
39 46 13.00
39 47 13.00
39 48 1219.00
39 49 1219.00
39 50 1219.00
39 51 1422.00
39 52 1422.00
39 53 1422.00
39 54 1356.00
39 55 1356.00
39 56 1356.00
39 57 402.00
39 58 402.00
39 59 402.00
39 60 1615.00
39 61 1615.00
39 62 1615.00
39 63 607.00
39 64 607.00
39 65 607.00
39 66 1106.00
39 67 1106.00
39 68 1106.00
39 69 1661.00
39 70 1661.00
39 71 1661.00
40 41 0.00
40 42 1561.00
40 43 1561.00
40 44 1561.00
40 45 13.00
40 46 13.00
40 47 13.00
40 48 1219.00
40 49 1219.00
40 50 1219.00
40 51 1422.00
40 52 1422.00
40 53 1422.00
40 54 1356.00
40 55 1356.00
40 56 1356.00
40 57 402.00
40 58 402.00
40 59 402.00
40 60 1615.00
40 61 1615.00
40 62 1615.00
40 63 607.00
40 64 607.00
40 65 607.00
40 66 1106.00
40 67 1106.00
40 68 1106.00
40 69 1661.00
40 70 1661.00
40 71 1661.00
41 42 1561.00
41 43 1561.00
41 44 1561.00
41 45 13.00
41 46 13.00
41 47 13.00
41 48 1219.00
41 49 1219.00
41 50 1219.00
41 51 1422.00
41 52 1422.00
41 53 1422.00
41 54 1356.00
41 55 1356.00
41 56 1356.00
41 57 402.00
41 58 402.00
41 59 402.00
41 60 1615.00
41 61 1615.00
41 62 1615.00
41 63 607.00
41 64 607.00
41 65 607.00
41 66 1106.00
41 67 1106.00
41 68 1106.00
41 69 1661.00
41 70 1661.00
41 71 1661.00
42 43 0.00
42 44 0.00
42 45 1552.00
42 46 1552.00
42 47 1552.00
42 48 399.00
42 49 399.00
42 50 399.00
42 51 523.00
42 52 523.00
42 53 523.00
42 54 2585.00
42 55 2585.00
42 56 2585.00
42 57 1162.00
42 58 1162.00
42 59 1162.00
42 60 70.00
42 61 70.00
42 62 70.00
42 63 1886.00
42 64 1886.00
42 65 1886.00
42 66 578.00
42 67 578.00
42 68 578.00
42 69 2452.00
42 70 2452.00
42 71 2452.00
43 44 0.00
43 45 1552.00
43 46 1552.00
43 47 1552.00
43 48 399.00
43 49 399.00
43 50 399.00
43 51 523.00
43 52 523.00
43 53 523.00
43 54 2585.00
43 55 2585.00
43 56 2585.00
43 57 1162.00
43 58 1162.00
43 59 1162.00
43 60 70.00
43 61 70.00
43 62 70.00
43 63 1886.00
43 64 1886.00
43 65 1886.00
43 66 578.00
43 67 578.00
43 68 578.00
43 69 2452.00
43 70 2452.00
43 71 2452.00
44 45 1552.00
44 46 1552.00
44 47 1552.00
44 48 399.00
44 49 399.00
44 50 399.00
44 51 523.00
44 52 523.00
44 53 523.00
44 54 2585.00
44 55 2585.00
44 56 2585.00
44 57 1162.00
44 58 1162.00
44 59 1162.00
44 60 70.00
44 61 70.00
44 62 70.00
44 63 1886.00
44 64 1886.00
44 65 1886.00
44 66 578.00
44 67 578.00
44 68 578.00
44 69 2452.00
44 70 2452.00
44 71 2452.00
45 46 0.00
45 47 0.00
45 48 1209.00
45 49 1209.00
45 50 1209.00
45 51 1417.00
45 52 1417.00
45 53 1417.00
45 54 1369.00
45 55 1369.00
45 56 1369.00
45 57 393.00
45 58 393.00
45 59 393.00
45 60 1606.00
45 61 1606.00
45 62 1606.00
45 63 619.00
45 64 619.00
45 65 619.00
45 66 1095.00
45 67 1095.00
45 68 1095.00
45 69 1672.00
45 70 1672.00
45 71 1672.00
46 47 0.00
46 48 1209.00
46 49 1209.00
46 50 1209.00
46 51 1417.00
46 52 1417.00
46 53 1417.00
46 54 1369.00
46 55 1369.00
46 56 1369.00
46 57 393.00
46 58 393.00
46 59 393.00
46 60 1606.00
46 61 1606.00
46 62 1606.00
46 63 619.00
46 64 619.00
46 65 619.00
46 66 1095.00
46 67 1095.00
46 68 1095.00
46 69 1672.00
46 70 1672.00
46 71 1672.00
47 48 1209.00
47 49 1209.00
47 50 1209.00
47 51 1417.00
47 52 1417.00
47 53 1417.00
47 54 1369.00
47 55 1369.00
47 56 1369.00
47 57 393.00
47 58 393.00
47 59 393.00
47 60 1606.00
47 61 1606.00
47 62 1606.00
47 63 619.00
47 64 619.00
47 65 619.00
47 66 1095.00
47 67 1095.00
47 68 1095.00
47 69 1672.00
47 70 1672.00
47 71 1672.00
48 49 0.00
48 50 0.00
48 51 671.00
48 52 671.00
48 53 671.00
48 54 2365.00
48 55 2365.00
48 56 2365.00
48 57 818.00
48 58 818.00
48 59 818.00
48 60 432.00
48 61 432.00
48 62 432.00
48 63 1625.00
48 64 1625.00
48 65 1625.00
48 66 181.00
48 67 181.00
48 68 181.00
48 69 2341.00
48 70 2341.00
48 71 2341.00
49 50 0.00
49 51 671.00
49 52 671.00
49 53 671.00
49 54 2365.00
49 55 2365.00
49 56 2365.00
49 57 818.00
49 58 818.00
49 59 818.00
49 60 432.00
49 61 432.00
49 62 432.00
49 63 1625.00
49 64 1625.00
49 65 1625.00
49 66 181.00
49 67 181.00
49 68 181.00
49 69 2341.00
49 70 2341.00
49 71 2341.00
50 51 671.00
50 52 671.00
50 53 671.00
50 54 2365.00
50 55 2365.00
50 56 2365.00
50 57 818.00
50 58 818.00
50 59 818.00
50 60 432.00
50 61 432.00
50 62 432.00
50 63 1625.00
50 64 1625.00
50 65 1625.00
50 66 181.00
50 67 181.00
50 68 181.00
50 69 2341.00
50 70 2341.00
50 71 2341.00
51 52 0.00
51 53 0.00
51 54 2206.00
51 55 2206.00
51 56 2206.00
51 57 1075.00
51 58 1075.00
51 59 1075.00
51 60 588.00
51 61 588.00
51 62 588.00
51 63 1584.00
51 64 1584.00
51 65 1584.00
51 66 819.00
51 67 819.00
51 68 819.00
51 69 1982.00
51 70 1982.00
51 71 1982.00
52 53 0.00
52 54 2206.00
52 55 2206.00
52 56 2206.00
52 57 1075.00
52 58 1075.00
52 59 1075.00
52 60 588.00
52 61 588.00
52 62 588.00
52 63 1584.00
52 64 1584.00
52 65 1584.00
52 66 819.00
52 67 819.00
52 68 819.00
52 69 1982.00
52 70 1982.00
52 71 1982.00
53 54 2206.00
53 55 2206.00
53 56 2206.00
53 57 1075.00
53 58 1075.00
53 59 1075.00
53 60 588.00
53 61 588.00
53 62 588.00
53 63 1584.00
53 64 1584.00
53 65 1584.00
53 66 819.00
53 67 819.00
53 68 819.00
53 69 1982.00
53 70 1982.00
53 71 1982.00
54 55 0.00
54 56 0.00
54 57 1648.00
54 58 1648.00
54 59 1648.00
54 60 2653.00
54 61 2653.00
54 62 2653.00
54 63 770.00
54 64 770.00
54 65 770.00
54 66 2316.00
54 67 2316.00
54 68 2316.00
54 69 730.00
54 70 730.00
54 71 730.00
55 56 0.00
55 57 1648.00
55 58 1648.00
55 59 1648.00
55 60 2653.00
55 61 2653.00
55 62 2653.00
55 63 770.00
55 64 770.00
55 65 770.00
55 66 2316.00
55 67 2316.00
55 68 2316.00
55 69 730.00
55 70 730.00
55 71 730.00
56 57 1648.00
56 58 1648.00
56 59 1648.00
56 60 2653.00
56 61 2653.00
56 62 2653.00
56 63 770.00
56 64 770.00
56 65 770.00
56 66 2316.00
56 67 2316.00
56 68 2316.00
56 69 730.00
56 70 730.00
56 71 730.00
57 58 0.00
57 59 0.00
57 60 1215.00
57 61 1215.00
57 62 1215.00
57 63 879.00
57 64 879.00
57 65 879.00
57 66 711.00
57 67 711.00
57 68 711.00
57 69 1810.00
57 70 1810.00
57 71 1810.00
58 59 0.00
58 60 1215.00
58 61 1215.00
58 62 1215.00
58 63 879.00
58 64 879.00
58 65 879.00
58 66 711.00
58 67 711.00
58 68 711.00
58 69 1810.00
58 70 1810.00
58 71 1810.00
59 60 1215.00
59 61 1215.00
59 62 1215.00
59 63 879.00
59 64 879.00
59 65 879.00
59 66 711.00
59 67 711.00
59 68 711.00
59 69 1810.00
59 70 1810.00
59 71 1810.00
60 61 0.00
60 62 0.00
60 63 1951.00
60 64 1951.00
60 65 1951.00
60 66 605.00
60 67 605.00
60 68 605.00
60 69 2523.00
60 70 2523.00
60 71 2523.00
61 62 0.00
61 63 1951.00
61 64 1951.00
61 65 1951.00
61 66 605.00
61 67 605.00
61 68 605.00
61 69 2523.00
61 70 2523.00
61 71 2523.00
62 63 1951.00
62 64 1951.00
62 65 1951.00
62 66 605.00
62 67 605.00
62 68 605.00
62 69 2523.00
62 70 2523.00
62 71 2523.00
63 64 0.00
63 65 0.00
63 66 1560.00
63 67 1560.00
63 68 1560.00
63 69 1083.00
63 70 1083.00
63 71 1083.00
64 65 0.00
64 66 1560.00
64 67 1560.00
64 68 1560.00
64 69 1083.00
64 70 1083.00
64 71 1083.00
65 66 1560.00
65 67 1560.00
65 68 1560.00
65 69 1083.00
65 70 1083.00
65 71 1083.00
66 67 0.00
66 68 0.00
66 69 2348.00
66 70 2348.00
66 71 2348.00
67 68 0.00
67 69 2348.00
67 70 2348.00
67 71 2348.00
68 69 2348.00
68 70 2348.00
68 71 2348.00
69 70 0.00
69 71 0.00
70 71 0.00

1 0 0 0 0 0 0 0 0 0 0 0 0 0 0 1 0 0 0 1 0 0 0 0 0 1 0 0 0 1 0 0 0 0 0 0 0 0 0 1 0 0 0 1 1 0 0 0 1 0 0 0 0 0 0 0 1 1 0 0 1 0 0 0 0 0 0 0 0 0 1 0 0 0 0 0
2 0 0 0 0 0 0 0 0 0 0 0 0 0 0 1 0 0 0 1 0 0 0 0 0 1 0 0 0 1 0 0 0 0 0 0 0 0 0 1 0 0 0 1 1 0 0 0 1 0 0 0 0 0 0 0 1 1 0 0 1 0 0 0 0 0 0 0 0 0 1 0 0 0 0 0
3 0 1 0 1 1 0 0 0 1 0 0 0 0 1 0 1 0 1 0 0 1 0 1 0 0 0 1 0 0 1 0 1 0 0 0 0 0 0 0 0 0 0 0 0 0 1 0 0 0 0 0 0 1 0 0 0 0 1 0 1 1 0 0 0 0 0 0 0 0 0 1 0 0 0 1
4 0 1 0 1 1 0 0 0 1 0 0 0 0 1 0 1 0 1 0 0 1 0 1 0 0 0 1 0 0 1 0 1 0 0 0 0 0 0 0 0 0 0 0 0 0 1 0 0 0 0 0 0 1 0 0 0 0 1 0 1 1 0 0 0 0 0 0 0 0 0 1 0 0 0 1
5 0 1 0 1 1 0 0 0 1 0 0 0 0 1 0 1 0 1 0 0 1 0 1 0 0 0 1 0 0 1 0 1 0 0 0 0 0 0 0 0 0 0 0 0 0 1 0 0 0 0 0 0 1 0 0 0 0 1 0 1 1 0 0 0 0 0 0 0 0 0 1 0 0 0 1
6 1 0 0 0 0 1 0 0 0 0 0 0 0 0 0 0 1 0 0 0 0 0 0 1 0 0 0 1 0 0 1 0 0 0 0 0 0 0 0 1 1 0 0 0 1 0 0 0 0 1 0 0 0 1 1 0 0 0 0 0 0 0 1 0 1 0 1 0 1 0 0 1 0 0 0
7 1 0 0 0 0 1 0 0 0 0 0 0 0 0 0 0 1 0 0 0 0 0 0 1 0 0 0 1 0 0 1 0 0 0 0 0 0 0 0 1 1 0 0 0 1 0 0 0 0 1 0 0 0 1 1 0 0 0 0 0 0 0 1 0 1 0 1 0 1 0 0 1 0 0 0
8 1 0 0 0 0 1 0 0 0 0 0 0 0 0 0 0 1 0 0 0 0 0 0 1 0 0 0 1 0 0 1 0 0 0 0 0 0 0 0 1 1 0 0 0 1 0 0 0 0 1 0 0 0 1 1 0 0 0 0 0 0 0 1 0 1 0 1 0 1 0 0 1 0 0 0
9 0 0 0 0 1 0 0 1 0 0 0 1 0 1 0 0 0 0 0 0 0 0 1 0 1 0 1 0 0 0 0 0 0 0 0 0 0 0 0 0 0 0 1 0 0 0 0 0 0 0 1 0 1 0 0 0 1 0 0 1 0 0 0 0 0 0 0 0 0 1 1 0 0 0 1
10 0 0 0 0 1 0 0 1 0 0 0 1 0 1 0 0 0 0 0 0 0 0 1 0 1 0 1 0 0 0 0 0 0 0 0 0 0 0 0 0 0 0 1 0 0 0 0 0 0 0 1 0 1 0 0 0 1 0 0 1 0 0 0 0 0 0 0 0 0 1 1 0 0 0 1
11 0 0 0 0 1 0 0 1 0 0 0 1 0 1 0 0 0 0 0 0 0 0 1 0 1 0 1 0 0 0 0 0 0 0 0 0 0 0 0 0 0 0 1 0 0 0 0 0 0 0 1 0 1 0 0 0 1 0 0 1 0 0 0 0 0 0 0 0 0 1 1 0 0 0 1
12 0 0 1 0 0 0 1 0 0 0 1 0 1 0 0 0 1 0 0 0 0 1 0 1 0 0 0 1 0 0 1 0 0 1 0 0 0 1 0 0 0 0 0 0 0 0 1 0 1 1 0 0 0 1 1 0 0 0 1 0 0 0 1 1 1 1 1 1 0 0 0 1 0 0 0
13 0 0 1 0 0 0 1 0 0 0 1 0 1 0 0 0 1 0 0 0 0 1 0 1 0 0 0 1 0 0 1 0 0 1 0 0 0 1 0 0 0 0 0 0 0 0 1 0 1 1 0 0 0 1 1 0 0 0 1 0 0 0 1 1 1 1 1 1 0 0 0 1 0 0 0
14 0 0 1 0 0 0 1 0 0 0 1 0 1 0 0 0 1 0 0 0 0 1 0 1 0 0 0 1 0 0 1 0 0 1 0 0 0 1 0 0 0 0 0 0 0 0 1 0 1 1 0 0 0 1 1 0 0 0 1 0 0 0 1 1 1 1 1 1 0 0 0 1 0 0 0
15 0 1 0 1 1 0 0 0 1 1 0 0 0 0 0 0 0 1 0 0 1 0 0 0 0 1 0 0 0 1 0 1 1 0 1 1 1 0 0 0 0 0 1 1 0 0 0 1 0 0 0 1 0 0 0 1 0 1 0 1 1 1 0 0 0 0 0 0 0 0 0 0 0 0 0
16 0 1 0 1 1 0 0 0 1 1 0 0 0 0 0 0 0 1 0 0 1 0 0 0 0 1 0 0 0 1 0 1 1 0 1 1 1 0 0 0 0 0 1 1 0 0 0 1 0 0 0 1 0 0 0 1 0 1 0 1 1 1 0 0 0 0 0 0 0 0 0 0 0 0 0
17 0 1 0 1 1 0 0 0 1 1 0 0 0 0 0 0 0 1 0 0 1 0 0 0 0 1 0 0 0 1 0 1 1 0 1 1 1 0 0 0 0 0 1 1 0 0 0 1 0 0 0 1 0 0 0 1 0 1 0 1 1 1 0 0 0 0 0 0 0 0 0 0 0 0 0
18 0 0 1 0 0 1 0 0 0 0 0 0 0 0 0 0 1 0 0 0 0 1 0 1 0 0 0 0 0 0 1 0 1 0 0 0 0 1 0 0 0 1 0 0 0 0 0 0 0 1 0 0 0 0 1 0 0 0 0 0 0 0 0 1 1 0 1 1 0 0 0 1 0 0 0
19 0 0 1 0 0 1 0 0 0 0 0 0 0 0 0 0 1 0 0 0 0 1 0 1 0 0 0 0 0 0 1 0 1 0 0 0 0 1 0 0 0 1 0 0 0 0 0 0 0 1 0 0 0 0 1 0 0 0 0 0 0 0 0 1 1 0 1 1 0 0 0 1 0 0 0
20 0 0 1 0 0 1 0 0 0 0 0 0 0 0 0 0 1 0 0 0 0 1 0 1 0 0 0 0 0 0 1 0 1 0 0 0 0 1 0 0 0 1 0 0 0 0 0 0 0 1 0 0 0 0 1 0 0 0 0 0 0 0 0 1 1 0 1 1 0 0 0 1 0 0 0
21 0 1 0 1 1 0 0 0 1 1 0 0 0 0 0 0 0 1 0 0 1 0 0 0 0 1 0 0 0 1 0 1 1 0 1 1 1 0 0 0 0 0 1 1 0 0 0 1 0 0 0 1 0 0 0 1 0 1 0 1 1 1 0 0 0 0 0 0 0 0 0 0 0 0 0
22 0 1 0 1 1 0 0 0 1 1 0 0 0 0 0 0 0 1 0 0 1 0 0 0 0 1 0 0 0 1 0 1 1 0 1 1 1 0 0 0 0 0 1 1 0 0 0 1 0 0 0 1 0 0 0 1 0 1 0 1 1 1 0 0 0 0 0 0 0 0 0 0 0 0 0
23 0 1 0 1 1 0 0 0 1 1 0 0 0 0 0 0 0 1 0 0 1 0 0 0 0 1 0 0 0 1 0 1 1 0 1 1 1 0 0 0 0 0 1 1 0 0 0 1 0 0 0 1 0 0 0 1 0 1 0 1 1 1 0 0 0 0 0 0 0 0 0 0 0 0 0
24 0 0 0 0 0 0 1 0 0 0 1 0 1 0 0 0 0 0 0 0 0 1 0 1 0 0 0 1 0 0 0 0 0 1 0 0 0 1 0 0 0 0 0 0 0 0 1 0 1 1 0 0 0 1 0 0 0 0 1 0 0 0 1 0 1 0 1 0 1 0 0 1 0 1 0
25 0 0 0 0 0 0 1 0 0 0 1 0 1 0 0 0 0 0 0 0 0 1 0 1 0 0 0 1 0 0 0 0 0 1 0 0 0 1 0 0 0 0 0 0 0 0 1 0 1 1 0 0 0 1 0 0 0 0 1 0 0 0 1 0 1 0 1 0 1 0 0 1 0 1 0
26 0 0 0 0 0 0 1 0 0 0 1 0 1 0 0 0 0 0 0 0 0 1 0 1 0 0 0 1 0 0 0 0 0 1 0 0 0 1 0 0 0 0 0 0 0 0 1 0 1 1 0 0 0 1 0 0 0 0 1 0 0 0 1 0 1 0 1 0 1 0 0 1 0 1 0
27 0 0 0 0 0 0 1 0 0 0 1 0 0 0 0 0 0 0 0 1 0 1 0 1 0 0 0 0 0 0 0 0 0 1 1 0 0 1 0 0 0 0 0 0 0 0 1 0 1 0 0 0 0 0 0 0 0 0 1 0 0 0 0 0 0 1 0 0 0 0 0 0 1 0 0
28 0 0 0 0 0 0 1 0 0 0 1 0 0 0 0 0 0 0 0 1 0 1 0 1 0 0 0 0 0 0 0 0 0 1 1 0 0 1 0 0 0 0 0 0 0 0 1 0 1 0 0 0 0 0 0 0 0 0 1 0 0 0 0 0 0 1 0 0 0 0 0 0 1 0 0
29 0 0 0 0 0 0 1 0 0 0 1 0 0 0 0 0 0 0 0 1 0 1 0 1 0 0 0 0 0 0 0 0 0 1 1 0 0 1 0 0 0 0 0 0 0 0 1 0 1 0 0 0 0 0 0 0 0 0 1 0 0 0 0 0 0 1 0 0 0 0 0 0 1 0 0
30 0 1 0 1 0 0 0 0 1 1 0 0 0 0 0 0 0 1 0 0 1 0 0 0 0 1 0 0 0 1 0 1 0 0 1 1 1 0 0 0 0 0 1 0 0 0 0 0 0 0 0 1 0 0 0 1 0 1 0 1 1 1 0 0 0 0 0 0 0 0 0 0 0 0 0
31 0 1 0 1 0 0 0 0 1 1 0 0 0 0 0 0 0 1 0 0 1 0 0 0 0 1 0 0 0 1 0 1 0 0 1 1 1 0 0 0 0 0 1 0 0 0 0 0 0 0 0 1 0 0 0 1 0 1 0 1 1 1 0 0 0 0 0 0 0 0 0 0 0 0 0
32 0 1 0 1 0 0 0 0 1 1 0 0 0 0 0 0 0 1 0 0 1 0 0 0 0 1 0 0 0 1 0 1 0 0 1 1 1 0 0 0 0 0 1 0 0 0 0 0 0 0 0 1 0 0 0 1 0 1 0 1 1 1 0 0 0 0 0 0 0 0 0 0 0 0 0
33 0 0 0 0 0 0 0 1 0 0 0 1 0 1 0 0 0 0 1 0 0 0 0 0 1 0 1 0 0 0 0 0 0 0 0 0 0 0 0 0 0 0 0 0 0 0 0 0 0 0 1 0 1 0 0 0 1 0 0 0 0 0 0 0 0 0 0 0 0 1 1 0 0 0 0
34 0 0 0 0 0 0 0 1 0 0 0 1 0 1 0 0 0 0 1 0 0 0 0 0 1 0 1 0 0 0 0 0 0 0 0 0 0 0 0 0 0 0 0 0 0 0 0 0 0 0 1 0 1 0 0 0 1 0 0 0 0 0 0 0 0 0 0 0 0 1 1 0 0 0 0
35 0 0 0 0 0 0 0 1 0 0 0 1 0 1 0 0 0 0 1 0 0 0 0 0 1 0 1 0 0 0 0 0 0 0 0 0 0 0 0 0 0 0 0 0 0 0 0 0 0 0 1 0 1 0 0 0 1 0 0 0 0 0 0 0 0 0 0 0 0 1 1 0 0 0 0
36 0 0 0 1 1 0 0 0 1 0 0 0 0 1 0 1 0 1 0 0 1 0 1 0 0 0 1 0 0 1 0 0 0 0 0 0 0 0 0 0 0 0 0 0 0 1 0 0 0 0 0 0 1 0 0 0 0 1 0 1 0 0 0 0 0 0 0 0 0 0 1 0 0 0 1
37 0 0 0 1 1 0 0 0 1 0 0 0 0 1 0 1 0 1 0 0 1 0 1 0 0 0 1 0 0 1 0 0 0 0 0 0 0 0 0 0 0 0 0 0 0 1 0 0 0 0 0 0 1 0 0 0 0 1 0 1 0 0 0 0 0 0 0 0 0 0 1 0 0 0 1
38 0 0 0 1 1 0 0 0 1 0 0 0 0 1 0 1 0 1 0 0 1 0 1 0 0 0 1 0 0 1 0 0 0 0 0 0 0 0 0 0 0 0 0 0 0 1 0 0 0 0 0 0 1 0 0 0 0 1 0 1 0 0 0 0 0 0 0 0 0 0 1 0 0 0 1
39 0 0 0 0 0 0 1 0 0 0 1 0 0 0 0 0 0 0 0 1 0 1 0 0 0 0 0 0 0 0 0 0 0 1 1 0 0 1 0 0 0 0 0 0 0 0 1 0 1 0 0 0 0 0 0 0 0 0 1 0 0 0 0 0 0 1 0 0 0 0 0 0 1 0 0
40 0 0 0 0 0 0 1 0 0 0 1 0 0 0 0 0 0 0 0 1 0 1 0 0 0 0 0 0 0 0 0 0 0 1 1 0 0 1 0 0 0 0 0 0 0 0 1 0 1 0 0 0 0 0 0 0 0 0 1 0 0 0 0 0 0 1 0 0 0 0 0 0 1 0 0
41 0 0 0 0 0 0 1 0 0 0 1 0 0 0 0 0 0 0 0 1 0 1 0 0 0 0 0 0 0 0 0 0 0 1 1 0 0 1 0 0 0 0 0 0 0 0 1 0 1 0 0 0 0 0 0 0 0 0 1 0 0 0 0 0 0 1 0 0 0 0 0 0 1 0 0
42 1 0 0 0 0 0 0 0 0 0 1 0 1 0 0 0 0 0 0 0 0 0 0 1 0 0 0 1 0 0 0 0 0 0 0 0 0 0 0 1 1 0 0 0 1 0 0 0 0 1 0 0 0 1 0 0 0 0 1 0 0 0 1 0 1 0 0 0 1 0 0 1 0 0 0
43 1 0 0 0 0 0 0 0 0 0 1 0 1 0 0 0 0 0 0 0 0 0 0 1 0 0 0 1 0 0 0 0 0 0 0 0 0 0 0 1 1 0 0 0 1 0 0 0 0 1 0 0 0 1 0 0 0 0 1 0 0 0 1 0 1 0 0 0 1 0 0 1 0 0 0
44 1 0 0 0 0 0 0 0 0 0 1 0 1 0 0 0 0 0 0 0 0 0 0 1 0 0 0 1 0 0 0 0 0 0 0 0 0 0 0 1 1 0 0 0 1 0 0 0 0 1 0 0 0 1 0 0 0 0 1 0 0 0 1 0 1 0 0 0 1 0 0 1 0 0 0
45 0 0 0 0 0 0 1 0 0 0 1 0 0 0 0 0 0 0 0 1 0 1 0 0 0 0 0 0 0 0 0 0 0 1 1 0 0 1 0 0 0 0 0 0 0 0 1 0 1 0 0 0 0 0 0 0 0 0 1 0 0 0 0 0 0 1 0 0 0 0 0 0 1 0 0
46 0 0 0 0 0 0 1 0 0 0 1 0 0 0 0 0 0 0 0 1 0 1 0 0 0 0 0 0 0 0 0 0 0 1 1 0 0 1 0 0 0 0 0 0 0 0 1 0 1 0 0 0 0 0 0 0 0 0 1 0 0 0 0 0 0 1 0 0 0 0 0 0 1 0 0
47 0 0 0 0 0 0 1 0 0 0 1 0 0 0 0 0 0 0 0 1 0 1 0 0 0 0 0 0 0 0 0 0 0 1 1 0 0 1 0 0 0 0 0 0 0 0 1 0 1 0 0 0 0 0 0 0 0 0 1 0 0 0 0 0 0 1 0 0 0 0 0 0 1 0 0
48 0 0 0 0 0 0 0 0 0 0 1 0 1 0 0 0 0 0 0 0 0 0 0 1 0 0 0 1 0 0 0 0 0 1 0 0 0 1 0 0 1 0 0 0 1 0 1 0 1 1 0 0 0 1 0 0 0 0 1 0 0 0 1 0 1 0 0 0 1 0 0 0 0 1 0
49 0 0 0 0 0 0 0 0 0 0 1 0 1 0 0 0 0 0 0 0 0 0 0 1 0 0 0 1 0 0 0 0 0 1 0 0 0 1 0 0 1 0 0 0 1 0 1 0 1 1 0 0 0 1 0 0 0 0 1 0 0 0 1 0 1 0 0 0 1 0 0 0 0 1 0
50 0 0 0 0 0 0 0 0 0 0 1 0 1 0 0 0 0 0 0 0 0 0 0 1 0 0 0 1 0 0 0 0 0 1 0 0 0 1 0 0 1 0 0 0 1 0 1 0 1 1 0 0 0 1 0 0 0 0 1 0 0 0 1 0 1 0 0 0 1 0 0 0 0 1 0
51 1 0 0 0 0 1 0 0 0 0 0 0 1 0 0 0 1 0 0 0 0 0 0 1 0 0 0 1 0 0 1 0 0 0 0 0 0 1 0 1 1 0 0 0 1 0 1 0 0 1 0 0 0 1 1 0 0 0 1 0 0 0 1 0 1 0 1 0 1 0 0 1 0 0 0
52 1 0 0 0 0 1 0 0 0 0 0 0 1 0 0 0 1 0 0 0 0 0 0 1 0 0 0 1 0 0 1 0 0 0 0 0 0 1 0 1 1 0 0 0 1 0 1 0 0 1 0 0 0 1 1 0 0 0 1 0 0 0 1 0 1 0 1 0 1 0 0 1 0 0 0
53 1 0 0 0 0 1 0 0 0 0 0 0 1 0 0 0 1 0 0 0 0 0 0 1 0 0 0 1 0 0 1 0 0 0 0 0 0 1 0 1 1 0 0 0 1 0 1 0 0 1 0 0 0 1 1 0 0 0 1 0 0 0 1 0 1 0 1 0 1 0 0 1 0 0 0
54 0 1 0 1 0 0 0 0 1 1 0 0 0 0 0 0 0 1 0 0 1 0 0 0 0 1 0 0 0 1 0 1 1 0 1 1 1 0 0 0 0 0 0 0 0 0 0 0 0 0 0 1 0 0 0 1 0 1 0 0 1 1 0 0 0 0 0 0 0 0 0 0 1 0 0
55 0 1 0 1 0 0 0 0 1 1 0 0 0 0 0 0 0 1 0 0 1 0 0 0 0 1 0 0 0 1 0 1 1 0 1 1 1 0 0 0 0 0 0 0 0 0 0 0 0 0 0 1 0 0 0 1 0 1 0 0 1 1 0 0 0 0 0 0 0 0 0 0 1 0 0
56 0 1 0 1 0 0 0 0 1 1 0 0 0 0 0 0 0 1 0 0 1 0 0 0 0 1 0 0 0 1 0 1 1 0 1 1 1 0 0 0 0 0 0 0 0 0 0 0 0 0 0 1 0 0 0 1 0 1 0 0 1 1 0 0 0 0 0 0 0 0 0 0 1 0 0
57 0 0 0 0 0 0 1 0 0 0 1 0 1 0 0 0 0 0 0 1 0 1 0 1 0 0 0 0 0 0 0 0 0 1 0 0 0 1 0 0 0 0 0 0 0 0 1 0 1 0 0 0 0 1 0 0 0 0 1 0 0 0 0 0 1 1 0 0 0 0 0 0 1 1 0
58 0 0 0 0 0 0 1 0 0 0 1 0 1 0 0 0 0 0 0 1 0 1 0 1 0 0 0 0 0 0 0 0 0 1 0 0 0 1 0 0 0 0 0 0 0 0 1 0 1 0 0 0 0 1 0 0 0 0 1 0 0 0 0 0 1 1 0 0 0 0 0 0 1 1 0
59 0 0 0 0 0 0 1 0 0 0 1 0 1 0 0 0 0 0 0 1 0 1 0 1 0 0 0 0 0 0 0 0 0 1 0 0 0 1 0 0 0 0 0 0 0 0 1 0 1 0 0 0 0 1 0 0 0 0 1 0 0 0 0 0 1 1 0 0 0 0 0 0 1 1 0
60 1 0 0 0 0 0 0 0 0 0 1 0 1 0 0 0 0 0 0 0 0 0 0 1 0 0 0 1 0 0 0 0 0 0 0 0 0 0 0 1 1 0 0 0 1 0 0 0 0 1 0 0 0 1 0 0 0 0 1 0 0 0 1 0 1 0 0 0 1 0 0 1 0 0 0
61 1 0 0 0 0 0 0 0 0 0 1 0 1 0 0 0 0 0 0 0 0 0 0 1 0 0 0 1 0 0 0 0 0 0 0 0 0 0 0 1 1 0 0 0 1 0 0 0 0 1 0 0 0 1 0 0 0 0 1 0 0 0 1 0 1 0 0 0 1 0 0 1 0 0 0
62 1 0 0 0 0 0 0 0 0 0 1 0 1 0 0 0 0 0 0 0 0 0 0 1 0 0 0 1 0 0 0 0 0 0 0 0 0 0 0 1 1 0 0 0 1 0 0 0 0 1 0 0 0 1 0 0 0 0 1 0 0 0 1 0 1 0 0 0 1 0 0 1 0 0 0
63 0 1 1 0 0 0 1 0 0 1 0 0 0 0 0 0 0 0 0 1 0 1 0 0 0 1 0 0 0 0 0 1 1 1 1 1 1 0 0 0 0 0 0 0 0 0 0 0 1 0 0 1 0 0 0 0 0 0 0 0 1 1 0 0 0 1 0 1 0 0 0 0 1 0 0
64 0 1 1 0 0 0 1 0 0 1 0 0 0 0 0 0 0 0 0 1 0 1 0 0 0 1 0 0 0 0 0 1 1 1 1 1 1 0 0 0 0 0 0 0 0 0 0 0 1 0 0 1 0 0 0 0 0 0 0 0 1 1 0 0 0 1 0 1 0 0 0 0 1 0 0
65 0 1 1 0 0 0 1 0 0 1 0 0 0 0 0 0 0 0 0 1 0 1 0 0 0 1 0 0 0 0 0 1 1 1 1 1 1 0 0 0 0 0 0 0 0 0 0 0 1 0 0 1 0 0 0 0 0 0 0 0 1 1 0 0 0 1 0 1 0 0 0 0 1 0 0
66 0 0 0 0 0 0 0 0 0 0 1 0 1 0 0 0 0 0 0 0 0 0 0 1 0 0 0 1 0 0 0 0 0 1 0 0 0 1 0 0 0 0 0 0 1 0 1 0 1 0 0 0 0 1 0 0 0 0 1 0 0 0 1 0 1 0 0 0 1 0 0 0 0 1 0
67 0 0 0 0 0 0 0 0 0 0 1 0 1 0 0 0 0 0 0 0 0 0 0 1 0 0 0 1 0 0 0 0 0 1 0 0 0 1 0 0 0 0 0 0 1 0 1 0 1 0 0 0 0 1 0 0 0 0 1 0 0 0 1 0 1 0 0 0 1 0 0 0 0 1 0
68 0 0 0 0 0 0 0 0 0 0 1 0 1 0 0 0 0 0 0 0 0 0 0 1 0 0 0 1 0 0 0 0 0 1 0 0 0 1 0 0 0 0 0 0 1 0 1 0 1 0 0 0 0 1 0 0 0 0 1 0 0 0 1 0 1 0 0 0 1 0 0 0 0 1 0
69 0 1 1 0 0 0 0 0 1 0 0 0 0 1 1 0 0 0 1 0 0 0 0 0 1 1 0 0 1 1 0 1 1 0 0 1 1 0 1 0 0 1 1 1 0 0 0 1 0 0 0 1 0 0 0 1 0 1 0 1 1 1 0 0 0 0 0 1 0 0 0 0 0 0 0
70 0 1 1 0 0 0 0 0 1 0 0 0 0 1 1 0 0 0 1 0 0 0 0 0 1 1 0 0 1 1 0 1 1 0 0 1 1 0 1 0 0 1 1 1 0 0 0 1 0 0 0 1 0 0 0 1 0 1 0 1 1 1 0 0 0 0 0 1 0 0 0 0 0 0 0
71 0 1 1 0 0 0 0 0 1 0 0 0 0 1 1 0 0 0 1 0 0 0 0 0 1 1 0 0 1 1 0 1 1 0 0 1 1 0 1 0 0 1 1 1 0 0 0 1 0 0 0 1 0 0 0 1 0 1 0 1 1 1 0 0 0 0 0 1 0 0 0 0 0 0 0
3 3 1 1 2 1 3 1 2 2 1 2 3 2 1 1 1 3 1 3 1 3 2 1 2 3 2 1 2 2 2 3 1 2 3 2 2 1 1 2 3 2 1 2 3 1 1 1 1 3 2 2 2 1 3 2 1 1 3 1 2 1 2 2 2 3 1 3 3 2 3 3 3 3 2