C1-25-50-50-8-500.ctp
72 50 25 8 6250.00
0 1 1700.00
0 2 1846.00
0 3 942.00
0 4 2709.00
0 5 1440.00
0 6 1315.00
0 7 1751.00
0 8 1227.00
0 9 1379.00
0 10 1954.00
0 11 543.00
0 12 744.00
0 13 1289.00
0 14 511.00
0 15 1371.00
0 16 1957.00
0 17 877.00
0 18 1267.00
0 19 956.00
0 20 2105.00
0 21 1759.00
0 22 2016.00
0 23 659.00
0 24 2052.00
0 25 1051.00
0 26 1051.00
0 27 462.00
0 28 462.00
0 29 462.00
0 30 2478.00
0 31 2478.00
0 32 2478.00
0 33 845.00
0 34 845.00
0 35 845.00
0 36 1615.00
0 37 1615.00
0 38 1615.00
0 39 1137.00
0 40 1137.00
0 41 1137.00
0 42 807.00
0 43 807.00
0 44 1649.00
0 45 1649.00
0 46 1649.00
0 47 2229.00
0 48 2229.00
0 49 2229.00
0 50 1739.00
0 51 1739.00
0 52 1739.00
0 53 1491.00
0 54 1491.00
0 55 1491.00
0 56 1043.00
0 57 1043.00
0 58 1043.00
0 59 2487.00
0 60 2487.00
0 61 2487.00
0 62 2392.00
0 63 2392.00
0 64 2392.00
0 65 379.00
0 66 379.00
0 67 379.00
0 68 1641.00
0 69 1641.00
0 70 1641.00
0 71 1195.00
0 72 1195.00
0 73 2875.00
0 74 2875.00
0 75 2875.00
0 76 1520.00
0 77 1520.00
0 78 1520.00
0 79 1647.00
0 80 1647.00
0 81 1647.00
0 82 577.00
0 83 577.00
0 84 577.00
0 85 1203.00
0 86 1203.00
0 87 1203.00
0 88 1729.00
0 89 1729.00
0 90 1729.00
0 91 862.00
0 92 862.00
0 93 862.00
0 94 2217.00
0 95 2217.00
0 96 2217.00
1 2 1118.00
1 3 1353.00
1 4 1157.00
1 5 552.00
1 6 2851.00
1 7 972.00
1 8 2574.00
1 9 1824.00
1 10 2632.00
1 11 1581.00
1 12 1022.00
1 13 1561.00
1 14 1235.00
1 15 2437.00
1 16 1267.00
1 17 1973.00
1 18 1871.00
1 19 1196.00
1 20 617.00
1 21 854.00
1 22 349.00
1 23 2192.00
1 24 1349.00
1 25 2499.00
1 26 2499.00
1 27 1244.00
1 28 1244.00
1 29 1244.00
1 30 1146.00
1 31 1146.00
1 32 1146.00
1 33 2041.00
1 34 2041.00
1 35 2041.00
1 36 331.00
1 37 331.00
1 38 331.00
1 39 767.00
1 40 767.00
1 41 767.00
1 42 2332.00
1 43 2332.00
1 44 1803.00
1 45 1803.00
1 46 1803.00
1 47 1450.00
1 48 1450.00
1 49 1450.00
1 50 76.00
1 51 76.00
1 52 76.00
1 53 1686.00
1 54 1686.00
1 55 1686.00
1 56 2233.00
1 57 2233.00
1 58 2233.00
1 59 1091.00
1 60 1091.00
1 61 1091.00
1 62 1053.00
1 63 1053.00
1 64 1053.00
1 65 1478.00
1 66 1478.00
1 67 1478.00
1 68 714.00
1 69 714.00
1 70 714.00
1 71 1111.00
1 72 1111.00
1 73 1299.00
1 74 1299.00
1 75 1299.00
1 76 2433.00
1 77 2433.00
1 78 2433.00
1 79 1893.00
1 80 1893.00
1 81 1893.00
1 82 1903.00
1 83 1903.00
1 84 1903.00
1 85 782.00
1 86 782.00
1 87 782.00
1 88 2418.00
1 89 2418.00
1 90 2418.00
1 91 1873.00
1 92 1873.00
1 93 1873.00
1 94 628.00
1 95 628.00
1 96 628.00
2 3 976.00
2 4 2130.00
2 5 1545.00
2 6 2534.00
2 7 2043.00
2 8 2141.00
2 9 1075.00
2 10 1770.00
2 11 1413.00
2 12 1545.00
2 13 863.00
2 14 1626.00
2 15 1842.00
2 16 2349.00
2 17 1569.00
2 18 1200.00
2 19 1919.00
2 20 806.00
2 21 1938.00
2 22 1073.00
2 23 2012.00
2 24 2439.00
2 25 2165.00
2 26 2165.00
2 27 1453.00
2 28 1453.00
2 29 1453.00
2 30 2234.00
2 31 2234.00
2 32 2234.00
2 33 1672.00
2 34 1672.00
2 35 1672.00
2 36 793.00
2 37 793.00
2 38 793.00
2 39 1575.00
2 40 1575.00
2 41 1575.00
2 42 2107.00
2 43 2107.00
2 44 886.00
2 45 886.00
2 46 886.00
2 47 2555.00
2 48 2555.00
2 49 2555.00
2 50 1062.00
2 51 1062.00
2 52 1062.00
2 53 849.00
2 54 849.00
2 55 849.00
2 56 1784.00
2 57 1784.00
2 58 1784.00
2 59 2162.00
2 60 2162.00
2 61 2162.00
2 62 2145.00
2 63 2145.00
2 64 2145.00
2 65 1478.00
2 66 1478.00
2 67 1478.00
2 68 414.00
2 69 414.00
2 70 414.00
2 71 1963.00
2 72 1963.00
2 73 2230.00
2 74 2230.00
2 75 2230.00
2 76 1745.00
2 77 1745.00
2 78 1745.00
2 79 992.00
2 80 992.00
2 81 992.00
2 82 1688.00
2 83 1688.00
2 84 1688.00
2 85 1641.00
2 86 1641.00
2 87 1641.00
2 88 1605.00
2 89 1605.00
2 90 1605.00
2 91 1467.00
2 92 1467.00
2 93 1467.00
2 94 1656.00
2 95 1656.00
2 96 1656.00
3 4 2508.00
3 5 1434.00
3 6 1607.00
3 7 1919.00
3 8 1262.00
3 9 580.00
3 10 1363.00
3 11 445.00
3 12 995.00
3 13 384.00
3 14 934.00
3 15 1084.00
3 16 2207.00
3 17 654.00
3 18 560.00
3 19 1407.00
3 20 1487.00
3 21 1863.00
3 22 1552.00
3 23 1040.00
3 24 2308.00
3 25 1237.00
3 26 1237.00
3 27 689.00
3 28 689.00
3 29 689.00
3 30 2432.00
3 31 2432.00
3 32 2432.00
3 33 743.00
3 34 743.00
3 35 743.00
3 36 1103.00
3 37 1103.00
3 38 1103.00
3 39 1264.00
3 40 1264.00
3 41 1264.00
3 42 1144.00
3 43 1144.00
3 44 758.00
3 45 758.00
3 46 758.00
3 47 2467.00
3 48 2467.00
3 49 2467.00
3 50 1350.00
3 51 1350.00
3 52 1350.00
3 53 593.00
3 54 593.00
3 55 593.00
3 56 905.00
3 57 905.00
3 58 905.00
3 59 2400.00
3 60 2400.00
3 61 2400.00
3 62 2337.00
3 63 2337.00
3 64 2337.00
3 65 565.00
3 66 565.00
3 67 565.00
3 68 922.00
3 69 922.00
3 70 922.00
3 71 1563.00
3 72 1563.00
3 73 2652.00
3 74 2652.00
3 75 2652.00
3 76 1090.00
3 77 1090.00
3 78 1090.00
3 79 788.00
3 80 788.00
3 81 788.00
3 82 715.00
3 83 715.00
3 84 715.00
3 85 1351.00
3 86 1351.00
3 87 1351.00
3 88 1131.00
3 89 1131.00
3 90 1131.00
3 91 548.00
3 92 548.00
3 93 548.00
3 94 1978.00
3 95 1978.00
3 96 1978.00
4 5 1273.00
4 6 3953.00
4 7 1166.00
4 8 3707.00
4 9 2974.00
4 10 3777.00
4 11 2701.00
4 12 1967.00
4 13 2711.00
4 14 2201.00
4 15 3591.00
4 16 1237.00
4 17 3116.00
4 18 3027.00
4 19 1918.00
4 20 1350.00
4 21 1078.00
4 22 1059.00
4 23 3279.00
4 24 1236.00
4 25 3615.00
4 26 3615.00
4 27 2294.00
4 28 2294.00
4 29 2294.00
4 30 449.00
4 31 449.00
4 32 449.00
4 33 3178.00
4 34 3178.00
4 35 3178.00
4 36 1449.00
4 37 1449.00
4 38 1449.00
4 39 1585.00
4 40 1585.00
4 41 1585.00
4 42 3426.00
4 43 3426.00
4 44 2925.00
4 45 2925.00
4 46 2925.00
4 47 1184.00
4 48 1184.00
4 49 1184.00
4 50 1170.00
4 51 1170.00
4 52 1170.00
4 53 2821.00
4 54 2821.00
4 55 2821.00
4 56 3376.00
4 57 3376.00
4 58 3376.00
4 59 351.00
4 60 351.00
4 61 351.00
4 62 461.00
4 63 461.00
4 64 461.00
4 65 2565.00
4 66 2565.00
4 67 2565.00
4 68 1788.00
4 69 1788.00
4 70 1788.00
4 71 1710.00
4 72 1710.00
4 73 170.00
4 74 170.00
4 75 170.00
4 76 3590.00
4 77 3590.00
4 78 3590.00
4 79 3020.00
4 80 3020.00
4 81 3020.00
4 82 3015.00
4 83 3015.00
4 84 3015.00
4 85 1534.00
4 86 1534.00
4 87 1534.00
4 88 3568.00
4 89 3568.00
4 90 3568.00
4 91 3018.00
4 92 3018.00
4 93 3018.00
4 94 531.00
4 95 531.00
4 96 531.00
5 6 2712.00
5 7 513.00
5 8 2509.00
5 9 1989.00
5 10 2793.00
5 11 1504.00
5 12 696.00
5 13 1741.00
5 14 930.00
5 15 2464.00
5 16 820.00
5 17 1951.00
5 18 1993.00
5 19 704.00
5 20 1169.00
5 21 434.00
5 22 880.00
5 23 2034.00
5 24 916.00
5 25 2391.00
5 26 2391.00
5 27 1047.00
5 28 1047.00
5 29 1047.00
5 30 1055.00
5 31 1055.00
5 32 1055.00
5 33 1994.00
5 34 1994.00
5 35 1994.00
5 36 784.00
5 37 784.00
5 38 784.00
5 39 314.00
5 40 314.00
5 41 314.00
5 42 2185.00
5 43 2185.00
5 44 2054.00
5 45 2054.00
5 46 2054.00
5 47 1057.00
5 48 1057.00
5 49 1057.00
5 50 628.00
5 51 628.00
5 52 628.00
5 53 1910.00
5 54 1910.00
5 55 1910.00
5 56 2205.00
5 57 2205.00
5 58 2205.00
5 59 1052.00
5 60 1052.00
5 61 1052.00
5 62 965.00
5 63 965.00
5 64 965.00
5 65 1336.00
5 66 1336.00
5 67 1336.00
5 68 1133.00
5 69 1133.00
5 70 1133.00
5 71 572.00
5 72 572.00
5 73 1441.00
5 74 1441.00
5 75 1441.00
5 76 2510.00
5 77 2510.00
5 78 2510.00
5 79 2126.00
5 80 2126.00
5 81 2126.00
5 82 1797.00
5 83 1797.00
5 84 1797.00
5 85 280.00
5 86 280.00
5 87 280.00
5 88 2563.00
5 89 2563.00
5 90 2563.00
5 91 1865.00
5 92 1865.00
5 93 1865.00
5 94 810.00
5 95 810.00
5 96 810.00
6 7 3063.00
6 8 439.00
6 9 1546.00
6 10 1495.00
6 11 1273.00
6 12 2032.00
6 13 1684.00
6 14 1809.00
6 15 860.00
6 16 3272.00
6 17 966.00
6 18 1391.00
6 19 2269.00
6 20 3089.00
6 21 3063.00
6 22 3112.00
6 23 678.00
6 24 3366.00
6 25 371.00
6 26 371.00
6 27 1666.00
6 28 1666.00
6 29 1666.00
6 30 3765.00
6 31 3765.00
6 32 3765.00
6 33 867.00
6 34 867.00
6 35 867.00
6 36 2666.00
6 37 2666.00
6 38 2666.00
6 39 2426.00
6 40 2426.00
6 41 2426.00
6 42 528.00
6 43 528.00
6 44 1856.00
6 45 1856.00
6 46 1856.00
6 47 3543.00
6 48 3543.00
6 49 3543.00
6 50 2870.00
6 51 2870.00
6 52 2870.00
6 53 1779.00
6 54 1779.00
6 55 1779.00
6 56 760.00
6 57 760.00
6 58 760.00
6 59 3764.00
6 60 3764.00
6 61 3764.00
6 62 3676.00
6 63 3676.00
6 64 3676.00
6 65 1388.00
6 66 1388.00
6 67 1388.00
6 68 2529.00
6 69 2529.00
6 70 2529.00
6 71 2509.00
6 72 2509.00
6 73 4113.00
6 74 4113.00
6 75 4113.00
6 76 1074.00
6 77 1074.00
6 78 1074.00
6 79 1781.00
6 80 1781.00
6 81 1781.00
6 82 949.00
6 83 949.00
6 84 949.00
6 85 2500.00
6 86 2500.00
6 87 2500.00
6 88 1387.00
6 89 1387.00
6 90 1387.00
6 91 1071.00
6 92 1071.00
6 93 1071.00
6 94 3436.00
6 95 3436.00
6 96 3436.00
7 8 2910.00
7 9 2486.00
7 10 3282.00
7 11 1929.00
7 12 1045.00
7 13 2243.00
7 14 1256.00
7 15 2910.00
7 16 308.00
7 17 2386.00
7 18 2479.00
7 19 829.00
7 20 1566.00
7 21 128.00
7 22 1230.00
7 23 2391.00
7 24 403.00
7 25 2769.00
7 26 2769.00
7 27 1436.00
7 28 1436.00
7 29 1436.00
7 30 798.00
7 31 798.00
7 32 798.00
7 33 2416.00
7 34 2416.00
7 35 2416.00
7 36 1261.00
7 37 1261.00
7 38 1261.00
7 39 672.00
7 40 672.00
7 41 672.00
7 42 2543.00
7 43 2543.00
7 44 2564.00
7 45 2564.00
7 46 2564.00
7 47 550.00
7 48 550.00
7 49 550.00
7 50 1046.00
7 51 1046.00
7 52 1046.00
7 53 2417.00
7 54 2417.00
7 55 2417.00
7 56 2631.00
7 57 2631.00
7 58 2631.00
7 59 847.00
7 60 847.00
7 61 847.00
7 62 734.00
7 63 734.00
7 64 734.00
7 65 1736.00
7 66 1736.00
7 67 1736.00
7 68 1629.00
7 69 1629.00
7 70 1629.00
7 71 591.00
7 72 591.00
7 73 1332.00
7 74 1332.00
7 75 1332.00
7 76 2974.00
7 77 2974.00
7 78 2974.00
7 79 2633.00
7 80 2633.00
7 81 2633.00
7 82 2194.00
7 83 2194.00
7 84 2194.00
7 85 587.00
7 86 587.00
7 87 587.00
7 88 3049.00
7 89 3049.00
7 90 3049.00
7 91 2309.00
7 92 2309.00
7 93 2309.00
7 94 889.00
7 95 889.00
7 96 889.00
8 9 1120.00
8 10 1090.00
8 11 1009.00
8 12 1865.00
8 13 1281.00
8 14 1664.00
8 15 427.00
8 16 3147.00
8 17 609.00
8 18 969.00
8 19 2166.00
8 20 2747.00
8 21 2893.00
8 22 2806.00
8 23 586.00
8 24 3246.00
8 25 221.00
8 26 221.00
8 27 1475.00
8 28 1475.00
8 29 1475.00
8 30 3562.00
8 31 3562.00
8 32 3562.00
8 33 532.00
8 34 532.00
8 35 532.00
8 36 2356.00
8 37 2356.00
8 38 2356.00
8 39 2248.00
8 40 2248.00
8 41 2248.00
8 42 465.00
8 43 465.00
8 44 1425.00
8 45 1425.00
8 46 1425.00
8 47 3421.00
8 48 3421.00
8 49 3421.00
8 50 2583.00
8 51 2583.00
8 52 2583.00
8 53 1357.00
8 54 1357.00
8 55 1357.00
8 56 361.00
8 57 361.00
8 58 361.00
8 59 3549.00
8 60 3549.00
8 61 3549.00
8 62 3470.00
8 63 3470.00
8 64 3470.00
8 65 1177.00
8 66 1177.00
8 67 1177.00
8 68 2177.00
8 69 2177.00
8 70 2177.00
8 71 2395.00
8 72 2395.00
8 73 3861.00
8 74 3861.00
8 75 3861.00
8 76 645.00
8 77 645.00
8 78 645.00
8 79 1346.00
8 80 1346.00
8 81 1346.00
8 82 716.00
8 83 716.00
8 84 716.00
8 85 2328.00
8 86 2328.00
8 87 2328.00
8 88 960.00
8 89 960.00
8 90 960.00
8 91 715.00
8 92 715.00
8 93 715.00
8 94 3181.00
8 95 3181.00
8 96 3181.00
9 10 811.00
9 11 838.00
9 12 1572.00
9 13 263.00
9 14 1492.00
9 15 774.00
9 16 2778.00
9 17 663.00
9 18 158.00
9 19 1982.00
9 20 1797.00
9 21 2422.00
9 22 1953.00
9 23 1190.00
9 24 2879.00
9 25 1199.00
9 26 1199.00
9 27 1242.00
9 28 1242.00
9 29 1242.00
9 30 2948.00
9 31 2948.00
9 32 2948.00
9 33 767.00
9 34 767.00
9 35 767.00
9 36 1527.00
9 37 1527.00
9 38 1527.00
9 39 1839.00
9 40 1839.00
9 41 1839.00
9 42 1228.00
9 43 1228.00
9 44 322.00
9 45 322.00
9 46 322.00
9 47 3035.00
9 48 3035.00
9 49 3035.00
9 50 1805.00
9 51 1805.00
9 52 1805.00
9 53 239.00
9 54 239.00
9 55 239.00
9 56 791.00
9 57 791.00
9 58 791.00
9 59 2906.00
9 60 2906.00
9 61 2906.00
9 62 2854.00
9 63 2854.00
9 64 2854.00
9 65 1041.00
9 66 1041.00
9 67 1041.00
9 68 1233.00
9 69 1233.00
9 70 1233.00
9 71 2142.00
9 72 2142.00
9 73 3105.00
9 74 3105.00
9 75 3105.00
9 76 671.00
9 77 671.00
9 78 671.00
9 79 279.00
9 80 279.00
9 81 279.00
9 82 925.00
9 83 925.00
9 84 925.00
9 85 1926.00
9 86 1926.00
9 87 1926.00
9 88 594.00
9 89 594.00
9 90 594.00
9 91 597.00
9 92 597.00
9 93 597.00
9 94 2450.00
9 95 2450.00
9 96 2450.00
10 11 1473.00
10 12 2322.00
10 13 1072.00
10 14 2201.00
10 15 684.00
10 16 3568.00
10 17 1078.00
10 18 803.00
10 19 2715.00
10 20 2551.00
10 21 3224.00
10 22 2741.00
10 23 1505.00
10 24 3670.00
10 25 1284.00
10 26 1284.00
10 27 1955.00
10 28 1955.00
10 29 1955.00
10 30 3760.00
10 31 3760.00
10 32 3760.00
10 33 1129.00
10 34 1129.00
10 35 1129.00
10 36 2328.00
10 37 2328.00
10 38 2328.00
10 39 2624.00
10 40 2624.00
10 41 2624.00
10 42 1457.00
10 43 1457.00
10 44 885.00
10 45 885.00
10 46 885.00
10 47 3830.00
10 48 3830.00
10 49 3830.00
10 50 2609.00
10 51 2609.00
10 52 2609.00
10 53 960.00
10 54 960.00
10 55 960.00
10 56 980.00
10 57 980.00
10 58 980.00
10 59 3716.00
10 60 3716.00
10 61 3716.00
10 62 3665.00
10 63 3665.00
10 64 3665.00
10 65 1697.00
10 66 1697.00
10 67 1697.00
10 68 2010.00
10 69 2010.00
10 70 2010.00
10 71 2899.00
10 72 2899.00
10 73 3903.00
10 74 3903.00
10 75 3903.00
10 76 471.00
10 77 471.00
10 78 471.00
10 79 780.00
10 80 780.00
10 81 780.00
10 82 1389.00
10 83 1389.00
10 84 1389.00
10 85 2711.00
10 86 2711.00
10 87 2711.00
10 88 236.00
10 89 236.00
10 90 236.00
10 91 1096.00
10 92 1096.00
10 93 1096.00
10 94 3255.00
10 95 3255.00
10 96 3255.00
11 12 897.00
11 13 753.00
11 14 738.00
11 15 987.00
11 16 2187.00
11 17 458.00
11 18 735.00
11 19 1259.00
11 20 1840.00
11 21 1901.00
11 22 1840.00
11 23 637.00
11 24 2287.00
11 25 919.00
11 26 919.00
11 27 505.00
11 28 505.00
11 29 505.00
11 30 2554.00
11 31 2554.00
11 32 2554.00
11 33 490.00
11 34 490.00
11 35 490.00
11 36 1397.00
11 37 1397.00
11 38 1397.00
11 39 1259.00
11 40 1259.00
11 41 1259.00
11 42 764.00
11 43 764.00
11 44 1107.00
11 45 1107.00
11 46 1107.00
11 47 2458.00
11 48 2458.00
11 49 2458.00
11 50 1598.00
11 51 1598.00
11 52 1598.00
11 53 952.00
11 54 952.00
11 55 952.00
11 56 703.00
11 57 703.00
11 58 703.00
11 59 2540.00
11 60 2540.00
11 61 2540.00
11 62 2462.00
11 63 2462.00
11 64 2462.00
11 65 224.00
11 66 224.00
11 67 224.00
11 68 1303.00
11 69 1303.00
11 70 1303.00
11 71 1464.00
11 72 1464.00
11 73 2856.00
11 74 2856.00
11 75 2856.00
11 76 1083.00
11 77 1083.00
11 78 1083.00
11 79 1104.00
11 80 1104.00
11 81 1104.00
11 82 325.00
11 83 325.00
11 84 325.00
11 85 1342.00
11 86 1342.00
11 87 1342.00
11 88 1240.00
11 89 1240.00
11 90 1240.00
11 91 393.00
11 92 393.00
11 93 393.00
11 94 2177.00
11 95 2177.00
11 96 2177.00
12 13 1369.00
12 14 234.00
12 15 1884.00
12 16 1291.00
12 17 1355.00
12 18 1528.00
12 19 416.00
12 20 1533.00
12 21 1034.00
12 22 1364.00
12 23 1356.00
12 24 1391.00
12 25 1727.00
12 26 1727.00
12 27 395.00
12 28 395.00
12 29 395.00
12 30 1738.00
12 31 1738.00
12 32 1738.00
12 33 1377.00
12 34 1377.00
12 35 1377.00
12 36 1036.00
12 37 1036.00
12 38 1036.00
12 39 395.00
12 40 395.00
12 41 395.00
12 42 1507.00
12 43 1507.00
12 44 1734.00
12 45 1734.00
12 46 1734.00
12 47 1563.00
12 48 1563.00
12 49 1563.00
12 50 1076.00
12 51 1076.00
12 52 1076.00
12 53 1571.00
12 54 1571.00
12 55 1571.00
12 56 1593.00
12 57 1593.00
12 58 1593.00
12 59 1744.00
12 60 1744.00
12 61 1744.00
12 62 1651.00
12 63 1651.00
12 64 1651.00
12 65 694.00
12 66 694.00
12 67 694.00
12 68 1211.00
12 69 1211.00
12 70 1211.00
12 71 577.00
12 72 577.00
12 73 2134.00
12 74 2134.00
12 75 2134.00
12 76 1969.00
12 77 1969.00
12 78 1969.00
12 79 1777.00
12 80 1777.00
12 81 1777.00
12 82 1150.00
12 83 1150.00
12 84 1150.00
12 85 468.00
12 86 468.00
12 87 468.00
12 88 2086.00
12 89 2086.00
12 90 2086.00
12 91 1286.00
12 92 1286.00
12 93 1286.00
12 94 1483.00
12 95 1483.00
12 96 1483.00
13 14 1317.00
13 15 985.00
13 16 2539.00
13 17 736.00
13 18 345.00
13 19 1784.00
13 20 1547.00
13 21 2175.00
13 22 1692.00
13 23 1233.00
13 24 2640.00
13 25 1321.00
13 26 1321.00
13 27 1073.00
13 28 1073.00
13 29 1073.00
13 30 2688.00
13 31 2688.00
13 32 2688.00
13 33 843.00
13 34 843.00
13 35 843.00
13 36 1264.00
13 37 1264.00
13 38 1264.00
13 39 1608.00
13 40 1608.00
13 41 1608.00
13 42 1301.00
13 43 1301.00
13 44 374.00
13 45 374.00
13 46 374.00
13 47 2792.00
13 48 2792.00
13 49 2792.00
13 50 1541.00
13 51 1541.00
13 52 1541.00
13 53 210.00
13 54 210.00
13 55 210.00
13 56 927.00
13 57 927.00
13 58 927.00
13 59 2644.00
13 60 2644.00
13 61 2644.00
13 62 2593.00
13 63 2593.00
13 64 2593.00
13 65 922.00
13 66 922.00
13 67 922.00
13 68 978.00
13 69 978.00
13 70 978.00
13 71 1929.00
13 72 1929.00
13 73 2842.00
13 74 2842.00
13 75 2842.00
13 76 914.00
13 77 914.00
13 78 914.00
13 79 408.00
13 80 408.00
13 81 408.00
13 82 930.00
13 83 930.00
13 84 930.00
13 85 1694.00
13 86 1694.00
13 87 1694.00
13 88 857.00
13 89 857.00
13 90 857.00
13 91 643.00
13 92 643.00
13 93 643.00
13 94 2187.00
13 95 2187.00
13 96 2187.00
14 15 1718.00
14 16 1484.00
14 17 1188.00
14 18 1426.00
14 19 521.00
14 20 1710.00
14 21 1255.00
14 22 1569.00
14 23 1136.00
14 24 1582.00
14 25 1515.00
14 26 1515.00
14 27 250.00
14 28 250.00
14 29 250.00
14 30 1968.00
14 31 1968.00
14 32 1968.00
14 33 1197.00
14 34 1197.00
14 35 1197.00
14 36 1211.00
14 37 1211.00
14 38 1211.00
14 39 626.00
14 40 626.00
14 41 626.00
14 42 1287.00
14 43 1287.00
14 44 1691.00
14 45 1691.00
14 46 1691.00
14 47 1757.00
14 48 1757.00
14 49 1757.00
14 50 1283.00
14 51 1283.00
14 52 1283.00
14 53 1526.00
14 54 1526.00
14 55 1526.00
14 56 1412.00
14 57 1412.00
14 58 1412.00
14 59 1976.00
14 60 1976.00
14 61 1976.00
14 62 1882.00
14 63 1882.00
14 64 1882.00
14 65 519.00
14 66 519.00
14 67 519.00
14 68 1332.00
14 69 1332.00
14 70 1332.00
14 71 736.00
14 72 736.00
14 73 2368.00
14 74 2368.00
14 75 2368.00
14 76 1821.00
14 77 1821.00
14 78 1821.00
14 79 1720.00
14 80 1720.00
14 81 1720.00
14 82 954.00
14 83 954.00
14 84 954.00
14 85 694.00
14 86 694.00
14 87 694.00
14 88 1966.00
14 89 1966.00
14 90 1966.00
14 91 1131.00
14 92 1131.00
14 93 1131.00
14 94 1716.00
14 95 1716.00
14 96 1716.00
15 16 3173.00
15 17 530.00
15 18 643.00
15 19 2238.00
15 20 2520.00
15 21 2875.00
15 22 2626.00
15 23 839.00
15 24 3274.00
15 25 603.00
15 26 603.00
15 27 1492.00
15 28 1492.00
15 29 1492.00
15 30 3496.00
15 31 3496.00
15 32 3496.00
15 33 530.00
15 34 530.00
15 35 530.00
15 36 2180.00
15 37 2180.00
15 38 2180.00
15 39 2239.00
15 40 2239.00
15 41 2239.00
15 42 776.00
15 43 776.00
15 44 1050.00
15 45 1050.00
15 46 1050.00
15 47 3444.00
15 48 3444.00
15 49 3444.00
15 50 2434.00
15 51 2434.00
15 52 2434.00
15 53 1012.00
15 54 1012.00
15 55 1012.00
15 56 331.00
15 57 331.00
15 58 331.00
15 59 3470.00
15 60 3470.00
15 61 3470.00
15 62 3401.00
15 63 3401.00
15 64 3401.00
15 65 1200.00
15 66 1200.00
15 67 1200.00
15 68 1946.00
15 69 1946.00
15 70 1946.00
15 71 2449.00
15 72 2449.00
15 73 3736.00
15 74 3736.00
15 75 3736.00
15 76 221.00
15 77 221.00
15 78 221.00
15 79 960.00
15 80 960.00
15 81 960.00
15 82 796.00
15 83 796.00
15 84 796.00
15 85 2324.00
15 86 2324.00
15 87 2324.00
15 88 534.00
15 89 534.00
15 90 534.00
15 91 602.00
15 92 602.00
15 93 602.00
15 94 3061.00
15 95 3061.00
15 96 3061.00
16 17 2645.00
16 18 2765.00
16 19 1004.00
16 20 1846.00
16 21 414.00
16 22 1501.00
16 23 2610.00
16 24 102.00
16 25 2996.00
16 26 2996.00
16 27 1686.00
16 28 1686.00
16 29 1686.00
16 30 808.00
16 31 808.00
16 32 808.00
16 33 2668.00
16 34 2668.00
16 35 2668.00
16 36 1565.00
16 37 1565.00
16 38 1565.00
16 39 945.00
16 40 945.00
16 41 945.00
16 42 2761.00
16 43 2761.00
16 44 2865.00
16 45 2865.00
16 46 2865.00
16 47 273.00
16 48 273.00
16 49 273.00
16 50 1338.00
16 51 1338.00
16 52 1338.00
16 53 2717.00
16 54 2717.00
16 55 2717.00
16 56 2884.00
16 57 2884.00
16 58 2884.00
16 59 889.00
16 60 889.00
16 61 889.00
16 62 776.00
16 63 776.00
16 64 776.00
16 65 1984.00
16 66 1984.00
16 67 1984.00
16 68 1935.00
16 69 1935.00
16 70 1935.00
16 71 763.00
16 72 763.00
16 73 1389.00
16 74 1389.00
16 75 1389.00
16 76 3247.00
16 77 3247.00
16 78 3247.00
16 79 2933.00
16 80 2933.00
16 81 2933.00
16 82 2435.00
16 83 2435.00
16 84 2435.00
16 85 859.00
16 86 859.00
16 87 859.00
16 88 3335.00
16 89 3335.00
16 90 3335.00
16 91 2573.00
16 92 2573.00
16 93 2573.00
16 94 1083.00
16 95 1083.00
16 96 1083.00
17 18 510.00
17 19 1709.00
17 20 2141.00
17 21 2355.00
17 22 2198.00
17 23 528.00
17 24 2746.00
17 25 596.00
17 26 596.00
17 27 962.00
17 28 962.00
17 29 962.00
17 30 2994.00
17 31 2994.00
17 32 2994.00
17 33 107.00
17 34 107.00
17 35 107.00
17 36 1747.00
17 37 1747.00
17 38 1747.00
17 39 1715.00
17 40 1715.00
17 41 1715.00
17 42 570.00
17 43 570.00
17 44 984.00
17 45 984.00
17 46 984.00
17 47 2917.00
17 48 2917.00
17 49 2917.00
17 50 1979.00
17 51 1979.00
17 52 1979.00
17 53 869.00
17 54 869.00
17 55 869.00
17 56 260.00
17 57 260.00
17 58 260.00
17 59 2974.00
17 60 2974.00
17 61 2974.00
17 62 2900.00
17 63 2900.00
17 64 2900.00
17 65 670.00
17 66 670.00
17 67 670.00
17 68 1573.00
17 69 1573.00
17 70 1573.00
17 71 1919.00
17 72 1919.00
17 73 3266.00
17 74 3266.00
17 75 3266.00
17 76 647.00
17 77 647.00
17 78 647.00
17 79 937.00
17 80 937.00
17 81 937.00
17 82 313.00
17 83 313.00
17 84 313.00
17 85 1799.00
17 86 1799.00
17 87 1799.00
17 88 858.00
17 89 858.00
17 90 858.00
17 91 107.00
17 92 107.00
17 93 107.00
17 94 2587.00
17 95 2587.00
17 96 2587.00
18 19 1930.00
18 20 1891.00
18 21 2423.00
18 22 2024.00
18 23 1038.00
18 24 2866.00
18 25 1042.00
18 26 1042.00
18 27 1176.00
18 28 1176.00
18 29 1176.00
18 30 2978.00
18 31 2978.00
18 32 2978.00
18 33 612.00
18 34 612.00
18 35 612.00
18 36 1588.00
18 37 1588.00
18 38 1588.00
18 39 1821.00
18 40 1821.00
18 41 1821.00
18 42 1072.00
18 43 1072.00
18 44 479.00
18 45 479.00
18 46 479.00
18 47 3027.00
18 48 3027.00
18 49 3027.00
18 50 1858.00
18 51 1858.00
18 52 1858.00
18 53 389.00
18 54 389.00
18 55 389.00
18 56 634.00
18 57 634.00
18 58 634.00
18 59 2941.00
18 60 2941.00
18 61 2941.00
18 62 2883.00
18 63 2883.00
18 64 2883.00
18 65 949.00
18 66 949.00
18 67 949.00
18 68 1320.00
18 69 1320.00
18 70 1320.00
18 71 2104.00
18 72 2104.00
18 73 3163.00
18 74 3163.00
18 75 3163.00
18 76 573.00
18 77 573.00
18 78 573.00
18 79 427.00
18 80 427.00
18 81 427.00
18 82 785.00
18 83 785.00
18 84 785.00
18 85 1908.00
18 86 1908.00
18 87 1908.00
18 88 571.00
18 89 571.00
18 90 571.00
18 91 451.00
18 92 451.00
18 93 451.00
18 94 2499.00
18 95 2499.00
18 96 2499.00
19 20 1780.00
19 21 868.00
19 22 1544.00
19 23 1613.00
19 24 1097.00
19 25 2003.00
19 26 2003.00
19 27 761.00
19 28 761.00
19 29 761.00
19 30 1608.00
19 31 1608.00
19 32 1608.00
19 33 1715.00
19 34 1715.00
19 35 1715.00
19 36 1310.00
19 37 1310.00
19 38 1310.00
19 39 428.00
19 40 428.00
19 41 428.00
19 42 1762.00
19 43 1762.00
19 44 2150.00
19 45 2150.00
19 46 2150.00
19 47 1275.00
19 48 1275.00
19 49 1275.00
19 50 1264.00
19 51 1264.00
19 52 1264.00
19 53 1987.00
19 54 1987.00
19 55 1987.00
19 56 1930.00
19 57 1930.00
19 58 1930.00
19 59 1640.00
19 60 1640.00
19 61 1640.00
19 62 1533.00
19 63 1533.00
19 64 1533.00
19 65 1040.00
19 66 1040.00
19 67 1040.00
19 68 1554.00
19 69 1554.00
19 70 1554.00
19 71 243.00
19 72 243.00
19 73 2088.00
19 74 2088.00
19 75 2088.00
19 76 2342.00
19 77 2342.00
19 78 2342.00
19 79 2192.00
19 80 2192.00
19 81 2192.00
19 82 1466.00
19 83 1466.00
19 84 1466.00
19 85 427.00
19 86 427.00
19 87 427.00
19 88 2480.00
19 89 2480.00
19 90 2480.00
19 91 1653.00
19 92 1653.00
19 93 1653.00
19 94 1502.00
19 95 1502.00
19 96 1502.00
20 21 1442.00
20 22 354.00
20 23 2477.00
20 24 1918.00
20 25 2721.00
20 26 2721.00
20 27 1646.00
20 28 1646.00
20 29 1646.00
20 30 1526.00
20 31 1526.00
20 32 1526.00
20 33 2230.00
20 34 2230.00
20 35 2230.00
20 36 500.00
20 37 500.00
20 38 500.00
20 39 1357.00
20 40 1357.00
20 41 1357.00
20 42 2601.00
20 43 2601.00
20 44 1668.00
20 45 1668.00
20 46 1668.00
20 47 1995.00
20 48 1995.00
20 49 1995.00
20 50 541.00
20 51 541.00
20 52 541.00
20 53 1599.00
20 54 1599.00
20 55 1599.00
20 56 2388.00
20 57 2388.00
20 58 2388.00
20 59 1439.00
20 60 1439.00
20 61 1439.00
20 62 1446.00
20 63 1446.00
20 64 1446.00
20 65 1806.00
20 66 1806.00
20 67 1806.00
20 68 574.00
20 69 574.00
20 70 574.00
20 71 1720.00
20 72 1720.00
20 73 1436.00
20 74 1436.00
20 75 1436.00
20 76 2461.00
20 77 2461.00
20 78 2461.00
20 79 1771.00
20 80 1771.00
20 81 1771.00
20 82 2159.00
20 83 2159.00
20 84 2159.00
20 85 1384.00
20 86 1384.00
20 87 1384.00
20 88 2367.00
20 89 2367.00
20 90 2367.00
20 91 2034.00
20 92 2034.00
20 93 2034.00
20 94 930.00
20 95 930.00
20 96 930.00
21 22 1104.00
21 23 2388.00
21 24 501.00
21 25 2760.00
21 26 2760.00
21 27 1418.00
21 28 1418.00
21 29 1418.00
21 30 741.00
21 31 741.00
21 32 741.00
21 33 2390.00
21 34 2390.00
21 35 2390.00
21 36 1151.00
21 37 1151.00
21 38 1151.00
21 39 645.00
21 40 645.00
21 41 645.00
21 42 2540.00
21 43 2540.00
21 44 2487.00
21 45 2487.00
21 46 2487.00
21 47 627.00
21 48 627.00
21 49 627.00
21 50 926.00
21 51 926.00
21 52 926.00
21 53 2344.00
21 54 2344.00
21 55 2344.00
21 56 2604.00
21 57 2604.00
21 58 2604.00
21 59 776.00
21 60 776.00
21 61 776.00
21 62 667.00
21 63 667.00
21 64 667.00
21 65 1716.00
21 66 1716.00
21 67 1716.00
21 68 1524.00
21 69 1524.00
21 70 1524.00
21 71 642.00
21 72 642.00
21 73 1246.00
21 74 1246.00
21 75 1246.00
21 76 2930.00
21 77 2930.00
21 78 2930.00
21 79 2559.00
21 80 2559.00
21 81 2559.00
21 82 2177.00
21 83 2177.00
21 84 2177.00
21 85 566.00
21 86 566.00
21 87 566.00
21 88 2993.00
21 89 2993.00
21 90 2993.00
21 91 2274.00
21 92 2274.00
21 93 2274.00
21 94 768.00
21 95 768.00
21 96 768.00
22 23 2468.00
22 24 1570.00
22 25 2751.00
22 26 2751.00
22 27 1555.00
22 28 1555.00
22 29 1555.00
22 30 1184.00
22 31 1184.00
22 32 1184.00
22 33 2276.00
22 34 2276.00
22 35 2276.00
22 36 450.00
22 37 450.00
22 38 450.00
22 39 1116.00
22 40 1116.00
22 41 1116.00
22 42 2603.00
22 43 2603.00
22 44 1875.00
22 45 1875.00
22 46 1875.00
22 47 1642.00
22 48 1642.00
22 49 1642.00
22 50 288.00
22 51 288.00
22 52 288.00
22 53 1781.00
22 54 1781.00
22 55 1781.00
22 56 2454.00
22 57 2454.00
22 58 2454.00
22 59 1103.00
22 60 1103.00
22 61 1103.00
22 62 1102.00
22 63 1102.00
22 64 1102.00
22 65 1764.00
22 66 1764.00
22 67 1764.00
22 68 735.00
22 69 735.00
22 70 735.00
22 71 1449.00
22 72 1449.00
22 73 1169.00
22 74 1169.00
22 75 1169.00
22 76 2596.00
22 77 2596.00
22 78 2596.00
22 79 1973.00
22 80 1973.00
22 81 1973.00
22 82 2165.00
22 83 2165.00
22 84 2165.00
22 85 1126.00
22 86 1126.00
22 87 1126.00
22 88 2541.00
22 89 2541.00
22 90 2541.00
22 91 2093.00
22 92 2093.00
22 93 2093.00
22 94 592.00
22 95 592.00
22 96 592.00
23 24 2706.00
23 25 394.00
23 26 394.00
23 27 989.00
23 28 989.00
23 29 989.00
23 30 3088.00
23 31 3088.00
23 32 3088.00
23 33 429.00
23 34 429.00
23 35 429.00
23 36 2029.00
23 37 2029.00
23 38 2029.00
23 39 1750.00
23 40 1750.00
23 41 1750.00
23 42 152.00
23 43 152.00
23 44 1509.00
23 45 1509.00
23 46 1509.00
23 47 2883.00
23 48 2883.00
23 49 2883.00
23 50 2215.00
23 51 2215.00
23 52 2215.00
23 53 1387.00
23 54 1387.00
23 55 1387.00
23 56 525.00
23 57 525.00
23 58 525.00
23 59 3087.00
23 60 3087.00
23 61 3087.00
23 62 2999.00
23 63 2999.00
23 64 2999.00
23 65 717.00
23 66 717.00
23 67 717.00
23 68 1937.00
23 69 1937.00
23 70 1937.00
23 71 1850.00
23 72 1850.00
23 73 3440.00
23 74 3440.00
23 75 3440.00
23 76 1035.00
23 77 1035.00
23 78 1035.00
23 79 1465.00
23 80 1465.00
23 81 1465.00
23 82 326.00
23 83 326.00
23 84 326.00
23 85 1824.00
23 86 1824.00
23 87 1824.00
23 88 1312.00
23 89 1312.00
23 90 1312.00
23 91 598.00
23 92 598.00
23 93 598.00
23 94 2765.00
23 95 2765.00
23 96 2765.00
24 25 3093.00
24 26 3093.00
24 27 1786.00
24 28 1786.00
24 29 1786.00
24 30 796.00
24 31 796.00
24 32 796.00
24 33 2768.00
24 34 2768.00
24 35 2768.00
24 36 1652.00
24 37 1652.00
24 38 1652.00
24 39 1047.00
24 40 1047.00
24 41 1047.00
24 42 2856.00
24 43 2856.00
24 44 2965.00
24 45 2965.00
24 46 2965.00
24 47 177.00
24 48 177.00
24 49 177.00
24 50 1419.00
24 51 1419.00
24 52 1419.00
24 53 2817.00
24 54 2817.00
24 55 2817.00
24 56 2984.00
24 57 2984.00
24 58 2984.00
24 59 886.00
24 60 886.00
24 61 886.00
24 62 777.00
24 63 777.00
24 64 777.00
24 65 2084.00
24 66 2084.00
24 67 2084.00
24 68 2025.00
24 69 2025.00
24 70 2025.00
24 71 857.00
24 72 857.00
24 73 1383.00
24 74 1383.00
24 75 1383.00
24 76 3349.00
24 77 3349.00
24 78 3349.00
24 79 3033.00
24 80 3033.00
24 81 3033.00
24 82 2534.00
24 83 2534.00
24 84 2534.00
24 85 960.00
24 86 960.00
24 87 960.00
24 88 3436.00
24 89 3436.00
24 90 3436.00
24 91 2674.00
24 92 2674.00
24 93 2674.00
24 94 1126.00
24 95 1126.00
24 96 1126.00
25 26 0.00
25 27 1346.00
25 28 1346.00
25 29 1346.00
25 30 3446.00
25 31 3446.00
25 32 3446.00
25 33 496.00
25 34 496.00
25 35 496.00
25 36 2304.00
25 37 2304.00
25 38 2304.00
25 39 2117.00
25 40 2117.00
25 41 2117.00
25 42 256.00
25 43 256.00
25 44 1516.00
25 45 1516.00
25 46 1516.00
25 47 3269.00
25 48 3269.00
25 49 3269.00
25 50 2515.00
25 51 2515.00
25 52 2515.00
25 53 1428.00
25 54 1428.00
25 55 1428.00
25 56 409.00
25 57 409.00
25 58 409.00
25 59 3440.00
25 60 3440.00
25 61 3440.00
25 62 3356.00
25 63 3356.00
25 64 3356.00
25 65 1056.00
25 66 1056.00
25 67 1056.00
25 68 2159.00
25 69 2159.00
25 70 2159.00
25 71 2238.00
25 72 2238.00
25 73 3772.00
25 74 3772.00
25 75 3772.00
25 76 823.00
25 77 823.00
25 78 823.00
25 79 1448.00
25 80 1448.00
25 81 1448.00
25 82 600.00
25 83 600.00
25 84 600.00
25 85 2195.00
25 86 2195.00
25 87 2195.00
25 88 1133.00
25 89 1133.00
25 90 1133.00
25 91 701.00
25 92 701.00
25 93 701.00
25 94 3093.00
25 95 3093.00
25 96 3093.00
26 27 1346.00
26 28 1346.00
26 29 1346.00
26 30 3446.00
26 31 3446.00
26 32 3446.00
26 33 496.00
26 34 496.00
26 35 496.00
26 36 2304.00
26 37 2304.00
26 38 2304.00
26 39 2117.00
26 40 2117.00
26 41 2117.00
26 42 256.00
26 43 256.00
26 44 1516.00
26 45 1516.00
26 46 1516.00
26 47 3269.00
26 48 3269.00
26 49 3269.00
26 50 2515.00
26 51 2515.00
26 52 2515.00
26 53 1428.00
26 54 1428.00
26 55 1428.00
26 56 409.00
26 57 409.00
26 58 409.00
26 59 3440.00
26 60 3440.00
26 61 3440.00
26 62 3356.00
26 63 3356.00
26 64 3356.00
26 65 1056.00
26 66 1056.00
26 67 1056.00
26 68 2159.00
26 69 2159.00
26 70 2159.00
26 71 2238.00
26 72 2238.00
26 73 3772.00
26 74 3772.00
26 75 3772.00
26 76 823.00
26 77 823.00
26 78 823.00
26 79 1448.00
26 80 1448.00
26 81 1448.00
26 82 600.00
26 83 600.00
26 84 600.00
26 85 2195.00
26 86 2195.00
26 87 2195.00
26 88 1133.00
26 89 1133.00
26 90 1133.00
26 91 701.00
26 92 701.00
26 93 701.00
26 94 3093.00
26 95 3093.00
26 96 3093.00
27 28 0.00
27 29 0.00
27 30 2101.00
27 31 2101.00
27 32 2101.00
27 33 982.00
27 34 982.00
27 35 982.00
27 36 1153.00
27 37 1153.00
27 38 1153.00
27 39 773.00
27 40 773.00
27 41 773.00
27 42 1138.00
27 43 1138.00
27 44 1447.00
27 45 1447.00
27 46 1447.00
27 47 1958.00
27 48 1958.00
27 49 1958.00
27 50 1281.00
27 51 1281.00
27 52 1281.00
27 53 1282.00
27 54 1282.00
27 55 1282.00
27 56 1198.00
27 57 1198.00
27 58 1198.00
27 59 2098.00
27 60 2098.00
27 61 2098.00
27 62 2012.00
27 63 2012.00
27 64 2012.00
27 65 300.00
27 66 300.00
27 67 300.00
27 68 1204.00
27 69 1204.00
27 70 1204.00
27 71 959.00
27 72 959.00
27 73 2456.00
27 74 2456.00
27 75 2456.00
27 76 1584.00
27 77 1584.00
27 78 1584.00
27 79 1473.00
27 80 1473.00
27 81 1473.00
27 82 759.00
27 83 759.00
27 84 759.00
27 85 853.00
27 86 853.00
27 87 853.00
27 88 1719.00
27 89 1719.00
27 90 1719.00
27 91 897.00
27 92 897.00
27 93 897.00
27 94 1786.00
27 95 1786.00
27 96 1786.00
28 29 0.00
28 30 2101.00
28 31 2101.00
28 32 2101.00
28 33 982.00
28 34 982.00
28 35 982.00
28 36 1153.00
28 37 1153.00
28 38 1153.00
28 39 773.00
28 40 773.00
28 41 773.00
28 42 1138.00
28 43 1138.00
28 44 1447.00
28 45 1447.00
28 46 1447.00
28 47 1958.00
28 48 1958.00
28 49 1958.00
28 50 1281.00
28 51 1281.00
28 52 1281.00
28 53 1282.00
28 54 1282.00
28 55 1282.00
28 56 1198.00
28 57 1198.00
28 58 1198.00
28 59 2098.00
28 60 2098.00
28 61 2098.00
28 62 2012.00
28 63 2012.00
28 64 2012.00
28 65 300.00
28 66 300.00
28 67 300.00
28 68 1204.00
28 69 1204.00
28 70 1204.00
28 71 959.00
28 72 959.00
28 73 2456.00
28 74 2456.00
28 75 2456.00
28 76 1584.00
28 77 1584.00
28 78 1584.00
28 79 1473.00
28 80 1473.00
28 81 1473.00
28 82 759.00
28 83 759.00
28 84 759.00
28 85 853.00
28 86 853.00
28 87 853.00
28 88 1719.00
28 89 1719.00
28 90 1719.00
28 91 897.00
28 92 897.00
28 93 897.00
28 94 1786.00
28 95 1786.00
28 96 1786.00
29 30 2101.00
29 31 2101.00
29 32 2101.00
29 33 982.00
29 34 982.00
29 35 982.00
29 36 1153.00
29 37 1153.00
29 38 1153.00
29 39 773.00
29 40 773.00
29 41 773.00
29 42 1138.00
29 43 1138.00
29 44 1447.00
29 45 1447.00
29 46 1447.00
29 47 1958.00
29 48 1958.00
29 49 1958.00
29 50 1281.00
29 51 1281.00
29 52 1281.00
29 53 1282.00
29 54 1282.00
29 55 1282.00
29 56 1198.00
29 57 1198.00
29 58 1198.00
29 59 2098.00
29 60 2098.00
29 61 2098.00
29 62 2012.00
29 63 2012.00
29 64 2012.00
29 65 300.00
29 66 300.00
29 67 300.00
29 68 1204.00
29 69 1204.00
29 70 1204.00
29 71 959.00
29 72 959.00
29 73 2456.00
29 74 2456.00
29 75 2456.00
29 76 1584.00
29 77 1584.00
29 78 1584.00
29 79 1473.00
29 80 1473.00
29 81 1473.00
29 82 759.00
29 83 759.00
29 84 759.00
29 85 853.00
29 86 853.00
29 87 853.00
29 88 1719.00
29 89 1719.00
29 90 1719.00
29 91 897.00
29 92 897.00
29 93 897.00
29 94 1786.00
29 95 1786.00
29 96 1786.00
30 31 0.00
30 32 0.00
30 33 3042.00
30 34 3042.00
30 35 3042.00
30 36 1474.00
30 37 1474.00
30 38 1474.00
30 39 1342.00
30 40 1342.00
30 41 1342.00
30 42 3238.00
30 43 3238.00
30 44 2948.00
30 45 2948.00
30 46 2948.00
30 47 735.00
30 48 735.00
30 49 735.00
30 50 1186.00
30 51 1186.00
30 52 1186.00
30 53 2825.00
30 54 2825.00
30 55 2825.00
30 56 3250.00
30 57 3250.00
30 58 3250.00
30 59 109.00
30 60 109.00
30 61 109.00
30 62 95.00
30 63 95.00
30 64 95.00
30 65 2391.00
30 66 2391.00
30 67 2391.00
30 68 1848.00
30 69 1848.00
30 70 1848.00
30 71 1380.00
30 72 1380.00
30 73 587.00
30 74 587.00
30 75 587.00
30 76 3522.00
30 77 3522.00
30 78 3522.00
30 79 3035.00
30 80 3035.00
30 81 3035.00
30 82 2851.00
30 83 2851.00
30 84 2851.00
30 85 1275.00
30 86 1275.00
30 87 1275.00
30 88 3539.00
30 89 3539.00
30 90 3539.00
30 91 2903.00
30 92 2903.00
30 93 2903.00
30 94 596.00
30 95 596.00
30 96 596.00
31 32 0.00
31 33 3042.00
31 34 3042.00
31 35 3042.00
31 36 1474.00
31 37 1474.00
31 38 1474.00
31 39 1342.00
31 40 1342.00
31 41 1342.00
31 42 3238.00
31 43 3238.00
31 44 2948.00
31 45 2948.00
31 46 2948.00
31 47 735.00
31 48 735.00
31 49 735.00
31 50 1186.00
31 51 1186.00
31 52 1186.00
31 53 2825.00
31 54 2825.00
31 55 2825.00
31 56 3250.00
31 57 3250.00
31 58 3250.00
31 59 109.00
31 60 109.00
31 61 109.00
31 62 95.00
31 63 95.00
31 64 95.00
31 65 2391.00
31 66 2391.00
31 67 2391.00
31 68 1848.00
31 69 1848.00
31 70 1848.00
31 71 1380.00
31 72 1380.00
31 73 587.00
31 74 587.00
31 75 587.00
31 76 3522.00
31 77 3522.00
31 78 3522.00
31 79 3035.00
31 80 3035.00
31 81 3035.00
31 82 2851.00
31 83 2851.00
31 84 2851.00
31 85 1275.00
31 86 1275.00
31 87 1275.00
31 88 3539.00
31 89 3539.00
31 90 3539.00
31 91 2903.00
31 92 2903.00
31 93 2903.00
31 94 596.00
31 95 596.00
31 96 596.00
32 33 3042.00
32 34 3042.00
32 35 3042.00
32 36 1474.00
32 37 1474.00
32 38 1474.00
32 39 1342.00
32 40 1342.00
32 41 1342.00
32 42 3238.00
32 43 3238.00
32 44 2948.00
32 45 2948.00
32 46 2948.00
32 47 735.00
32 48 735.00
32 49 735.00
32 50 1186.00
32 51 1186.00
32 52 1186.00
32 53 2825.00
32 54 2825.00
32 55 2825.00
32 56 3250.00
32 57 3250.00
32 58 3250.00
32 59 109.00
32 60 109.00
32 61 109.00
32 62 95.00
32 63 95.00
32 64 95.00
32 65 2391.00
32 66 2391.00
32 67 2391.00
32 68 1848.00
32 69 1848.00
32 70 1848.00
32 71 1380.00
32 72 1380.00
32 73 587.00
32 74 587.00
32 75 587.00
32 76 3522.00
32 77 3522.00
32 78 3522.00
32 79 3035.00
32 80 3035.00
32 81 3035.00
32 82 2851.00
32 83 2851.00
32 84 2851.00
32 85 1275.00
32 86 1275.00
32 87 1275.00
32 88 3539.00
32 89 3539.00
32 90 3539.00
32 91 2903.00
32 92 2903.00
32 93 2903.00
32 94 596.00
32 95 596.00
32 96 596.00
33 34 0.00
33 35 0.00
33 36 1826.00
33 37 1826.00
33 38 1826.00
33 39 1747.00
33 40 1747.00
33 41 1747.00
33 42 463.00
33 43 463.00
33 44 1088.00
33 45 1088.00
33 46 1088.00
33 47 2940.00
33 48 2940.00
33 49 2940.00
33 50 2051.00
33 51 2051.00
33 52 2051.00
33 53 976.00
33 54 976.00
33 55 976.00
33 56 216.00
33 57 216.00
33 58 216.00
33 59 3026.00
33 60 3026.00
33 61 3026.00
33 62 2949.00
33 63 2949.00
33 64 2949.00
33 65 684.00
33 66 684.00
33 67 684.00
33 68 1665.00
33 69 1665.00
33 70 1665.00
33 71 1932.00
33 72 1932.00
33 73 3330.00
33 74 3330.00
33 75 3330.00
33 76 678.00
33 77 678.00
33 78 678.00
33 79 1039.00
33 80 1039.00
33 81 1039.00
33 82 268.00
33 83 268.00
33 84 268.00
33 85 1830.00
33 86 1830.00
33 87 1830.00
33 88 917.00
33 89 917.00
33 90 917.00
33 91 206.00
33 92 206.00
33 93 206.00
33 94 2650.00
33 95 2650.00
33 96 2650.00
34 35 0.00
34 36 1826.00
34 37 1826.00
34 38 1826.00
34 39 1747.00
34 40 1747.00
34 41 1747.00
34 42 463.00
34 43 463.00
34 44 1088.00
34 45 1088.00
34 46 1088.00
34 47 2940.00
34 48 2940.00
34 49 2940.00
34 50 2051.00
34 51 2051.00
34 52 2051.00
34 53 976.00
34 54 976.00
34 55 976.00
34 56 216.00
34 57 216.00
34 58 216.00
34 59 3026.00
34 60 3026.00
34 61 3026.00
34 62 2949.00
34 63 2949.00
34 64 2949.00
34 65 684.00
34 66 684.00
34 67 684.00
34 68 1665.00
34 69 1665.00
34 70 1665.00
34 71 1932.00
34 72 1932.00
34 73 3330.00
34 74 3330.00
34 75 3330.00
34 76 678.00
34 77 678.00
34 78 678.00
34 79 1039.00
34 80 1039.00
34 81 1039.00
34 82 268.00
34 83 268.00
34 84 268.00
34 85 1830.00
34 86 1830.00
34 87 1830.00
34 88 917.00
34 89 917.00
34 90 917.00
34 91 206.00
34 92 206.00
34 93 206.00
34 94 2650.00
34 95 2650.00
34 96 2650.00
35 36 1826.00
35 37 1826.00
35 38 1826.00
35 39 1747.00
35 40 1747.00
35 41 1747.00
35 42 463.00
35 43 463.00
35 44 1088.00
35 45 1088.00
35 46 1088.00
35 47 2940.00
35 48 2940.00
35 49 2940.00
35 50 2051.00
35 51 2051.00
35 52 2051.00
35 53 976.00
35 54 976.00
35 55 976.00
35 56 216.00
35 57 216.00
35 58 216.00
35 59 3026.00
35 60 3026.00
35 61 3026.00
35 62 2949.00
35 63 2949.00
35 64 2949.00
35 65 684.00
35 66 684.00
35 67 684.00
35 68 1665.00
35 69 1665.00
35 70 1665.00
35 71 1932.00
35 72 1932.00
35 73 3330.00
35 74 3330.00
35 75 3330.00
35 76 678.00
35 77 678.00
35 78 678.00
35 79 1039.00
35 80 1039.00
35 81 1039.00
35 82 268.00
35 83 268.00
35 84 268.00
35 85 1830.00
35 86 1830.00
35 87 1830.00
35 88 917.00
35 89 917.00
35 90 917.00
35 91 206.00
35 92 206.00
35 93 206.00
35 94 2650.00
35 95 2650.00
35 96 2650.00
36 37 0.00
36 38 0.00
36 39 901.00
36 40 901.00
36 41 901.00
36 42 2161.00
36 43 2161.00
36 44 1484.00
36 45 1484.00
36 46 1484.00
36 47 1764.00
36 48 1764.00
36 49 1764.00
36 50 288.00
36 51 288.00
36 52 288.00
36 53 1373.00
36 54 1373.00
36 55 1373.00
36 56 2004.00
36 57 2004.00
36 58 2004.00
36 59 1414.00
36 60 1414.00
36 61 1414.00
36 62 1381.00
36 63 1381.00
36 64 1381.00
36 65 1335.00
36 66 1335.00
36 67 1335.00
36 68 384.00
36 69 384.00
36 70 384.00
36 71 1283.00
36 72 1283.00
36 73 1578.00
36 74 1578.00
36 75 1578.00
36 76 2157.00
36 77 2157.00
36 78 2157.00
36 79 1576.00
36 80 1576.00
36 81 1576.00
36 82 1721.00
36 83 1721.00
36 84 1721.00
36 85 944.00
36 86 944.00
36 87 944.00
36 88 2120.00
36 89 2120.00
36 90 2120.00
36 91 1643.00
36 92 1643.00
36 93 1643.00
36 94 931.00
36 95 931.00
36 96 931.00
37 38 0.00
37 39 901.00
37 40 901.00
37 41 901.00
37 42 2161.00
37 43 2161.00
37 44 1484.00
37 45 1484.00
37 46 1484.00
37 47 1764.00
37 48 1764.00
37 49 1764.00
37 50 288.00
37 51 288.00
37 52 288.00
37 53 1373.00
37 54 1373.00
37 55 1373.00
37 56 2004.00
37 57 2004.00
37 58 2004.00
37 59 1414.00
37 60 1414.00
37 61 1414.00
37 62 1381.00
37 63 1381.00
37 64 1381.00
37 65 1335.00
37 66 1335.00
37 67 1335.00
37 68 384.00
37 69 384.00
37 70 384.00
37 71 1283.00
37 72 1283.00
37 73 1578.00
37 74 1578.00
37 75 1578.00
37 76 2157.00
37 77 2157.00
37 78 2157.00
37 79 1576.00
37 80 1576.00
37 81 1576.00
37 82 1721.00
37 83 1721.00
37 84 1721.00
37 85 944.00
37 86 944.00
37 87 944.00
37 88 2120.00
37 89 2120.00
37 90 2120.00
37 91 1643.00
37 92 1643.00
37 93 1643.00
37 94 931.00
37 95 931.00
37 96 931.00
38 39 901.00
38 40 901.00
38 41 901.00
38 42 2161.00
38 43 2161.00
38 44 1484.00
38 45 1484.00
38 46 1484.00
38 47 1764.00
38 48 1764.00
38 49 1764.00
38 50 288.00
38 51 288.00
38 52 288.00
38 53 1373.00
38 54 1373.00
38 55 1373.00
38 56 2004.00
38 57 2004.00
38 58 2004.00
38 59 1414.00
38 60 1414.00
38 61 1414.00
38 62 1381.00
38 63 1381.00
38 64 1381.00
38 65 1335.00
38 66 1335.00
38 67 1335.00
38 68 384.00
38 69 384.00
38 70 384.00
38 71 1283.00
38 72 1283.00
38 73 1578.00
38 74 1578.00
38 75 1578.00
38 76 2157.00
38 77 2157.00
38 78 2157.00
38 79 1576.00
38 80 1576.00
38 81 1576.00
38 82 1721.00
38 83 1721.00
38 84 1721.00
38 85 944.00
38 86 944.00
38 87 944.00
38 88 2120.00
38 89 2120.00
38 90 2120.00
38 91 1643.00
38 92 1643.00
38 93 1643.00
38 94 931.00
38 95 931.00
38 96 931.00
39 40 0.00
39 41 0.00
39 42 1901.00
39 43 1901.00
39 44 1950.00
39 45 1950.00
39 46 1950.00
39 47 1211.00
39 48 1211.00
39 49 1211.00
39 50 836.00
39 51 836.00
39 52 836.00
39 53 1795.00
39 54 1795.00
39 55 1795.00
39 56 1961.00
39 57 1961.00
39 58 1961.00
39 59 1350.00
39 60 1350.00
39 61 1350.00
39 62 1256.00
39 63 1256.00
39 64 1256.00
39 65 1071.00
39 66 1071.00
39 67 1071.00
39 68 1185.00
39 69 1185.00
39 70 1185.00
39 71 390.00
39 72 390.00
39 73 1753.00
39 74 1753.00
39 75 1753.00
39 76 2305.00
39 77 2305.00
39 78 2305.00
39 79 2009.00
39 80 2009.00
39 81 2009.00
39 82 1532.00
39 83 1532.00
39 84 1532.00
39 85 87.00
39 86 87.00
39 87 87.00
39 88 2390.00
39 89 2390.00
39 90 2390.00
39 91 1637.00
39 92 1637.00
39 93 1637.00
39 94 1123.00
39 95 1123.00
39 96 1123.00
40 41 0.00
40 42 1901.00
40 43 1901.00
40 44 1950.00
40 45 1950.00
40 46 1950.00
40 47 1211.00
40 48 1211.00
40 49 1211.00
40 50 836.00
40 51 836.00
40 52 836.00
40 53 1795.00
40 54 1795.00
40 55 1795.00
40 56 1961.00
40 57 1961.00
40 58 1961.00
40 59 1350.00
40 60 1350.00
40 61 1350.00
40 62 1256.00
40 63 1256.00
40 64 1256.00
40 65 1071.00
40 66 1071.00
40 67 1071.00
40 68 1185.00
40 69 1185.00
40 70 1185.00
40 71 390.00
40 72 390.00
40 73 1753.00
40 74 1753.00
40 75 1753.00
40 76 2305.00
40 77 2305.00
40 78 2305.00
40 79 2009.00
40 80 2009.00
40 81 2009.00
40 82 1532.00
40 83 1532.00
40 84 1532.00
40 85 87.00
40 86 87.00
40 87 87.00
40 88 2390.00
40 89 2390.00
40 90 2390.00
40 91 1637.00
40 92 1637.00
40 93 1637.00
40 94 1123.00
40 95 1123.00
40 96 1123.00
41 42 1901.00
41 43 1901.00
41 44 1950.00
41 45 1950.00
41 46 1950.00
41 47 1211.00
41 48 1211.00
41 49 1211.00
41 50 836.00
41 51 836.00
41 52 836.00
41 53 1795.00
41 54 1795.00
41 55 1795.00
41 56 1961.00
41 57 1961.00
41 58 1961.00
41 59 1350.00
41 60 1350.00
41 61 1350.00
41 62 1256.00
41 63 1256.00
41 64 1256.00
41 65 1071.00
41 66 1071.00
41 67 1071.00
41 68 1185.00
41 69 1185.00
41 70 1185.00
41 71 390.00
41 72 390.00
41 73 1753.00
41 74 1753.00
41 75 1753.00
41 76 2305.00
41 77 2305.00
41 78 2305.00
41 79 2009.00
41 80 2009.00
41 81 2009.00
41 82 1532.00
41 83 1532.00
41 84 1532.00
41 85 87.00
41 86 87.00
41 87 87.00
41 88 2390.00
41 89 2390.00
41 90 2390.00
41 91 1637.00
41 92 1637.00
41 93 1637.00
41 94 1123.00
41 95 1123.00
41 96 1123.00
42 43 0.00
42 44 1550.00
42 45 1550.00
42 46 1550.00
42 47 3033.00
42 48 3033.00
42 49 3033.00
42 50 2354.00
42 51 2354.00
42 52 2354.00
42 53 1439.00
42 54 1439.00
42 55 1439.00
42 56 493.00
42 57 493.00
42 58 493.00
42 59 3236.00
42 60 3236.00
42 61 3236.00
42 62 3149.00
42 63 3149.00
42 64 3149.00
42 65 862.00
42 66 862.00
42 67 862.00
42 68 2054.00
42 69 2054.00
42 70 2054.00
42 71 2000.00
42 72 2000.00
42 73 3586.00
42 74 3586.00
42 75 3586.00
42 76 986.00
42 77 986.00
42 78 986.00
42 79 1496.00
42 80 1496.00
42 81 1496.00
42 82 442.00
42 83 442.00
42 84 442.00
42 85 1975.00
42 86 1975.00
42 87 1975.00
42 88 1280.00
42 89 1280.00
42 90 1280.00
42 91 658.00
42 92 658.00
42 93 658.00
42 94 2911.00
42 95 2911.00
42 96 2911.00
43 44 1550.00
43 45 1550.00
43 46 1550.00
43 47 3033.00
43 48 3033.00
43 49 3033.00
43 50 2354.00
43 51 2354.00
43 52 2354.00
43 53 1439.00
43 54 1439.00
43 55 1439.00
43 56 493.00
43 57 493.00
43 58 493.00
43 59 3236.00
43 60 3236.00
43 61 3236.00
43 62 3149.00
43 63 3149.00
43 64 3149.00
43 65 862.00
43 66 862.00
43 67 862.00
43 68 2054.00
43 69 2054.00
43 70 2054.00
43 71 2000.00
43 72 2000.00
43 73 3586.00
43 74 3586.00
43 75 3586.00
43 76 986.00
43 77 986.00
43 78 986.00
43 79 1496.00
43 80 1496.00
43 81 1496.00
43 82 442.00
43 83 442.00
43 84 442.00
43 85 1975.00
43 86 1975.00
43 87 1975.00
43 88 1280.00
43 89 1280.00
43 90 1280.00
43 91 658.00
43 92 658.00
43 93 658.00
43 94 2911.00
43 95 2911.00
43 96 2911.00
44 45 0.00
44 46 0.00
44 47 3111.00
44 48 3111.00
44 49 3111.00
44 50 1771.00
44 51 1771.00
44 52 1771.00
44 53 165.00
44 54 165.00
44 55 165.00
44 56 1107.00
44 57 1107.00
44 58 1107.00
44 59 2894.00
44 60 2894.00
44 61 2894.00
44 62 2854.00
44 63 2854.00
44 64 2854.00
44 65 1290.00
44 66 1290.00
44 67 1290.00
44 68 1140.00
44 69 1140.00
44 70 1140.00
44 71 2285.00
44 72 2285.00
44 73 3043.00
44 74 3043.00
44 75 3043.00
44 76 905.00
44 77 905.00
44 78 905.00
44 79 107.00
44 80 107.00
44 81 107.00
44 82 1235.00
44 83 1235.00
44 84 1235.00
44 85 2033.00
44 86 2033.00
44 87 2033.00
44 88 722.00
44 89 722.00
44 90 722.00
44 91 913.00
44 92 913.00
44 93 913.00
44 94 2414.00
44 95 2414.00
44 96 2414.00
45 46 0.00
45 47 3111.00
45 48 3111.00
45 49 3111.00
45 50 1771.00
45 51 1771.00
45 52 1771.00
45 53 165.00
45 54 165.00
45 55 165.00
45 56 1107.00
45 57 1107.00
45 58 1107.00
45 59 2894.00
45 60 2894.00
45 61 2894.00
45 62 2854.00
45 63 2854.00
45 64 2854.00
45 65 1290.00
45 66 1290.00
45 67 1290.00
45 68 1140.00
45 69 1140.00
45 70 1140.00
45 71 2285.00
45 72 2285.00
45 73 3043.00
45 74 3043.00
45 75 3043.00
45 76 905.00
45 77 905.00
45 78 905.00
45 79 107.00
45 80 107.00
45 81 107.00
45 82 1235.00
45 83 1235.00
45 84 1235.00
45 85 2033.00
45 86 2033.00
45 87 2033.00
45 88 722.00
45 89 722.00
45 90 722.00
45 91 913.00
45 92 913.00
45 93 913.00
45 94 2414.00
45 95 2414.00
45 96 2414.00
46 47 3111.00
46 48 3111.00
46 49 3111.00
46 50 1771.00
46 51 1771.00
46 52 1771.00
46 53 165.00
46 54 165.00
46 55 165.00
46 56 1107.00
46 57 1107.00
46 58 1107.00
46 59 2894.00
46 60 2894.00
46 61 2894.00
46 62 2854.00
46 63 2854.00
46 64 2854.00
46 65 1290.00
46 66 1290.00
46 67 1290.00
46 68 1140.00
46 69 1140.00
46 70 1140.00
46 71 2285.00
46 72 2285.00
46 73 3043.00
46 74 3043.00
46 75 3043.00
46 76 905.00
46 77 905.00
46 78 905.00
46 79 107.00
46 80 107.00
46 81 107.00
46 82 1235.00
46 83 1235.00
46 84 1235.00
46 85 2033.00
46 86 2033.00
46 87 2033.00
46 88 722.00
46 89 722.00
46 90 722.00
46 91 913.00
46 92 913.00
46 93 913.00
46 94 2414.00
46 95 2414.00
46 96 2414.00
47 48 0.00
47 49 0.00
47 50 1516.00
47 51 1516.00
47 52 1516.00
47 53 2966.00
47 54 2966.00
47 55 2966.00
47 56 3156.00
47 57 3156.00
47 58 3156.00
47 59 835.00
47 60 835.00
47 61 835.00
47 62 737.00
47 63 737.00
47 64 737.00
47 65 2257.00
47 66 2257.00
47 67 2257.00
47 68 2142.00
47 69 2142.00
47 70 2142.00
47 71 1034.00
47 72 1034.00
47 73 1317.00
47 74 1317.00
47 75 1317.00
47 76 3516.00
47 77 3516.00
47 78 3516.00
47 79 3182.00
47 80 3182.00
47 81 3182.00
47 82 2709.00
47 83 2709.00
47 84 2709.00
47 85 1125.00
47 86 1125.00
47 87 1125.00
47 88 3597.00
47 89 3597.00
47 90 3597.00
47 91 2843.00
47 92 2843.00
47 93 2843.00
47 94 1152.00
47 95 1152.00
47 96 1152.00
48 49 0.00
48 50 1516.00
48 51 1516.00
48 52 1516.00
48 53 2966.00
48 54 2966.00
48 55 2966.00
48 56 3156.00
48 57 3156.00
48 58 3156.00
48 59 835.00
48 60 835.00
48 61 835.00
48 62 737.00
48 63 737.00
48 64 737.00
48 65 2257.00
48 66 2257.00
48 67 2257.00
48 68 2142.00
48 69 2142.00
48 70 2142.00
48 71 1034.00
48 72 1034.00
48 73 1317.00
48 74 1317.00
48 75 1317.00
48 76 3516.00
48 77 3516.00
48 78 3516.00
48 79 3182.00
48 80 3182.00
48 81 3182.00
48 82 2709.00
48 83 2709.00
48 84 2709.00
48 85 1125.00
48 86 1125.00
48 87 1125.00
48 88 3597.00
48 89 3597.00
48 90 3597.00
48 91 2843.00
48 92 2843.00
48 93 2843.00
48 94 1152.00
48 95 1152.00
48 96 1152.00
49 50 1516.00
49 51 1516.00
49 52 1516.00
49 53 2966.00
49 54 2966.00
49 55 2966.00
49 56 3156.00
49 57 3156.00
49 58 3156.00
49 59 835.00
49 60 835.00
49 61 835.00
49 62 737.00
49 63 737.00
49 64 737.00
49 65 2257.00
49 66 2257.00
49 67 2257.00
49 68 2142.00
49 69 2142.00
49 70 2142.00
49 71 1034.00
49 72 1034.00
49 73 1317.00
49 74 1317.00
49 75 1317.00
49 76 3516.00
49 77 3516.00
49 78 3516.00
49 79 3182.00
49 80 3182.00
49 81 3182.00
49 82 2709.00
49 83 2709.00
49 84 2709.00
49 85 1125.00
49 86 1125.00
49 87 1125.00
49 88 3597.00
49 89 3597.00
49 90 3597.00
49 91 2843.00
49 92 2843.00
49 93 2843.00
49 94 1152.00
49 95 1152.00
49 96 1152.00
50 51 0.00
50 52 0.00
50 53 1658.00
50 54 1658.00
50 55 1658.00
50 56 2239.00
50 57 2239.00
50 58 2239.00
50 59 1125.00
50 60 1125.00
50 61 1125.00
50 62 1094.00
50 63 1094.00
50 64 1094.00
50 65 1504.00
50 66 1504.00
50 67 1504.00
50 68 664.00
50 69 664.00
50 70 664.00
50 71 1185.00
50 72 1185.00
50 73 1306.00
50 74 1306.00
50 75 1306.00
50 76 2423.00
50 77 2423.00
50 78 2423.00
50 79 1862.00
50 80 1862.00
50 81 1862.00
50 82 1921.00
50 83 1921.00
50 84 1921.00
50 85 854.00
50 86 854.00
50 87 854.00
50 88 2398.00
50 89 2398.00
50 90 2398.00
50 91 1878.00
50 92 1878.00
50 93 1878.00
50 94 646.00
50 95 646.00
50 96 646.00
51 52 0.00
51 53 1658.00
51 54 1658.00
51 55 1658.00
51 56 2239.00
51 57 2239.00
51 58 2239.00
51 59 1125.00
51 60 1125.00
51 61 1125.00
51 62 1094.00
51 63 1094.00
51 64 1094.00
51 65 1504.00
51 66 1504.00
51 67 1504.00
51 68 664.00
51 69 664.00
51 70 664.00
51 71 1185.00
51 72 1185.00
51 73 1306.00
51 74 1306.00
51 75 1306.00
51 76 2423.00
51 77 2423.00
51 78 2423.00
51 79 1862.00
51 80 1862.00
51 81 1862.00
51 82 1921.00
51 83 1921.00
51 84 1921.00
51 85 854.00
51 86 854.00
51 87 854.00
51 88 2398.00
51 89 2398.00
51 90 2398.00
51 91 1878.00
51 92 1878.00
51 93 1878.00
51 94 646.00
51 95 646.00
51 96 646.00
52 53 1658.00
52 54 1658.00
52 55 1658.00
52 56 2239.00
52 57 2239.00
52 58 2239.00
52 59 1125.00
52 60 1125.00
52 61 1125.00
52 62 1094.00
52 63 1094.00
52 64 1094.00
52 65 1504.00
52 66 1504.00
52 67 1504.00
52 68 664.00
52 69 664.00
52 70 664.00
52 71 1185.00
52 72 1185.00
52 73 1306.00
52 74 1306.00
52 75 1306.00
52 76 2423.00
52 77 2423.00
52 78 2423.00
52 79 1862.00
52 80 1862.00
52 81 1862.00
52 82 1921.00
52 83 1921.00
52 84 1921.00
52 85 854.00
52 86 854.00
52 87 854.00
52 88 2398.00
52 89 2398.00
52 90 2398.00
52 91 1878.00
52 92 1878.00
52 93 1878.00
52 94 646.00
52 95 646.00
52 96 646.00
53 54 0.00
53 55 0.00
53 56 1021.00
53 57 1021.00
53 58 1021.00
53 59 2775.00
53 60 2775.00
53 61 2775.00
53 62 2731.00
53 63 2731.00
53 64 2731.00
53 65 1129.00
53 66 1129.00
53 67 1129.00
53 68 1050.00
53 69 1050.00
53 70 1050.00
53 71 2125.00
53 72 2125.00
53 73 2945.00
53 74 2945.00
53 75 2945.00
53 76 897.00
53 77 897.00
53 78 897.00
53 79 216.00
53 80 216.00
53 81 216.00
53 82 1099.00
53 83 1099.00
53 84 1099.00
53 85 1879.00
53 86 1879.00
53 87 1879.00
53 88 769.00
53 89 769.00
53 90 769.00
53 91 788.00
53 92 788.00
53 93 788.00
53 94 2304.00
53 95 2304.00
53 96 2304.00
54 55 0.00
54 56 1021.00
54 57 1021.00
54 58 1021.00
54 59 2775.00
54 60 2775.00
54 61 2775.00
54 62 2731.00
54 63 2731.00
54 64 2731.00
54 65 1129.00
54 66 1129.00
54 67 1129.00
54 68 1050.00
54 69 1050.00
54 70 1050.00
54 71 2125.00
54 72 2125.00
54 73 2945.00
54 74 2945.00
54 75 2945.00
54 76 897.00
54 77 897.00
54 78 897.00
54 79 216.00
54 80 216.00
54 81 216.00
54 82 1099.00
54 83 1099.00
54 84 1099.00
54 85 1879.00
54 86 1879.00
54 87 1879.00
54 88 769.00
54 89 769.00
54 90 769.00
54 91 788.00
54 92 788.00
54 93 788.00
54 94 2304.00
54 95 2304.00
54 96 2304.00
55 56 1021.00
55 57 1021.00
55 58 1021.00
55 59 2775.00
55 60 2775.00
55 61 2775.00
55 62 2731.00
55 63 2731.00
55 64 2731.00
55 65 1129.00
55 66 1129.00
55 67 1129.00
55 68 1050.00
55 69 1050.00
55 70 1050.00
55 71 2125.00
55 72 2125.00
55 73 2945.00
55 74 2945.00
55 75 2945.00
55 76 897.00
55 77 897.00
55 78 897.00
55 79 216.00
55 80 216.00
55 81 216.00
55 82 1099.00
55 83 1099.00
55 84 1099.00
55 85 1879.00
55 86 1879.00
55 87 1879.00
55 88 769.00
55 89 769.00
55 90 769.00
55 91 788.00
55 92 788.00
55 93 788.00
55 94 2304.00
55 95 2304.00
55 96 2304.00
56 57 0.00
56 58 0.00
56 59 3232.00
56 60 3232.00
56 61 3232.00
56 62 3157.00
56 63 3157.00
56 64 3157.00
56 65 900.00
56 66 900.00
56 67 900.00
56 68 1817.00
56 69 1817.00
56 70 1817.00
56 71 2148.00
56 72 2148.00
56 73 3527.00
56 74 3527.00
56 75 3527.00
56 76 512.00
56 77 512.00
56 78 512.00
56 79 1040.00
56 80 1040.00
56 81 1040.00
56 82 471.00
56 83 471.00
56 84 471.00
56 85 2045.00
56 86 2045.00
56 87 2045.00
56 88 790.00
56 89 790.00
56 90 790.00
56 91 361.00
56 92 361.00
56 93 361.00
56 94 2847.00
56 95 2847.00
56 96 2847.00
57 58 0.00
57 59 3232.00
57 60 3232.00
57 61 3232.00
57 62 3157.00
57 63 3157.00
57 64 3157.00
57 65 900.00
57 66 900.00
57 67 900.00
57 68 1817.00
57 69 1817.00
57 70 1817.00
57 71 2148.00
57 72 2148.00
57 73 3527.00
57 74 3527.00
57 75 3527.00
57 76 512.00
57 77 512.00
57 78 512.00
57 79 1040.00
57 80 1040.00
57 81 1040.00
57 82 471.00
57 83 471.00
57 84 471.00
57 85 2045.00
57 86 2045.00
57 87 2045.00
57 88 790.00
57 89 790.00
57 90 790.00
57 91 361.00
57 92 361.00
57 93 361.00
57 94 2847.00
57 95 2847.00
57 96 2847.00
58 59 3232.00
58 60 3232.00
58 61 3232.00
58 62 3157.00
58 63 3157.00
58 64 3157.00
58 65 900.00
58 66 900.00
58 67 900.00
58 68 1817.00
58 69 1817.00
58 70 1817.00
58 71 2148.00
58 72 2148.00
58 73 3527.00
58 74 3527.00
58 75 3527.00
58 76 512.00
58 77 512.00
58 78 512.00
58 79 1040.00
58 80 1040.00
58 81 1040.00
58 82 471.00
58 83 471.00
58 84 471.00
58 85 2045.00
58 86 2045.00
58 87 2045.00
58 88 790.00
58 89 790.00
58 90 790.00
58 91 361.00
58 92 361.00
58 93 361.00
58 94 2847.00
58 95 2847.00
58 96 2847.00
59 60 0.00
59 61 0.00
59 62 115.00
59 63 115.00
59 64 115.00
59 65 2384.00
59 66 2384.00
59 67 2384.00
59 68 1784.00
59 69 1784.00
59 70 1784.00
59 71 1418.00
59 72 1418.00
59 73 501.00
59 74 501.00
59 75 501.00
59 76 3490.00
59 77 3490.00
59 78 3490.00
59 79 2983.00
59 80 2983.00
59 81 2983.00
59 82 2842.00
59 83 2842.00
59 84 2842.00
59 85 1288.00
59 86 1288.00
59 87 1288.00
59 88 3498.00
59 89 3498.00
59 90 3498.00
59 91 2882.00
59 92 2882.00
59 93 2882.00
59 94 511.00
59 95 511.00
59 96 511.00
60 61 0.00
60 62 115.00
60 63 115.00
60 64 115.00
60 65 2384.00
60 66 2384.00
60 67 2384.00
60 68 1784.00
60 69 1784.00
60 70 1784.00
60 71 1418.00
60 72 1418.00
60 73 501.00
60 74 501.00
60 75 501.00
60 76 3490.00
60 77 3490.00
60 78 3490.00
60 79 2983.00
60 80 2983.00
60 81 2983.00
60 82 2842.00
60 83 2842.00
60 84 2842.00
60 85 1288.00
60 86 1288.00
60 87 1288.00
60 88 3498.00
60 89 3498.00
60 90 3498.00
60 91 2882.00
60 92 2882.00
60 93 2882.00
60 94 511.00
60 95 511.00
60 96 511.00
61 62 115.00
61 63 115.00
61 64 115.00
61 65 2384.00
61 66 2384.00
61 67 2384.00
61 68 1784.00
61 69 1784.00
61 70 1784.00
61 71 1418.00
61 72 1418.00
61 73 501.00
61 74 501.00
61 75 501.00
61 76 3490.00
61 77 3490.00
61 78 3490.00
61 79 2983.00
61 80 2983.00
61 81 2983.00
61 82 2842.00
61 83 2842.00
61 84 2842.00
61 85 1288.00
61 86 1288.00
61 87 1288.00
61 88 3498.00
61 89 3498.00
61 90 3498.00
61 91 2882.00
61 92 2882.00
61 93 2882.00
61 94 511.00
61 95 511.00
61 96 511.00
62 63 0.00
62 64 0.00
62 65 2300.00
62 66 2300.00
62 67 2300.00
62 68 1757.00
62 69 1757.00
62 70 1757.00
62 71 1309.00
62 72 1309.00
62 73 614.00
62 74 614.00
62 75 614.00
62 76 3427.00
62 77 3427.00
62 78 3427.00
62 79 2941.00
62 80 2941.00
62 81 2941.00
62 82 2760.00
62 83 2760.00
62 84 2760.00
62 85 1190.00
62 86 1190.00
62 87 1190.00
62 88 3444.00
62 89 3444.00
62 90 3444.00
62 91 2809.00
62 92 2809.00
62 93 2809.00
62 94 518.00
62 95 518.00
62 96 518.00
63 64 0.00
63 65 2300.00
63 66 2300.00
63 67 2300.00
63 68 1757.00
63 69 1757.00
63 70 1757.00
63 71 1309.00
63 72 1309.00
63 73 614.00
63 74 614.00
63 75 614.00
63 76 3427.00
63 77 3427.00
63 78 3427.00
63 79 2941.00
63 80 2941.00
63 81 2941.00
63 82 2760.00
63 83 2760.00
63 84 2760.00
63 85 1190.00
63 86 1190.00
63 87 1190.00
63 88 3444.00
63 89 3444.00
63 90 3444.00
63 91 2809.00
63 92 2809.00
63 93 2809.00
63 94 518.00
63 95 518.00
63 96 518.00
64 65 2300.00
64 66 2300.00
64 67 2300.00
64 68 1757.00
64 69 1757.00
64 70 1757.00
64 71 1309.00
64 72 1309.00
64 73 614.00
64 74 614.00
64 75 614.00
64 76 3427.00
64 77 3427.00
64 78 3427.00
64 79 2941.00
64 80 2941.00
64 81 2941.00
64 82 2760.00
64 83 2760.00
64 84 2760.00
64 85 1190.00
64 86 1190.00
64 87 1190.00
64 88 3444.00
64 89 3444.00
64 90 3444.00
64 91 2809.00
64 92 2809.00
64 93 2809.00
64 94 518.00
64 95 518.00
64 96 518.00
65 66 0.00
65 67 0.00
65 68 1305.00
65 69 1305.00
65 70 1305.00
65 71 1250.00
65 72 1250.00
65 73 2725.00
65 74 2725.00
65 75 2725.00
65 76 1304.00
65 77 1304.00
65 78 1304.00
65 79 1297.00
65 80 1297.00
65 81 1297.00
65 82 462.00
65 83 462.00
65 84 462.00
65 85 1152.00
65 86 1152.00
65 87 1152.00
65 88 1463.00
65 89 1463.00
65 90 1463.00
65 91 614.00
65 92 614.00
65 93 614.00
65 94 2049.00
65 95 2049.00
65 96 2049.00
66 67 0.00
66 68 1305.00
66 69 1305.00
66 70 1305.00
66 71 1250.00
66 72 1250.00
66 73 2725.00
66 74 2725.00
66 75 2725.00
66 76 1304.00
66 77 1304.00
66 78 1304.00
66 79 1297.00
66 80 1297.00
66 81 1297.00
66 82 462.00
66 83 462.00
66 84 462.00
66 85 1152.00
66 86 1152.00
66 87 1152.00
66 88 1463.00
66 89 1463.00
66 90 1463.00
66 91 614.00
66 92 614.00
66 93 614.00
66 94 2049.00
66 95 2049.00
66 96 2049.00
67 68 1305.00
67 69 1305.00
67 70 1305.00
67 71 1250.00
67 72 1250.00
67 73 2725.00
67 74 2725.00
67 75 2725.00
67 76 1304.00
67 77 1304.00
67 78 1304.00
67 79 1297.00
67 80 1297.00
67 81 1297.00
67 82 462.00
67 83 462.00
67 84 462.00
67 85 1152.00
67 86 1152.00
67 87 1152.00
67 88 1463.00
67 89 1463.00
67 90 1463.00
67 91 614.00
67 92 614.00
67 93 614.00
67 94 2049.00
67 95 2049.00
67 96 2049.00
68 69 0.00
68 70 0.00
68 71 1575.00
68 72 1575.00
68 73 1903.00
68 74 1903.00
68 75 1903.00
68 76 1892.00
68 77 1892.00
68 78 1892.00
68 79 1239.00
68 80 1239.00
68 81 1239.00
68 82 1614.00
68 83 1614.00
68 84 1614.00
68 85 1245.00
68 86 1245.00
68 87 1245.00
68 88 1815.00
68 89 1815.00
68 90 1815.00
68 91 1466.00
68 92 1466.00
68 93 1466.00
68 94 1287.00
68 95 1287.00
68 96 1287.00
69 70 0.00
69 71 1575.00
69 72 1575.00
69 73 1903.00
69 74 1903.00
69 75 1903.00
69 76 1892.00
69 77 1892.00
69 78 1892.00
69 79 1239.00
69 80 1239.00
69 81 1239.00
69 82 1614.00
69 83 1614.00
69 84 1614.00
69 85 1245.00
69 86 1245.00
69 87 1245.00
69 88 1815.00
69 89 1815.00
69 90 1815.00
69 91 1466.00
69 92 1466.00
69 93 1466.00
69 94 1287.00
69 95 1287.00
69 96 1287.00
70 71 1575.00
70 72 1575.00
70 73 1903.00
70 74 1903.00
70 75 1903.00
70 76 1892.00
70 77 1892.00
70 78 1892.00
70 79 1239.00
70 80 1239.00
70 81 1239.00
70 82 1614.00
70 83 1614.00
70 84 1614.00
70 85 1245.00
70 86 1245.00
70 87 1245.00
70 88 1815.00
70 89 1815.00
70 90 1815.00
70 91 1466.00
70 92 1466.00
70 93 1466.00
70 94 1287.00
70 95 1287.00
70 96 1287.00
71 72 0.00
71 73 1880.00
71 74 1880.00
71 75 1880.00
71 76 2543.00
71 77 2543.00
71 78 2543.00
71 79 2336.00
71 80 2336.00
71 81 2336.00
71 82 1689.00
71 83 1689.00
71 84 1689.00
71 85 339.00
71 86 339.00
71 87 339.00
71 88 2663.00
71 89 2663.00
71 90 2663.00
71 91 1856.00
71 92 1856.00
71 93 1856.00
71 94 1326.00
71 95 1326.00
71 96 1326.00
72 73 1880.00
72 74 1880.00
72 75 1880.00
72 76 2543.00
72 77 2543.00
72 78 2543.00
72 79 2336.00
72 80 2336.00
72 81 2336.00
72 82 1689.00
72 83 1689.00
72 84 1689.00
72 85 339.00
72 86 339.00
72 87 339.00
72 88 2663.00
72 89 2663.00
72 90 2663.00
72 91 1856.00
72 92 1856.00
72 93 1856.00
72 94 1326.00
72 95 1326.00
72 96 1326.00
73 74 0.00
73 75 0.00
73 76 3729.00
73 77 3729.00
73 78 3729.00
73 79 3140.00
73 80 3140.00
73 81 3140.00
73 82 3172.00
73 83 3172.00
73 84 3172.00
73 85 1704.00
73 86 1704.00
73 87 1704.00
73 88 3697.00
73 89 3697.00
73 90 3697.00
73 91 3168.00
73 92 3168.00
73 93 3168.00
73 94 680.00
73 95 680.00
73 96 680.00
74 75 0.00
74 76 3729.00
74 77 3729.00
74 78 3729.00
74 79 3140.00
74 80 3140.00
74 81 3140.00
74 82 3172.00
74 83 3172.00
74 84 3172.00
74 85 1704.00
74 86 1704.00
74 87 1704.00
74 88 3697.00
74 89 3697.00
74 90 3697.00
74 91 3168.00
74 92 3168.00
74 93 3168.00
74 94 680.00
74 95 680.00
74 96 680.00
75 76 3729.00
75 77 3729.00
75 78 3729.00
75 79 3140.00
75 80 3140.00
75 81 3140.00
75 82 3172.00
75 83 3172.00
75 84 3172.00
75 85 1704.00
75 86 1704.00
75 87 1704.00
75 88 3697.00
75 89 3697.00
75 90 3697.00
75 91 3168.00
75 92 3168.00
75 93 3168.00
75 94 680.00
75 95 680.00
75 96 680.00
76 77 0.00
76 78 0.00
76 79 807.00
76 80 807.00
76 81 807.00
76 82 945.00
76 83 945.00
76 84 945.00
76 85 2391.00
76 86 2391.00
76 87 2391.00
76 88 315.00
76 89 315.00
76 90 315.00
76 91 690.00
76 92 690.00
76 93 690.00
76 94 3061.00
76 95 3061.00
76 96 3061.00
77 78 0.00
77 79 807.00
77 80 807.00
77 81 807.00
77 82 945.00
77 83 945.00
77 84 945.00
77 85 2391.00
77 86 2391.00
77 87 2391.00
77 88 315.00
77 89 315.00
77 90 315.00
77 91 690.00
77 92 690.00
77 93 690.00
77 94 3061.00
77 95 3061.00
77 96 3061.00
78 79 807.00
78 80 807.00
78 81 807.00
78 82 945.00
78 83 945.00
78 84 945.00
78 85 2391.00
78 86 2391.00
78 87 2391.00
78 88 315.00
78 89 315.00
78 90 315.00
78 91 690.00
78 92 690.00
78 93 690.00
78 94 3061.00
78 95 3061.00
78 96 3061.00
79 80 0.00
79 81 0.00
79 82 1204.00
79 83 1204.00
79 84 1204.00
79 85 2094.00
79 86 2094.00
79 87 2094.00
79 88 616.00
79 89 616.00
79 90 616.00
79 91 875.00
79 92 875.00
79 93 875.00
79 94 2506.00
79 95 2506.00
79 96 2506.00
80 81 0.00
80 82 1204.00
80 83 1204.00
80 84 1204.00
80 85 2094.00
80 86 2094.00
80 87 2094.00
80 88 616.00
80 89 616.00
80 90 616.00
80 91 875.00
80 92 875.00
80 93 875.00
80 94 2506.00
80 95 2506.00
80 96 2506.00
81 82 1204.00
81 83 1204.00
81 84 1204.00
81 85 2094.00
81 86 2094.00
81 87 2094.00
81 88 616.00
81 89 616.00
81 90 616.00
81 91 875.00
81 92 875.00
81 93 875.00
81 94 2506.00
81 95 2506.00
81 96 2506.00
82 83 0.00
82 84 0.00
82 85 1612.00
82 86 1612.00
82 87 1612.00
82 88 1171.00
82 89 1171.00
82 90 1171.00
82 91 335.00
82 92 335.00
82 93 335.00
82 94 2493.00
82 95 2493.00
82 96 2493.00
83 84 0.00
83 85 1612.00
83 86 1612.00
83 87 1612.00
83 88 1171.00
83 89 1171.00
83 90 1171.00
83 91 335.00
83 92 335.00
83 93 335.00
83 94 2493.00
83 95 2493.00
83 96 2493.00
84 85 1612.00
84 86 1612.00
84 87 1612.00
84 88 1171.00
84 89 1171.00
84 90 1171.00
84 91 335.00
84 92 335.00
84 93 335.00
84 94 2493.00
84 95 2493.00
84 96 2493.00
85 86 0.00
85 87 0.00
85 88 2477.00
85 89 2477.00
85 90 2477.00
85 91 1722.00
85 92 1722.00
85 93 1722.00
85 94 1088.00
85 95 1088.00
85 96 1088.00
86 87 0.00
86 88 2477.00
86 89 2477.00
86 90 2477.00
86 91 1722.00
86 92 1722.00
86 93 1722.00
86 94 1088.00
86 95 1088.00
86 96 1088.00
87 88 2477.00
87 89 2477.00
87 90 2477.00
87 91 1722.00
87 92 1722.00
87 93 1722.00
87 94 1088.00
87 95 1088.00
87 96 1088.00
88 89 0.00
88 90 0.00
88 91 868.00
88 92 868.00
88 93 868.00
88 94 3044.00
88 95 3044.00
88 96 3044.00
89 90 0.00
89 91 868.00
89 92 868.00
89 93 868.00
89 94 3044.00
89 95 3044.00
89 96 3044.00
90 91 868.00
90 92 868.00
90 93 868.00
90 94 3044.00
90 95 3044.00
90 96 3044.00
91 92 0.00
91 93 0.00
91 94 2489.00
91 95 2489.00
91 96 2489.00
92 93 0.00
92 94 2489.00
92 95 2489.00
92 96 2489.00
93 94 2489.00
93 95 2489.00
93 96 2489.00
94 95 0.00
94 96 0.00
95 96 0.00

25 1 0 0 0 0 0 0 0 0 0 1 0 1 0 0 0 0 0 0 0 0 0 0 0 0 0 0 1 0 0 0 1 0 0 0 0 0 0 0 0 0 0 0 0 0 0 0 0 0 0
26 1 0 0 0 0 0 0 0 0 0 1 0 1 0 0 0 0 0 0 0 0 0 0 0 0 0 0 1 0 0 0 1 0 0 0 0 0 0 0 0 0 0 0 0 0 0 0 0 0 0
27 0 0 1 0 0 0 0 0 0 1 0 0 0 1 1 0 1 0 0 0 0 0 0 0 0 0 1 0 1 1 0 0 0 0 1 0 0 0 0 0 0 0 1 0 0 0 0 0 0 0
28 0 0 1 0 0 0 0 0 0 1 0 0 0 1 1 0 1 0 0 0 0 0 0 0 0 0 1 0 1 1 0 0 0 0 1 0 0 0 0 0 0 0 1 0 0 0 0 0 0 0
29 0 0 1 0 0 0 0 0 0 1 0 0 0 1 1 0 1 0 0 0 0 0 0 0 0 0 1 0 1 1 0 0 0 0 1 0 0 0 0 0 0 0 1 0 0 0 0 0 0 0
30 0 0 0 0 0 1 0 1 0 0 0 1 0 0 0 0 0 0 0 0 1 1 0 0 1 0 0 0 0 0 0 0 1 0 0 1 0 1 0 1 0 0 0 0 1 0 0 1 0 0
31 0 0 0 0 0 1 0 1 0 0 0 1 0 0 0 0 0 0 0 0 1 1 0 0 1 0 0 0 0 0 0 0 1 0 0 1 0 1 0 1 0 0 0 0 1 0 0 1 0 0
32 0 0 0 0 0 1 0 1 0 0 0 1 0 0 0 0 0 0 0 0 1 1 0 0 1 0 0 0 0 0 0 0 1 0 0 1 0 1 0 1 0 0 0 0 1 0 0 1 0 0
33 1 0 1 0 0 0 0 0 0 0 1 0 1 0 0 1 0 0 0 0 0 0 0 0 0 0 0 1 0 0 0 1 0 0 0 0 0 0 0 0 0 1 1 0 0 0 0 0 1 0
34 1 0 1 0 0 0 0 0 0 0 1 0 1 0 0 1 0 0 0 0 0 0 0 0 0 0 0 1 0 0 0 1 0 0 0 0 0 0 0 0 0 1 1 0 0 0 0 0 1 0
35 1 0 1 0 0 0 0 0 0 0 1 0 1 0 0 1 0 0 0 0 0 0 0 0 0 0 0 1 0 0 0 1 0 0 0 0 0 0 0 0 0 1 1 0 0 0 0 0 1 0
36 0 0 0 1 0 0 0 0 1 1 0 0 0 0 1 0 0 1 0 1 0 0 1 0 0 0 1 0 0 1 0 0 0 0 0 0 0 0 1 0 1 0 0 0 0 0 0 0 0 0
37 0 0 0 1 0 0 0 0 1 1 0 0 0 0 1 0 0 1 0 1 0 0 1 0 0 0 1 0 0 1 0 0 0 0 0 0 0 0 1 0 1 0 0 0 0 0 0 0 0 0
38 0 0 0 1 0 0 0 0 1 1 0 0 0 0 1 0 0 1 0 1 0 0 1 0 0 0 1 0 0 1 0 0 0 0 0 0 0 0 1 0 1 0 0 0 0 0 0 0 0 0
39 0 0 0 1 1 0 0 0 0 0 0 0 0 1 1 0 1 0 0 0 0 0 0 0 1 0 1 0 1 1 0 0 0 0 0 0 0 0 0 0 0 0 0 0 0 0 0 0 0 0
40 0 0 0 1 1 0 0 0 0 0 0 0 0 1 1 0 1 0 0 0 0 0 0 0 1 0 1 0 1 1 0 0 0 0 0 0 0 0 0 0 0 0 0 0 0 0 0 0 0 0
41 0 0 0 1 1 0 0 0 0 0 0 0 0 1 1 0 1 0 0 0 0 0 0 0 1 0 1 0 1 1 0 0 0 0 0 0 0 0 0 0 0 0 0 0 0 0 0 0 0 0
42 0 0 1 0 0 0 0 0 0 0 1 0 0 0 0 0 0 0 0 0 0 0 0 0 0 0 0 1 0 0 0 1 0 0 0 0 0 0 0 0 0 0 0 0 0 0 0 0 0 0
43 0 0 1 0 0 0 0 0 0 0 1 0 0 0 0 0 0 0 0 0 0 0 0 0 0 0 0 1 0 0 0 1 0 0 0 0 0 0 0 0 0 0 0 0 0 0 0 0 0 0
44 0 0 0 0 0 0 1 0 0 1 0 0 0 0 0 1 0 0 1 0 0 0 0 1 0 0 0 0 0 0 1 0 0 1 0 0 0 0 0 0 0 1 1 0 0 1 1 0 1 1
45 0 0 0 0 0 0 1 0 0 1 0 0 0 0 0 1 0 0 1 0 0 0 0 1 0 0 0 0 0 0 1 0 0 1 0 0 0 0 0 0 0 1 1 0 0 1 1 0 1 1
46 0 0 0 0 0 0 1 0 0 1 0 0 0 0 0 1 0 0 1 0 0 0 0 1 0 0 0 0 0 0 1 0 0 1 0 0 0 0 0 0 0 1 1 0 0 1 1 0 1 1
47 0 0 0 0 0 0 0 1 0 0 0 0 0 0 0 0 0 0 0 0 0 0 0 0 1 0 0 0 0 0 0 0 0 0 0 0 0 1 0 1 0 0 0 0 0 0 0 1 0 0
48 0 0 0 0 0 0 0 1 0 0 0 0 0 0 0 0 0 0 0 0 0 0 0 0 1 0 0 0 0 0 0 0 0 0 0 0 0 1 0 1 0 0 0 0 0 0 0 1 0 0
49 0 0 0 0 0 0 0 1 0 0 0 0 0 0 0 0 0 0 0 0 0 0 0 0 1 0 0 0 0 0 0 0 0 0 0 0 0 1 0 1 0 0 0 0 0 0 0 1 0 0
50 0 0 0 1 0 0 0 0 0 0 0 1 0 0 1 0 0 1 0 1 0 1 0 0 1 1 1 0 0 1 0 0 1 0 0 0 0 0 1 0 1 0 0 1 1 0 0 0 0 0
51 0 0 0 1 0 0 0 0 0 0 0 1 0 0 1 0 0 1 0 1 0 1 0 0 1 1 1 0 0 1 0 0 1 0 0 0 0 0 1 0 1 0 0 1 1 0 0 0 0 0
52 0 0 0 1 0 0 0 0 0 0 0 1 0 0 1 0 0 1 0 1 0 1 0 0 1 1 1 0 0 1 0 0 1 0 0 0 0 0 1 0 1 0 0 1 1 0 0 0 0 0
53 0 0 0 0 0 0 1 0 0 1 0 0 0 0 0 1 0 0 1 0 0 0 0 1 0 0 0 0 0 0 1 0 0 0 0 0 0 0 0 0 0 1 1 0 0 1 1 0 1 1
54 0 0 0 0 0 0 1 0 0 1 0 0 0 0 0 1 0 0 1 0 0 0 0 1 0 0 0 0 0 0 1 0 0 0 0 0 0 0 0 0 0 1 1 0 0 1 1 0 1 1
55 0 0 0 0 0 0 1 0 0 1 0 0 0 0 0 1 0 0 1 0 0 0 0 1 0 0 0 0 0 0 1 0 0 0 0 0 0 0 0 0 0 1 1 0 0 1 1 0 1 1
56 1 0 0 0 0 0 0 0 0 0 1 0 1 0 0 1 0 0 0 0 0 0 0 0 0 0 0 1 0 0 0 1 0 0 0 0 0 0 0 0 0 1 1 0 0 0 0 0 1 0
57 1 0 0 0 0 0 0 0 0 0 1 0 1 0 0 1 0 0 0 0 0 0 0 0 0 0 0 1 0 0 0 1 0 0 0 0 0 0 0 0 0 1 1 0 0 0 0 0 1 0
58 1 0 0 0 0 0 0 0 0 0 1 0 1 0 0 1 0 0 0 0 0 0 0 0 0 0 0 1 0 0 0 1 0 0 0 0 0 0 0 0 0 1 1 0 0 0 0 0 1 0
59 0 0 0 0 0 1 0 1 0 0 0 1 0 0 0 0 0 0 0 0 1 1 0 0 0 0 0 0 0 0 0 0 1 0 0 1 0 1 0 1 0 0 0 1 1 0 0 1 0 0
60 0 0 0 0 0 1 0 1 0 0 0 1 0 0 0 0 0 0 0 0 1 1 0 0 0 0 0 0 0 0 0 0 1 0 0 1 0 1 0 1 0 0 0 1 1 0 0 1 0 0
61 0 0 0 0 0 1 0 1 0 0 0 1 0 0 0 0 0 0 0 0 1 1 0 0 0 0 0 0 0 0 0 0 1 0 0 1 0 1 0 1 0 0 0 1 1 0 0 1 0 0
62 0 0 0 0 0 1 0 1 0 0 0 1 0 0 0 0 0 0 0 0 1 1 0 0 1 0 0 0 0 0 0 0 1 0 0 1 0 1 0 1 0 0 0 0 1 0 0 1 0 0
63 0 0 0 0 0 1 0 1 0 0 0 1 0 0 0 0 0 0 0 0 1 1 0 0 1 0 0 0 0 0 0 0 1 0 0 1 0 1 0 1 0 0 0 0 1 0 0 1 0 0
64 0 0 0 0 0 1 0 1 0 0 0 1 0 0 0 0 0 0 0 0 1 1 0 0 1 0 0 0 0 0 0 0 1 0 0 1 0 1 0 1 0 0 0 0 1 0 0 1 0 0
65 0 0 1 0 0 0 0 0 0 1 0 0 0 0 0 0 0 0 0 0 0 0 0 0 0 0 0 0 1 0 0 0 0 0 1 0 0 0 0 0 0 0 1 0 0 0 0 0 0 0
66 0 0 1 0 0 0 0 0 0 1 0 0 0 0 0 0 0 0 0 0 0 0 0 0 0 0 0 0 1 0 0 0 0 0 1 0 0 0 0 0 0 0 1 0 0 0 0 0 0 0
67 0 0 1 0 0 0 0 0 0 1 0 0 0 0 0 0 0 0 0 0 0 0 0 0 0 0 0 0 1 0 0 0 0 0 1 0 0 0 0 0 0 0 1 0 0 0 0 0 0 0
68 0 0 0 0 0 0 0 0 1 1 0 0 0 0 0 0 0 1 1 0 0 0 1 0 0 0 1 0 0 1 0 0 0 0 0 0 0 0 1 0 0 0 0 0 0 0 0 0 0 0
69 0 0 0 0 0 0 0 0 1 1 0 0 0 0 0 0 0 1 1 0 0 0 1 0 0 0 1 0 0 1 0 0 0 0 0 0 0 0 1 0 0 0 0 0 0 0 0 0 0 0
70 0 0 0 0 0 0 0 0 1 1 0 0 0 0 0 0 0 1 1 0 0 0 1 0 0 0 1 0 0 1 0 0 0 0 0 0 0 0 1 0 0 0 0 0 0 0 0 0 0 0
71 0 0 0 1 1 0 0 0 0 0 0 0 0 1 1 0 1 0 0 0 0 0 0 0 1 0 0 0 1 1 0 0 0 0 0 0 0 0 0 0 0 0 0 0 0 0 0 0 0 0
72 0 0 0 1 1 0 0 0 0 0 0 0 0 1 1 0 1 0 0 0 0 0 0 0 1 0 0 0 1 1 0 0 0 0 0 0 0 0 0 0 0 0 0 0 0 0 0 0 0 0
73 0 0 0 0 0 1 0 0 0 0 0 0 0 0 0 0 0 0 0 0 1 1 0 0 0 0 0 0 0 0 0 0 1 0 0 1 0 1 0 0 1 0 0 1 1 0 0 0 0 0
74 0 0 0 0 0 1 0 0 0 0 0 0 0 0 0 0 0 0 0 0 1 1 0 0 0 0 0 0 0 0 0 0 1 0 0 1 0 1 0 0 1 0 0 1 1 0 0 0 0 0
75 0 0 0 0 0 1 0 0 0 0 0 0 0 0 0 0 0 0 0 0 1 1 0 0 0 0 0 0 0 0 0 0 1 0 0 1 0 1 0 0 1 0 0 1 1 0 0 0 0 0
76 1 1 0 0 0 0 0 0 0 0 1 0 1 0 0 1 0 0 0 0 0 0 0 0 0 0 0 1 0 0 0 1 0 1 0 0 0 0 0 0 0 1 1 0 0 1 0 0 1 0
77 1 1 0 0 0 0 0 0 0 0 1 0 1 0 0 1 0 0 0 0 0 0 0 0 0 0 0 1 0 0 0 1 0 1 0 0 0 0 0 0 0 1 1 0 0 1 0 0 1 0
78 1 1 0 0 0 0 0 0 0 0 1 0 1 0 0 1 0 0 0 0 0 0 0 0 0 0 0 1 0 0 0 1 0 1 0 0 0 0 0 0 0 1 1 0 0 1 0 0 1 0
79 0 1 0 0 0 0 1 0 0 0 0 0 0 0 0 1 0 0 1 0 0 0 0 1 0 0 0 0 0 0 1 0 0 1 0 0 1 0 0 0 0 1 1 0 0 1 1 0 1 1
80 0 1 0 0 0 0 1 0 0 0 0 0 0 0 0 1 0 0 1 0 0 0 0 1 0 0 0 0 0 0 1 0 0 1 0 0 1 0 0 0 0 1 1 0 0 1 1 0 1 1
81 0 1 0 0 0 0 1 0 0 0 0 0 0 0 0 1 0 0 1 0 0 0 0 1 0 0 0 0 0 0 1 0 0 1 0 0 1 0 0 0 0 1 1 0 0 1 1 0 1 1
82 0 0 1 0 0 0 0 0 0 0 1 0 0 0 0 0 0 0 0 0 0 0 0 0 0 0 0 1 0 0 0 0 0 0 1 0 0 0 0 0 0 0 1 0 0 0 0 0 1 0
83 0 0 1 0 0 0 0 0 0 0 1 0 0 0 0 0 0 0 0 0 0 0 0 0 0 0 0 1 0 0 0 0 0 0 1 0 0 0 0 0 0 0 1 0 0 0 0 0 1 0
84 0 0 1 0 0 0 0 0 0 0 1 0 0 0 0 0 0 0 0 0 0 0 0 0 0 0 0 1 0 0 0 0 0 0 1 0 0 0 0 0 0 0 1 0 0 0 0 0 1 0
85 0 0 0 1 1 0 0 0 0 0 0 1 0 1 1 0 1 0 0 0 0 0 0 0 1 0 1 0 1 1 0 0 1 0 0 0 0 0 0 0 0 0 0 0 0 0 0 0 0 0
86 0 0 0 1 1 0 0 0 0 0 0 1 0 1 1 0 1 0 0 0 0 0 0 0 1 0 1 0 1 1 0 0 1 0 0 0 0 0 0 0 0 0 0 0 0 0 0 0 0 0
87 0 0 0 1 1 0 0 0 0 0 0 1 0 1 1 0 1 0 0 0 0 0 0 0 1 0 1 0 1 1 0 0 1 0 0 0 0 0 0 0 0 0 0 0 0 0 0 0 0 0
88 1 1 0 0 0 0 1 0 0 0 0 0 1 0 0 1 0 0 0 0 0 0 0 1 0 0 0 0 0 0 1 0 0 1 0 0 1 0 0 0 0 1 0 0 0 1 1 0 1 1
89 1 1 0 0 0 0 1 0 0 0 0 0 1 0 0 1 0 0 0 0 0 0 0 1 0 0 0 0 0 0 1 0 0 1 0 0 1 0 0 0 0 1 0 0 0 1 1 0 1 1
90 1 1 0 0 0 0 1 0 0 0 0 0 1 0 0 1 0 0 0 0 0 0 0 1 0 0 0 0 0 0 1 0 0 1 0 0 1 0 0 0 0 1 0 0 0 1 1 0 1 1
91 1 0 1 0 0 0 1 0 0 1 1 0 1 0 0 1 0 0 0 0 0 0 0 0 0 0 0 1 0 0 0 0 0 0 0 0 0 0 0 0 0 1 1 0 0 0 0 0 1 0
92 1 0 1 0 0 0 1 0 0 1 1 0 1 0 0 1 0 0 0 0 0 0 0 0 0 0 0 1 0 0 0 0 0 0 0 0 0 0 0 0 0 1 1 0 0 0 0 0 1 0
93 1 0 1 0 0 0 1 0 0 1 1 0 1 0 0 1 0 0 0 0 0 0 0 0 0 0 0 1 0 0 0 0 0 0 0 0 0 0 0 0 0 1 1 0 0 0 0 0 1 0
94 0 0 0 1 0 1 0 0 0 0 0 1 0 0 0 0 0 1 0 1 1 1 0 0 1 1 0 0 0 0 0 0 1 0 0 1 0 1 0 0 1 0 0 1 1 0 0 0 0 0
95 0 0 0 1 0 1 0 0 0 0 0 1 0 0 0 0 0 1 0 1 1 1 0 0 1 1 0 0 0 0 0 0 1 0 0 1 0 1 0 0 1 0 0 1 1 0 0 0 0 0
96 0 0 0 1 0 1 0 0 0 0 0 1 0 0 0 0 0 1 0 1 1 1 0 0 1 1 0 0 0 0 0 0 1 0 0 1 0 1 0 0 1 0 0 1 1 0 0 0 0 0
1 1 2 2 2 1 3 2 2 3 1 3 1 1 1 3 2 1 1 2 2 3 2 2 1 2 3 2 1 2 2 2 2 1 3 1 1 1 1 1 2 1 1 2 3 3 2 3 1 1