C1-13-25-75-5-250.ctp
36 75 13 5 5668.00
0 1 1700.00
0 2 1846.00
0 3 942.00
0 4 2709.00
0 5 1440.00
0 6 1315.00
0 7 1751.00
0 8 1227.00
0 9 1379.00
0 10 1954.00
0 11 543.00
0 12 744.00
0 13 1289.00
0 14 1289.00
0 15 1289.00
0 16 511.00
0 17 511.00
0 18 511.00
0 19 1371.00
0 20 1371.00
0 21 1371.00
0 22 1957.00
0 23 1957.00
0 24 1957.00
0 25 877.00
0 26 877.00
0 27 877.00
0 28 1267.00
0 29 1267.00
0 30 1267.00
0 31 956.00
0 32 956.00
0 33 956.00
0 34 2105.00
0 35 2105.00
0 36 2105.00
0 37 1759.00
0 38 1759.00
0 39 1759.00
0 40 2016.00
0 41 2016.00
0 42 2016.00
0 43 659.00
0 44 659.00
0 45 659.00
0 46 2052.00
0 47 2052.00
0 48 2052.00
1 2 1118.00
1 3 1353.00
1 4 1157.00
1 5 552.00
1 6 2851.00
1 7 972.00
1 8 2574.00
1 9 1824.00
1 10 2632.00
1 11 1581.00
1 12 1022.00
1 13 1561.00
1 14 1561.00
1 15 1561.00
1 16 1235.00
1 17 1235.00
1 18 1235.00
1 19 2437.00
1 20 2437.00
1 21 2437.00
1 22 1267.00
1 23 1267.00
1 24 1267.00
1 25 1973.00
1 26 1973.00
1 27 1973.00
1 28 1871.00
1 29 1871.00
1 30 1871.00
1 31 1196.00
1 32 1196.00
1 33 1196.00
1 34 617.00
1 35 617.00
1 36 617.00
1 37 854.00
1 38 854.00
1 39 854.00
1 40 349.00
1 41 349.00
1 42 349.00
1 43 2192.00
1 44 2192.00
1 45 2192.00
1 46 1349.00
1 47 1349.00
1 48 1349.00
2 3 976.00
2 4 2130.00
2 5 1545.00
2 6 2534.00
2 7 2043.00
2 8 2141.00
2 9 1075.00
2 10 1770.00
2 11 1413.00
2 12 1545.00
2 13 863.00
2 14 863.00
2 15 863.00
2 16 1626.00
2 17 1626.00
2 18 1626.00
2 19 1842.00
2 20 1842.00
2 21 1842.00
2 22 2349.00
2 23 2349.00
2 24 2349.00
2 25 1569.00
2 26 1569.00
2 27 1569.00
2 28 1200.00
2 29 1200.00
2 30 1200.00
2 31 1919.00
2 32 1919.00
2 33 1919.00
2 34 806.00
2 35 806.00
2 36 806.00
2 37 1938.00
2 38 1938.00
2 39 1938.00
2 40 1073.00
2 41 1073.00
2 42 1073.00
2 43 2012.00
2 44 2012.00
2 45 2012.00
2 46 2439.00
2 47 2439.00
2 48 2439.00
3 4 2508.00
3 5 1434.00
3 6 1607.00
3 7 1919.00
3 8 1262.00
3 9 580.00
3 10 1363.00
3 11 445.00
3 12 995.00
3 13 384.00
3 14 384.00
3 15 384.00
3 16 934.00
3 17 934.00
3 18 934.00
3 19 1084.00
3 20 1084.00
3 21 1084.00
3 22 2207.00
3 23 2207.00
3 24 2207.00
3 25 654.00
3 26 654.00
3 27 654.00
3 28 560.00
3 29 560.00
3 30 560.00
3 31 1407.00
3 32 1407.00
3 33 1407.00
3 34 1487.00
3 35 1487.00
3 36 1487.00
3 37 1863.00
3 38 1863.00
3 39 1863.00
3 40 1552.00
3 41 1552.00
3 42 1552.00
3 43 1040.00
3 44 1040.00
3 45 1040.00
3 46 2308.00
3 47 2308.00
3 48 2308.00
4 5 1273.00
4 6 3953.00
4 7 1166.00
4 8 3707.00
4 9 2974.00
4 10 3777.00
4 11 2701.00
4 12 1967.00
4 13 2711.00
4 14 2711.00
4 15 2711.00
4 16 2201.00
4 17 2201.00
4 18 2201.00
4 19 3591.00
4 20 3591.00
4 21 3591.00
4 22 1237.00
4 23 1237.00
4 24 1237.00
4 25 3116.00
4 26 3116.00
4 27 3116.00
4 28 3027.00
4 29 3027.00
4 30 3027.00
4 31 1918.00
4 32 1918.00
4 33 1918.00
4 34 1350.00
4 35 1350.00
4 36 1350.00
4 37 1078.00
4 38 1078.00
4 39 1078.00
4 40 1059.00
4 41 1059.00
4 42 1059.00
4 43 3279.00
4 44 3279.00
4 45 3279.00
4 46 1236.00
4 47 1236.00
4 48 1236.00
5 6 2712.00
5 7 513.00
5 8 2509.00
5 9 1989.00
5 10 2793.00
5 11 1504.00
5 12 696.00
5 13 1741.00
5 14 1741.00
5 15 1741.00
5 16 930.00
5 17 930.00
5 18 930.00
5 19 2464.00
5 20 2464.00
5 21 2464.00
5 22 820.00
5 23 820.00
5 24 820.00
5 25 1951.00
5 26 1951.00
5 27 1951.00
5 28 1993.00
5 29 1993.00
5 30 1993.00
5 31 704.00
5 32 704.00
5 33 704.00
5 34 1169.00
5 35 1169.00
5 36 1169.00
5 37 434.00
5 38 434.00
5 39 434.00
5 40 880.00
5 41 880.00
5 42 880.00
5 43 2034.00
5 44 2034.00
5 45 2034.00
5 46 916.00
5 47 916.00
5 48 916.00
6 7 3063.00
6 8 439.00
6 9 1546.00
6 10 1495.00
6 11 1273.00
6 12 2032.00
6 13 1684.00
6 14 1684.00
6 15 1684.00
6 16 1809.00
6 17 1809.00
6 18 1809.00
6 19 860.00
6 20 860.00
6 21 860.00
6 22 3272.00
6 23 3272.00
6 24 3272.00
6 25 966.00
6 26 966.00
6 27 966.00
6 28 1391.00
6 29 1391.00
6 30 1391.00
6 31 2269.00
6 32 2269.00
6 33 2269.00
6 34 3089.00
6 35 3089.00
6 36 3089.00
6 37 3063.00
6 38 3063.00
6 39 3063.00
6 40 3112.00
6 41 3112.00
6 42 3112.00
6 43 678.00
6 44 678.00
6 45 678.00
6 46 3366.00
6 47 3366.00
6 48 3366.00
7 8 2910.00
7 9 2486.00
7 10 3282.00
7 11 1929.00
7 12 1045.00
7 13 2243.00
7 14 2243.00
7 15 2243.00
7 16 1256.00
7 17 1256.00
7 18 1256.00
7 19 2910.00
7 20 2910.00
7 21 2910.00
7 22 308.00
7 23 308.00
7 24 308.00
7 25 2386.00
7 26 2386.00
7 27 2386.00
7 28 2479.00
7 29 2479.00
7 30 2479.00
7 31 829.00
7 32 829.00
7 33 829.00
7 34 1566.00
7 35 1566.00
7 36 1566.00
7 37 128.00
7 38 128.00
7 39 128.00
7 40 1230.00
7 41 1230.00
7 42 1230.00
7 43 2391.00
7 44 2391.00
7 45 2391.00
7 46 403.00
7 47 403.00
7 48 403.00
8 9 1120.00
8 10 1090.00
8 11 1009.00
8 12 1865.00
8 13 1281.00
8 14 1281.00
8 15 1281.00
8 16 1664.00
8 17 1664.00
8 18 1664.00
8 19 427.00
8 20 427.00
8 21 427.00
8 22 3147.00
8 23 3147.00
8 24 3147.00
8 25 609.00
8 26 609.00
8 27 609.00
8 28 969.00
8 29 969.00
8 30 969.00
8 31 2166.00
8 32 2166.00
8 33 2166.00
8 34 2747.00
8 35 2747.00
8 36 2747.00
8 37 2893.00
8 38 2893.00
8 39 2893.00
8 40 2806.00
8 41 2806.00
8 42 2806.00
8 43 586.00
8 44 586.00
8 45 586.00
8 46 3246.00
8 47 3246.00
8 48 3246.00
9 10 811.00
9 11 838.00
9 12 1572.00
9 13 263.00
9 14 263.00
9 15 263.00
9 16 1492.00
9 17 1492.00
9 18 1492.00
9 19 774.00
9 20 774.00
9 21 774.00
9 22 2778.00
9 23 2778.00
9 24 2778.00
9 25 663.00
9 26 663.00
9 27 663.00
9 28 158.00
9 29 158.00
9 30 158.00
9 31 1982.00
9 32 1982.00
9 33 1982.00
9 34 1797.00
9 35 1797.00
9 36 1797.00
9 37 2422.00
9 38 2422.00
9 39 2422.00
9 40 1953.00
9 41 1953.00
9 42 1953.00
9 43 1190.00
9 44 1190.00
9 45 1190.00
9 46 2879.00
9 47 2879.00
9 48 2879.00
10 11 1473.00
10 12 2322.00
10 13 1072.00
10 14 1072.00
10 15 1072.00
10 16 2201.00
10 17 2201.00
10 18 2201.00
10 19 684.00
10 20 684.00
10 21 684.00
10 22 3568.00
10 23 3568.00
10 24 3568.00
10 25 1078.00
10 26 1078.00
10 27 1078.00
10 28 803.00
10 29 803.00
10 30 803.00
10 31 2715.00
10 32 2715.00
10 33 2715.00
10 34 2551.00
10 35 2551.00
10 36 2551.00
10 37 3224.00
10 38 3224.00
10 39 3224.00
10 40 2741.00
10 41 2741.00
10 42 2741.00
10 43 1505.00
10 44 1505.00
10 45 1505.00
10 46 3670.00
10 47 3670.00
10 48 3670.00
11 12 897.00
11 13 753.00
11 14 753.00
11 15 753.00
11 16 738.00
11 17 738.00
11 18 738.00
11 19 987.00
11 20 987.00
11 21 987.00
11 22 2187.00
11 23 2187.00
11 24 2187.00
11 25 458.00
11 26 458.00
11 27 458.00
11 28 735.00
11 29 735.00
11 30 735.00
11 31 1259.00
11 32 1259.00
11 33 1259.00
11 34 1840.00
11 35 1840.00
11 36 1840.00
11 37 1901.00
11 38 1901.00
11 39 1901.00
11 40 1840.00
11 41 1840.00
11 42 1840.00
11 43 637.00
11 44 637.00
11 45 637.00
11 46 2287.00
11 47 2287.00
11 48 2287.00
12 13 1369.00
12 14 1369.00
12 15 1369.00
12 16 234.00
12 17 234.00
12 18 234.00
12 19 1884.00
12 20 1884.00
12 21 1884.00
12 22 1291.00
12 23 1291.00
12 24 1291.00
12 25 1355.00
12 26 1355.00
12 27 1355.00
12 28 1528.00
12 29 1528.00
12 30 1528.00
12 31 416.00
12 32 416.00
12 33 416.00
12 34 1533.00
12 35 1533.00
12 36 1533.00
12 37 1034.00
12 38 1034.00
12 39 1034.00
12 40 1364.00
12 41 1364.00
12 42 1364.00
12 43 1356.00
12 44 1356.00
12 45 1356.00
12 46 1391.00
12 47 1391.00
12 48 1391.00
13 14 0.00
13 15 0.00
13 16 1317.00
13 17 1317.00
13 18 1317.00
13 19 985.00
13 20 985.00
13 21 985.00
13 22 2539.00
13 23 2539.00
13 24 2539.00
13 25 736.00
13 26 736.00
13 27 736.00
13 28 345.00
13 29 345.00
13 30 345.00
13 31 1784.00
13 32 1784.00
13 33 1784.00
13 34 1547.00
13 35 1547.00
13 36 1547.00
13 37 2175.00
13 38 2175.00
13 39 2175.00
13 40 1692.00
13 41 1692.00
13 42 1692.00
13 43 1233.00
13 44 1233.00
13 45 1233.00
13 46 2640.00
13 47 2640.00
13 48 2640.00
14 15 0.00
14 16 1317.00
14 17 1317.00
14 18 1317.00
14 19 985.00
14 20 985.00
14 21 985.00
14 22 2539.00
14 23 2539.00
14 24 2539.00
14 25 736.00
14 26 736.00
14 27 736.00
14 28 345.00
14 29 345.00
14 30 345.00
14 31 1784.00
14 32 1784.00
14 33 1784.00
14 34 1547.00
14 35 1547.00
14 36 1547.00
14 37 2175.00
14 38 2175.00
14 39 2175.00
14 40 1692.00
14 41 1692.00
14 42 1692.00
14 43 1233.00
14 44 1233.00
14 45 1233.00
14 46 2640.00
14 47 2640.00
14 48 2640.00
15 16 1317.00
15 17 1317.00
15 18 1317.00
15 19 985.00
15 20 985.00
15 21 985.00
15 22 2539.00
15 23 2539.00
15 24 2539.00
15 25 736.00
15 26 736.00
15 27 736.00
15 28 345.00
15 29 345.00
15 30 345.00
15 31 1784.00
15 32 1784.00
15 33 1784.00
15 34 1547.00
15 35 1547.00
15 36 1547.00
15 37 2175.00
15 38 2175.00
15 39 2175.00
15 40 1692.00
15 41 1692.00
15 42 1692.00
15 43 1233.00
15 44 1233.00
15 45 1233.00
15 46 2640.00
15 47 2640.00
15 48 2640.00
16 17 0.00
16 18 0.00
16 19 1718.00
16 20 1718.00
16 21 1718.00
16 22 1484.00
16 23 1484.00
16 24 1484.00
16 25 1188.00
16 26 1188.00
16 27 1188.00
16 28 1426.00
16 29 1426.00
16 30 1426.00
16 31 521.00
16 32 521.00
16 33 521.00
16 34 1710.00
16 35 1710.00
16 36 1710.00
16 37 1255.00
16 38 1255.00
16 39 1255.00
16 40 1569.00
16 41 1569.00
16 42 1569.00
16 43 1136.00
16 44 1136.00
16 45 1136.00
16 46 1582.00
16 47 1582.00
16 48 1582.00
17 18 0.00
17 19 1718.00
17 20 1718.00
17 21 1718.00
17 22 1484.00
17 23 1484.00
17 24 1484.00
17 25 1188.00
17 26 1188.00
17 27 1188.00
17 28 1426.00
17 29 1426.00
17 30 1426.00
17 31 521.00
17 32 521.00
17 33 521.00
17 34 1710.00
17 35 1710.00
17 36 1710.00
17 37 1255.00
17 38 1255.00
17 39 1255.00
17 40 1569.00
17 41 1569.00
17 42 1569.00
17 43 1136.00
17 44 1136.00
17 45 1136.00
17 46 1582.00
17 47 1582.00
17 48 1582.00
18 19 1718.00
18 20 1718.00
18 21 1718.00
18 22 1484.00
18 23 1484.00
18 24 1484.00
18 25 1188.00
18 26 1188.00
18 27 1188.00
18 28 1426.00
18 29 1426.00
18 30 1426.00
18 31 521.00
18 32 521.00
18 33 521.00
18 34 1710.00
18 35 1710.00
18 36 1710.00
18 37 1255.00
18 38 1255.00
18 39 1255.00
18 40 1569.00
18 41 1569.00
18 42 1569.00
18 43 1136.00
18 44 1136.00
18 45 1136.00
18 46 1582.00
18 47 1582.00
18 48 1582.00
19 20 0.00
19 21 0.00
19 22 3173.00
19 23 3173.00
19 24 3173.00
19 25 530.00
19 26 530.00
19 27 530.00
19 28 643.00
19 29 643.00
19 30 643.00
19 31 2238.00
19 32 2238.00
19 33 2238.00
19 34 2520.00
19 35 2520.00
19 36 2520.00
19 37 2875.00
19 38 2875.00
19 39 2875.00
19 40 2626.00
19 41 2626.00
19 42 2626.00
19 43 839.00
19 44 839.00
19 45 839.00
19 46 3274.00
19 47 3274.00
19 48 3274.00
20 21 0.00
20 22 3173.00
20 23 3173.00
20 24 3173.00
20 25 530.00
20 26 530.00
20 27 530.00
20 28 643.00
20 29 643.00
20 30 643.00
20 31 2238.00
20 32 2238.00
20 33 2238.00
20 34 2520.00
20 35 2520.00
20 36 2520.00
20 37 2875.00
20 38 2875.00
20 39 2875.00
20 40 2626.00
20 41 2626.00
20 42 2626.00
20 43 839.00
20 44 839.00
20 45 839.00
20 46 3274.00
20 47 3274.00
20 48 3274.00
21 22 3173.00
21 23 3173.00
21 24 3173.00
21 25 530.00
21 26 530.00
21 27 530.00
21 28 643.00
21 29 643.00
21 30 643.00
21 31 2238.00
21 32 2238.00
21 33 2238.00
21 34 2520.00
21 35 2520.00
21 36 2520.00
21 37 2875.00
21 38 2875.00
21 39 2875.00
21 40 2626.00
21 41 2626.00
21 42 2626.00
21 43 839.00
21 44 839.00
21 45 839.00
21 46 3274.00
21 47 3274.00
21 48 3274.00
22 23 0.00
22 24 0.00
22 25 2645.00
22 26 2645.00
22 27 2645.00
22 28 2765.00
22 29 2765.00
22 30 2765.00
22 31 1004.00
22 32 1004.00
22 33 1004.00
22 34 1846.00
22 35 1846.00
22 36 1846.00
22 37 414.00
22 38 414.00
22 39 414.00
22 40 1501.00
22 41 1501.00
22 42 1501.00
22 43 2610.00
22 44 2610.00
22 45 2610.00
22 46 102.00
22 47 102.00
22 48 102.00
23 24 0.00
23 25 2645.00
23 26 2645.00
23 27 2645.00
23 28 2765.00
23 29 2765.00
23 30 2765.00
23 31 1004.00
23 32 1004.00
23 33 1004.00
23 34 1846.00
23 35 1846.00
23 36 1846.00
23 37 414.00
23 38 414.00
23 39 414.00
23 40 1501.00
23 41 1501.00
23 42 1501.00
23 43 2610.00
23 44 2610.00
23 45 2610.00
23 46 102.00
23 47 102.00
23 48 102.00
24 25 2645.00
24 26 2645.00
24 27 2645.00
24 28 2765.00
24 29 2765.00
24 30 2765.00
24 31 1004.00
24 32 1004.00
24 33 1004.00
24 34 1846.00
24 35 1846.00
24 36 1846.00
24 37 414.00
24 38 414.00
24 39 414.00
24 40 1501.00
24 41 1501.00
24 42 1501.00
24 43 2610.00
24 44 2610.00
24 45 2610.00
24 46 102.00
24 47 102.00
24 48 102.00
25 26 0.00
25 27 0.00
25 28 510.00
25 29 510.00
25 30 510.00
25 31 1709.00
25 32 1709.00
25 33 1709.00
25 34 2141.00
25 35 2141.00
25 36 2141.00
25 37 2355.00
25 38 2355.00
25 39 2355.00
25 40 2198.00
25 41 2198.00
25 42 2198.00
25 43 528.00
25 44 528.00
25 45 528.00
25 46 2746.00
25 47 2746.00
25 48 2746.00
26 27 0.00
26 28 510.00
26 29 510.00
26 30 510.00
26 31 1709.00
26 32 1709.00
26 33 1709.00
26 34 2141.00
26 35 2141.00
26 36 2141.00
26 37 2355.00
26 38 2355.00
26 39 2355.00
26 40 2198.00
26 41 2198.00
26 42 2198.00
26 43 528.00
26 44 528.00
26 45 528.00
26 46 2746.00
26 47 2746.00
26 48 2746.00
27 28 510.00
27 29 510.00
27 30 510.00
27 31 1709.00
27 32 1709.00
27 33 1709.00
27 34 2141.00
27 35 2141.00
27 36 2141.00
27 37 2355.00
27 38 2355.00
27 39 2355.00
27 40 2198.00
27 41 2198.00
27 42 2198.00
27 43 528.00
27 44 528.00
27 45 528.00
27 46 2746.00
27 47 2746.00
27 48 2746.00
28 29 0.00
28 30 0.00
28 31 1930.00
28 32 1930.00
28 33 1930.00
28 34 1891.00
28 35 1891.00
28 36 1891.00
28 37 2423.00
28 38 2423.00
28 39 2423.00
28 40 2024.00
28 41 2024.00
28 42 2024.00
28 43 1038.00
28 44 1038.00
28 45 1038.00
28 46 2866.00
28 47 2866.00
28 48 2866.00
29 30 0.00
29 31 1930.00
29 32 1930.00
29 33 1930.00
29 34 1891.00
29 35 1891.00
29 36 1891.00
29 37 2423.00
29 38 2423.00
29 39 2423.00
29 40 2024.00
29 41 2024.00
29 42 2024.00
29 43 1038.00
29 44 1038.00
29 45 1038.00
29 46 2866.00
29 47 2866.00
29 48 2866.00
30 31 1930.00
30 32 1930.00
30 33 1930.00
30 34 1891.00
30 35 1891.00
30 36 1891.00
30 37 2423.00
30 38 2423.00
30 39 2423.00
30 40 2024.00
30 41 2024.00
30 42 2024.00
30 43 1038.00
30 44 1038.00
30 45 1038.00
30 46 2866.00
30 47 2866.00
30 48 2866.00
31 32 0.00
31 33 0.00
31 34 1780.00
31 35 1780.00
31 36 1780.00
31 37 868.00
31 38 868.00
31 39 868.00
31 40 1544.00
31 41 1544.00
31 42 1544.00
31 43 1613.00
31 44 1613.00
31 45 1613.00
31 46 1097.00
31 47 1097.00
31 48 1097.00
32 33 0.00
32 34 1780.00
32 35 1780.00
32 36 1780.00
32 37 868.00
32 38 868.00
32 39 868.00
32 40 1544.00
32 41 1544.00
32 42 1544.00
32 43 1613.00
32 44 1613.00
32 45 1613.00
32 46 1097.00
32 47 1097.00
32 48 1097.00
33 34 1780.00
33 35 1780.00
33 36 1780.00
33 37 868.00
33 38 868.00
33 39 868.00
33 40 1544.00
33 41 1544.00
33 42 1544.00
33 43 1613.00
33 44 1613.00
33 45 1613.00
33 46 1097.00
33 47 1097.00
33 48 1097.00
34 35 0.00
34 36 0.00
34 37 1442.00
34 38 1442.00
34 39 1442.00
34 40 354.00
34 41 354.00
34 42 354.00
34 43 2477.00
34 44 2477.00
34 45 2477.00
34 46 1918.00
34 47 1918.00
34 48 1918.00
35 36 0.00
35 37 1442.00
35 38 1442.00
35 39 1442.00
35 40 354.00
35 41 354.00
35 42 354.00
35 43 2477.00
35 44 2477.00
35 45 2477.00
35 46 1918.00
35 47 1918.00
35 48 1918.00
36 37 1442.00
36 38 1442.00
36 39 1442.00
36 40 354.00
36 41 354.00
36 42 354.00
36 43 2477.00
36 44 2477.00
36 45 2477.00
36 46 1918.00
36 47 1918.00
36 48 1918.00
37 38 0.00
37 39 0.00
37 40 1104.00
37 41 1104.00
37 42 1104.00
37 43 2388.00
37 44 2388.00
37 45 2388.00
37 46 501.00
37 47 501.00
37 48 501.00
38 39 0.00
38 40 1104.00
38 41 1104.00
38 42 1104.00
38 43 2388.00
38 44 2388.00
38 45 2388.00
38 46 501.00
38 47 501.00
38 48 501.00
39 40 1104.00
39 41 1104.00
39 42 1104.00
39 43 2388.00
39 44 2388.00
39 45 2388.00
39 46 501.00
39 47 501.00
39 48 501.00
40 41 0.00
40 42 0.00
40 43 2468.00
40 44 2468.00
40 45 2468.00
40 46 1570.00
40 47 1570.00
40 48 1570.00
41 42 0.00
41 43 2468.00
41 44 2468.00
41 45 2468.00
41 46 1570.00
41 47 1570.00
41 48 1570.00
42 43 2468.00
42 44 2468.00
42 45 2468.00
42 46 1570.00
42 47 1570.00
42 48 1570.00
43 44 0.00
43 45 0.00
43 46 2706.00
43 47 2706.00
43 48 2706.00
44 45 0.00
44 46 2706.00
44 47 2706.00
44 48 2706.00
45 46 2706.00
45 47 2706.00
45 48 2706.00
46 47 0.00
46 48 0.00
47 48 0.00

13 0 1 0 1 0 0 0 1 0 0 1 1 0 0 1 1 0 0 1 1 1 0 1 1 0 1 1 0 0 0 0 1 0 1 1 1 0 1 0 0 1 0 0 1 0 0 0 1 1 0 0 1 0 0 0 1 0 0 1 1 0 1 0 1 0 0 1 1 0 0 1 1 0 1 1
14 0 1 0 1 0 0 0 1 0 0 1 1 0 0 1 1 0 0 1 1 1 0 1 1 0 1 1 0 0 0 0 1 0 1 1 1 0 1 0 0 1 0 0 1 0 0 0 1 1 0 0 1 0 0 0 1 0 0 1 1 0 1 0 1 0 0 1 1 0 0 1 1 0 1 1
15 0 1 0 1 0 0 0 1 0 0 1 1 0 0 1 1 0 0 1 1 1 0 1 1 0 1 1 0 0 0 0 1 0 1 1 1 0 1 0 0 1 0 0 1 0 0 0 1 1 0 0 1 0 0 0 1 0 0 1 1 0 1 0 1 0 0 1 1 0 0 1 1 0 1 1
16 0 1 0 1 1 1 0 0 0 0 0 0 0 0 1 0 1 0 0 0 1 1 0 1 0 0 0 1 1 1 0 0 0 0 1 0 0 0 1 1 0 1 0 0 0 0 0 0 0 1 0 1 0 1 1 0 0 0 0 1 0 0 0 0 0 0 0 1 0 0 0 0 0 0 0
17 0 1 0 1 1 1 0 0 0 0 0 0 0 0 1 0 1 0 0 0 1 1 0 1 0 0 0 1 1 1 0 0 0 0 1 0 0 0 1 1 0 1 0 0 0 0 0 0 0 1 0 1 0 1 1 0 0 0 0 1 0 0 0 0 0 0 0 1 0 0 0 0 0 0 0
18 0 1 0 1 1 1 0 0 0 0 0 0 0 0 1 0 1 0 0 0 1 1 0 1 0 0 0 1 1 1 0 0 0 0 1 0 0 0 1 1 0 1 0 0 0 0 0 0 0 1 0 1 0 1 1 0 0 0 0 1 0 0 0 0 0 0 0 1 0 0 0 0 0 0 0
19 1 0 0 1 0 0 1 1 0 0 1 1 0 0 1 0 0 0 1 1 1 0 1 1 0 1 1 0 0 0 0 1 0 0 0 1 0 1 0 0 1 0 0 0 0 0 0 0 1 0 0 0 1 0 0 1 1 0 1 0 0 1 0 0 0 0 1 1 0 0 1 1 0 1 1
20 1 0 0 1 0 0 1 1 0 0 1 1 0 0 1 0 0 0 1 1 1 0 1 1 0 1 1 0 0 0 0 1 0 0 0 1 0 1 0 0 1 0 0 0 0 0 0 0 1 0 0 0 1 0 0 1 1 0 1 0 0 1 0 0 0 0 1 1 0 0 1 1 0 1 1
21 1 0 0 1 0 0 1 1 0 0 1 1 0 0 1 0 0 0 1 1 1 0 1 1 0 1 1 0 0 0 0 1 0 0 0 1 0 1 0 0 1 0 0 0 0 0 0 0 1 0 0 0 1 0 0 1 1 0 1 0 0 1 0 0 0 0 1 1 0 0 1 1 0 1 1
22 0 0 1 0 0 1 0 0 1 0 0 0 1 1 0 0 1 0 0 0 0 1 0 0 1 0 0 0 1 1 1 0 1 0 0 0 1 0 1 1 0 1 0 0 0 1 1 0 0 1 0 0 0 1 0 0 0 1 0 0 1 0 1 0 1 0 0 0 0 0 0 0 1 0 0
23 0 0 1 0 0 1 0 0 1 0 0 0 1 1 0 0 1 0 0 0 0 1 0 0 1 0 0 0 1 1 1 0 1 0 0 0 1 0 1 1 0 1 0 0 0 1 1 0 0 1 0 0 0 1 0 0 0 1 0 0 1 0 1 0 1 0 0 0 0 0 0 0 1 0 0
24 0 0 1 0 0 1 0 0 1 0 0 0 1 1 0 0 1 0 0 0 0 1 0 0 1 0 0 0 1 1 1 0 1 0 0 0 1 0 1 1 0 1 0 0 0 1 1 0 0 1 0 0 0 1 0 0 0 1 0 0 1 0 1 0 1 0 0 0 0 0 0 0 1 0 0
25 1 1 0 1 0 0 1 1 0 0 1 1 0 0 1 0 0 0 1 1 1 0 1 1 0 1 1 1 0 0 0 1 0 0 1 1 0 1 0 0 1 0 0 1 0 0 0 0 1 0 0 0 1 0 0 1 1 0 1 1 0 0 0 0 0 0 1 1 0 0 1 1 0 1 1
26 1 1 0 1 0 0 1 1 0 0 1 1 0 0 1 0 0 0 1 1 1 0 1 1 0 1 1 1 0 0 0 1 0 0 1 1 0 1 0 0 1 0 0 1 0 0 0 0 1 0 0 0 1 0 0 1 1 0 1 1 0 0 0 0 0 0 1 1 0 0 1 1 0 1 1
27 1 1 0 1 0 0 1 1 0 0 1 1 0 0 1 0 0 0 1 1 1 0 1 1 0 1 1 1 0 0 0 1 0 0 1 1 0 1 0 0 1 0 0 1 0 0 0 0 1 0 0 0 1 0 0 1 1 0 1 1 0 0 0 0 0 0 1 1 0 0 1 1 0 1 1
28 1 1 0 1 0 0 1 1 0 0 1 1 0 0 1 0 0 0 1 1 1 0 1 1 0 1 1 1 0 0 0 1 0 1 1 1 0 1 0 0 1 0 0 1 0 0 0 1 1 0 0 0 1 0 0 1 1 0 1 0 0 1 0 0 0 0 1 1 0 0 1 1 0 1 1
29 1 1 0 1 0 0 1 1 0 0 1 1 0 0 1 0 0 0 1 1 1 0 1 1 0 1 1 1 0 0 0 1 0 1 1 1 0 1 0 0 1 0 0 1 0 0 0 1 1 0 0 0 1 0 0 1 1 0 1 0 0 1 0 0 0 0 1 1 0 0 1 1 0 1 1
30 1 1 0 1 0 0 1 1 0 0 1 1 0 0 1 0 0 0 1 1 1 0 1 1 0 1 1 1 0 0 0 1 0 1 1 1 0 1 0 0 1 0 0 1 0 0 0 1 1 0 0 0 1 0 0 1 1 0 1 0 0 1 0 0 0 0 1 1 0 0 1 1 0 1 1
31 0 1 0 0 0 1 0 0 0 0 0 0 0 0 1 0 1 0 0 0 0 1 0 0 0 0 0 1 1 1 0 0 0 0 0 0 1 0 1 1 0 1 0 0 0 0 0 0 0 1 0 1 0 1 1 0 0 0 0 1 0 0 0 0 1 0 0 0 0 0 0 0 0 0 0
32 0 1 0 0 0 1 0 0 0 0 0 0 0 0 1 0 1 0 0 0 0 1 0 0 0 0 0 1 1 1 0 0 0 0 0 0 1 0 1 1 0 1 0 0 0 0 0 0 0 1 0 1 0 1 1 0 0 0 0 1 0 0 0 0 1 0 0 0 0 0 0 0 0 0 0
33 0 1 0 0 0 1 0 0 0 0 0 0 0 0 1 0 1 0 0 0 0 1 0 0 0 0 0 1 1 1 0 0 0 0 0 0 1 0 1 1 0 1 0 0 0 0 0 0 0 1 0 1 0 1 1 0 0 0 0 1 0 0 0 0 1 0 0 0 0 0 0 0 0 0 0
34 0 0 0 0 1 0 0 0 0 1 0 0 0 0 0 1 0 0 0 0 0 0 0 0 1 0 0 0 1 0 0 0 0 1 1 0 1 0 0 1 0 0 1 1 1 0 1 1 0 0 1 1 0 0 1 0 0 1 0 0 1 0 0 1 0 1 0 0 1 1 0 0 0 0 0
35 0 0 0 0 1 0 0 0 0 1 0 0 0 0 0 1 0 0 0 0 0 0 0 0 1 0 0 0 1 0 0 0 0 1 1 0 1 0 0 1 0 0 1 1 1 0 1 1 0 0 1 1 0 0 1 0 0 1 0 0 1 0 0 1 0 1 0 0 1 1 0 0 0 0 0
36 0 0 0 0 1 0 0 0 0 1 0 0 0 0 0 1 0 0 0 0 0 0 0 0 1 0 0 0 1 0 0 0 0 1 1 0 1 0 0 1 0 0 1 1 1 0 1 1 0 0 1 1 0 0 1 0 0 1 0 0 1 0 0 1 0 1 0 0 1 1 0 0 0 0 0
37 0 0 1 0 1 1 0 0 1 1 0 0 1 1 0 0 1 1 0 0 0 1 0 0 1 0 0 0 1 1 1 0 1 0 0 0 1 0 1 1 0 1 1 0 0 1 1 0 0 1 0 1 0 1 1 0 0 1 0 0 1 0 1 0 1 1 0 0 1 1 0 0 1 0 0
38 0 0 1 0 1 1 0 0 1 1 0 0 1 1 0 0 1 1 0 0 0 1 0 0 1 0 0 0 1 1 1 0 1 0 0 0 1 0 1 1 0 1 1 0 0 1 1 0 0 1 0 1 0 1 1 0 0 1 0 0 1 0 1 0 1 1 0 0 1 1 0 0 1 0 0
39 0 0 1 0 1 1 0 0 1 1 0 0 1 1 0 0 1 1 0 0 0 1 0 0 1 0 0 0 1 1 1 0 1 0 0 0 1 0 1 1 0 1 1 0 0 1 1 0 0 1 0 1 0 1 1 0 0 1 0 0 1 0 1 0 1 1 0 0 1 1 0 0 1 0 0
40 0 0 1 0 1 1 0 0 0 1 0 0 1 1 0 1 0 1 0 0 0 1 0 0 1 0 0 0 1 0 1 0 0 1 0 0 1 0 0 1 0 1 1 0 1 1 1 1 0 1 1 1 0 0 1 0 0 1 0 0 1 0 0 1 0 1 0 0 1 1 0 0 0 0 0
41 0 0 1 0 1 1 0 0 0 1 0 0 1 1 0 1 0 1 0 0 0 1 0 0 1 0 0 0 1 0 1 0 0 1 0 0 1 0 0 1 0 1 1 0 1 1 1 1 0 1 1 1 0 0 1 0 0 1 0 0 1 0 0 1 0 1 0 0 1 1 0 0 0 0 0
42 0 0 1 0 1 1 0 0 0 1 0 0 1 1 0 1 0 1 0 0 0 1 0 0 1 0 0 0 1 0 1 0 0 1 0 0 1 0 0 1 0 1 1 0 1 1 1 1 0 1 1 1 0 0 1 0 0 1 0 0 1 0 0 1 0 1 0 0 1 1 0 0 0 0 0
43 1 1 0 1 0 0 1 0 0 0 0 1 0 0 1 0 0 0 1 0 1 0 0 1 0 1 0 1 0 0 0 0 0 0 0 1 0 1 0 0 1 0 0 0 0 0 0 0 0 0 0 0 1 0 0 0 1 0 0 1 0 0 0 0 0 0 1 1 0 0 0 0 0 1 0
44 1 1 0 1 0 0 1 0 0 0 0 1 0 0 1 0 0 0 1 0 1 0 0 1 0 1 0 1 0 0 0 0 0 0 0 1 0 1 0 0 1 0 0 0 0 0 0 0 0 0 0 0 1 0 0 0 1 0 0 1 0 0 0 0 0 0 1 1 0 0 0 0 0 1 0
45 1 1 0 1 0 0 1 0 0 0 0 1 0 0 1 0 0 0 1 0 1 0 0 1 0 1 0 1 0 0 0 0 0 0 0 1 0 1 0 0 1 0 0 0 0 0 0 0 0 0 0 0 1 0 0 0 1 0 0 1 0 0 0 0 0 0 1 1 0 0 0 0 0 1 0
46 0 0 1 0 0 1 0 0 1 0 0 0 1 1 0 0 1 0 0 0 0 1 0 0 1 0 0 0 1 1 1 0 1 0 0 0 1 0 1 0 0 1 0 0 0 1 1 0 0 1 0 0 0 0 0 0 0 1 0 0 0 0 1 0 1 0 0 0 0 0 0 0 1 0 0
47 0 0 1 0 0 1 0 0 1 0 0 0 1 1 0 0 1 0 0 0 0 1 0 0 1 0 0 0 1 1 1 0 1 0 0 0 1 0 1 0 0 1 0 0 0 1 1 0 0 1 0 0 0 0 0 0 0 1 0 0 0 0 1 0 1 0 0 0 0 0 0 0 1 0 0
48 0 0 1 0 0 1 0 0 1 0 0 0 1 1 0 0 1 0 0 0 0 1 0 0 1 0 0 0 1 1 1 0 1 0 0 0 1 0 1 0 0 1 0 0 0 1 1 0 0 1 0 0 0 0 0 0 0 1 0 0 0 0 1 0 1 0 0 0 0 0 0 0 1 0 0
1 3 2 1 1 3 1 1 2 1 2 3 3 2 3 1 3 1 3 3 3 1 3 3 3 3 2 2 3 3 2 3 1 2 3 3 1 3 2 3 2 1 2 1 2 1 3 1 2 3 2 2 2 1 1 2 2 2 3 2 2 3 3 1 3 3 2 2 2 1 3 2 2 1 3