B1-25-50-50-8-500.ctp
71 50 25 8 7200.00
0 1 2607.00
0 2 549.00
0 3 2009.00
0 4 1368.00
0 5 2233.00
0 6 1131.00
0 7 581.00
0 8 515.00
0 9 582.00
0 10 722.00
0 11 263.00
0 12 2790.00
0 13 2301.00
0 14 2490.00
0 15 2439.00
0 16 2949.00
0 17 2589.00
0 18 3008.00
0 19 783.00
0 20 258.00
0 21 1980.00
0 22 1988.00
0 23 2459.00
0 24 527.00
0 25 1184.00
0 26 1184.00
0 27 1184.00
0 28 662.00
0 29 662.00
0 30 662.00
0 31 814.00
0 32 814.00
0 33 814.00
0 34 492.00
0 35 492.00
0 36 492.00
0 37 881.00
0 38 881.00
0 39 881.00
0 40 3070.00
0 41 3070.00
0 42 440.00
0 43 440.00
0 44 440.00
0 45 2433.00
0 46 2433.00
0 47 2433.00
0 48 838.00
0 49 838.00
0 50 838.00
0 51 844.00
0 52 844.00
0 53 844.00
0 54 2910.00
0 55 2910.00
0 56 2910.00
0 57 1129.00
0 58 1129.00
0 59 1129.00
0 60 699.00
0 61 699.00
0 62 699.00
0 63 1124.00
0 64 1124.00
0 65 1100.00
0 66 1100.00
0 67 3099.00
0 68 3099.00
0 69 3099.00
0 70 2517.00
0 71 2517.00
0 72 2517.00
0 73 1673.00
0 74 1673.00
0 75 1673.00
0 76 3350.00
0 77 3350.00
0 78 3350.00
0 79 2851.00
0 80 2851.00
0 81 2851.00
0 82 477.00
0 83 477.00
0 84 477.00
0 85 1488.00
0 86 1488.00
0 87 1488.00
0 88 2963.00
0 89 2963.00
0 90 655.00
0 91 655.00
0 92 655.00
0 93 1989.00
0 94 1989.00
0 95 1989.00
1 2 3154.00
1 3 1013.00
1 4 3183.00
1 5 932.00
1 6 1480.00
1 7 3056.00
1 8 2097.00
1 9 2886.00
1 10 3328.00
1 11 2435.00
1 12 184.00
1 13 412.00
1 14 882.00
1 15 236.00
1 16 511.00
1 17 523.00
1 18 882.00
1 19 2274.00
1 20 2578.00
1 21 1244.00
1 22 1287.00
1 23 608.00
1 24 2091.00
1 25 2701.00
1 26 2701.00
1 27 2701.00
1 28 1988.00
1 29 1988.00
1 30 1988.00
1 31 3367.00
1 32 3367.00
1 33 3367.00
1 34 2958.00
1 35 2958.00
1 36 2958.00
1 37 2437.00
1 38 2437.00
1 39 2437.00
1 40 554.00
1 41 554.00
1 42 2798.00
1 43 2798.00
1 44 2798.00
1 45 707.00
1 46 707.00
1 47 707.00
1 48 1769.00
1 49 1769.00
1 50 1769.00
1 51 2032.00
1 52 2032.00
1 53 2032.00
1 54 604.00
1 55 604.00
1 56 604.00
1 57 1804.00
1 58 1804.00
1 59 1804.00
1 60 2291.00
1 61 2291.00
1 62 2291.00
1 63 3318.00
1 64 3318.00
1 65 3187.00
1 66 3187.00
1 67 665.00
1 68 665.00
1 69 665.00
1 70 217.00
1 71 217.00
1 72 217.00
1 73 936.00
1 74 936.00
1 75 936.00
1 76 1093.00
1 77 1093.00
1 78 1093.00
1 79 531.00
1 80 531.00
1 81 531.00
1 82 2148.00
1 83 2148.00
1 84 2148.00
1 85 2040.00
1 86 2040.00
1 87 2040.00
1 88 505.00
1 89 505.00
1 90 2547.00
1 91 2547.00
1 92 2547.00
1 93 673.00
1 94 673.00
1 95 673.00
2 3 2515.00
2 4 1413.00
2 5 2739.00
2 6 1679.00
2 7 369.00
2 8 1064.00
2 9 665.00
2 10 190.00
2 11 739.00
2 12 3337.00
2 13 2841.00
2 14 2996.00
2 15 2987.00
2 16 3497.00
2 17 3135.00
2 18 3548.00
2 19 1203.00
2 20 661.00
2 21 2497.00
2 22 2500.00
2 23 3003.00
2 24 1074.00
2 25 1417.00
2 26 1417.00
2 27 1417.00
2 28 1186.00
2 29 1186.00
2 30 1186.00
2 31 344.00
2 32 344.00
2 33 344.00
2 34 385.00
2 35 385.00
2 36 385.00
2 37 1225.00
2 38 1225.00
2 39 1225.00
2 40 3609.00
2 41 3609.00
2 42 528.00
2 43 528.00
2 44 528.00
2 45 2952.00
2 46 2952.00
2 47 2952.00
2 48 1386.00
2 49 1386.00
2 50 1386.00
2 51 1292.00
2 52 1292.00
2 53 1292.00
2 54 3456.00
2 55 3456.00
2 56 3456.00
2 57 1628.00
2 58 1628.00
2 59 1628.00
2 60 1128.00
2 61 1128.00
2 62 1128.00
2 63 1021.00
2 64 1021.00
2 65 1077.00
2 66 1077.00
2 67 3646.00
2 68 3646.00
2 69 3646.00
2 70 3059.00
2 71 3059.00
2 72 3059.00
2 73 2221.00
2 74 2221.00
2 75 2221.00
2 76 3891.00
2 77 3891.00
2 78 3891.00
2 79 3397.00
2 80 3397.00
2 81 3397.00
2 82 1022.00
2 83 1022.00
2 84 1022.00
2 85 1909.00
2 86 1909.00
2 87 1909.00
2 88 3500.00
2 89 3500.00
2 90 974.00
2 91 974.00
2 92 974.00
2 93 2537.00
2 94 2537.00
2 95 2537.00
3 4 2976.00
3 5 224.00
3 6 1079.00
3 7 2325.00
3 8 1572.00
3 9 2449.00
3 10 2703.00
3 11 1778.00
3 12 1161.00
3 13 605.00
3 14 481.00
3 15 1029.00
3 16 1521.00
3 17 1390.00
3 18 1843.00
3 19 1991.00
3 20 2076.00
3 21 1622.00
3 22 1667.00
3 23 1375.00
3 24 1581.00
3 25 2538.00
3 26 2538.00
3 27 2538.00
3 28 1349.00
3 29 1349.00
3 30 1349.00
3 31 2652.00
3 32 2652.00
3 33 2652.00
3 34 2235.00
3 35 2235.00
3 36 2235.00
3 37 2191.00
3 38 2191.00
3 39 2191.00
3 40 1231.00
3 41 1231.00
3 42 2063.00
3 43 2063.00
3 44 2063.00
3 45 465.00
3 46 465.00
3 47 465.00
3 48 1272.00
3 49 1272.00
3 50 1272.00
3 51 1244.00
3 52 1244.00
3 53 1244.00
3 54 1592.00
3 55 1592.00
3 56 1592.00
3 57 1660.00
3 58 1660.00
3 59 1660.00
3 60 1969.00
3 61 1969.00
3 62 1969.00
3 63 2967.00
3 64 2967.00
3 65 2871.00
3 66 2871.00
3 67 1678.00
3 68 1678.00
3 69 1678.00
3 70 811.00
3 71 811.00
3 72 811.00
3 73 792.00
3 74 792.00
3 75 792.00
3 76 2097.00
3 77 2097.00
3 78 2097.00
3 79 1515.00
3 80 1515.00
3 81 1515.00
3 82 1642.00
3 83 1642.00
3 84 1642.00
3 85 2096.00
3 86 2096.00
3 87 2096.00
3 88 1107.00
3 89 1107.00
3 90 2200.00
3 91 2200.00
3 92 2200.00
3 93 944.00
3 94 944.00
3 95 944.00
4 5 3180.00
4 6 1899.00
4 7 1742.00
4 8 1500.00
4 9 805.00
4 10 1386.00
4 11 1599.00
4 12 3344.00
4 13 3024.00
4 14 3411.00
4 15 2959.00
4 16 3335.00
4 17 2934.00
4 18 3209.00
4 19 986.00
4 20 1131.00
4 21 2084.00
4 22 2060.00
4 23 2781.00
4 24 1479.00
4 25 484.00
4 26 484.00
4 27 484.00
4 28 1791.00
4 29 1791.00
4 30 1791.00
4 31 1733.00
4 32 1733.00
4 33 1733.00
4 34 1706.00
4 35 1706.00
4 36 1706.00
4 37 786.00
4 38 786.00
4 39 786.00
4 40 3727.00
4 41 3727.00
4 42 1752.00
4 43 1752.00
4 44 1752.00
4 45 3295.00
4 46 3295.00
4 47 3295.00
4 48 1729.00
4 49 1729.00
4 50 1729.00
4 51 2096.00
4 52 2096.00
4 53 2096.00
4 54 3236.00
4 55 3236.00
4 56 3236.00
4 57 1388.00
4 58 1388.00
4 59 1388.00
4 60 1013.00
4 61 1013.00
4 62 1013.00
4 63 465.00
4 64 465.00
4 65 346.00
4 66 346.00
4 67 3448.00
4 68 3448.00
4 69 3448.00
4 70 3183.00
4 71 3183.00
4 72 3183.00
4 73 2336.00
4 74 2336.00
4 75 2336.00
4 76 3534.00
4 77 3534.00
4 78 3534.00
4 79 3202.00
4 80 3202.00
4 81 3202.00
4 82 1427.00
4 83 1427.00
4 84 1427.00
4 85 1223.00
4 86 1223.00
4 87 1223.00
4 88 3649.00
4 89 3649.00
4 90 817.00
4 91 817.00
4 92 817.00
4 93 2512.00
4 94 2512.00
4 95 2512.00
5 6 1282.00
5 7 2545.00
5 8 1793.00
5 9 2668.00
5 10 2927.00
5 11 2002.00
5 12 1055.00
5 13 554.00
5 14 258.00
5 15 998.00
5 16 1442.00
5 17 1369.00
5 18 1799.00
5 19 2196.00
5 20 2298.00
5 21 1721.00
5 22 1767.00
5 23 1380.00
5 24 1801.00
5 25 2736.00
5 26 2736.00
5 27 2736.00
5 28 1572.00
5 29 1572.00
5 30 1572.00
5 31 2873.00
5 32 2873.00
5 33 2873.00
5 34 2457.00
5 35 2457.00
5 36 2457.00
5 37 2394.00
5 38 2394.00
5 39 2394.00
5 40 1059.00
5 41 1059.00
5 42 2284.00
5 43 2284.00
5 44 2284.00
5 45 278.00
5 46 278.00
5 47 278.00
5 48 1488.00
5 49 1488.00
5 50 1488.00
5 51 1465.00
5 52 1465.00
5 53 1465.00
5 54 1532.00
5 55 1532.00
5 56 1532.00
5 57 1845.00
5 58 1845.00
5 59 1845.00
5 60 2178.00
5 61 2178.00
5 62 2178.00
5 63 3183.00
5 64 3183.00
5 65 3084.00
5 66 3084.00
5 67 1591.00
5 68 1591.00
5 69 1591.00
5 70 717.00
5 71 717.00
5 72 717.00
5 73 935.00
5 74 935.00
5 75 935.00
5 76 2025.00
5 77 2025.00
5 78 2025.00
5 79 1457.00
5 80 1457.00
5 81 1457.00
5 82 1862.00
5 83 1862.00
5 84 1862.00
5 85 2261.00
5 86 2261.00
5 87 2261.00
5 88 933.00
5 89 933.00
5 90 2412.00
5 91 2412.00
5 92 2412.00
5 93 1016.00
5 94 1016.00
5 95 1016.00
6 7 1620.00
6 8 618.00
6 9 1437.00
6 10 1850.00
6 11 984.00
6 12 1663.00
6 13 1203.00
6 14 1516.00
6 15 1308.00
6 16 1824.00
6 17 1479.00
6 18 1921.00
6 19 914.00
6 20 1104.00
6 21 1053.00
6 22 1081.00
6 23 1360.00
6 24 611.00
6 25 1461.00
6 26 1461.00
6 27 1461.00
6 28 568.00
6 29 568.00
6 30 568.00
6 31 1914.00
6 32 1914.00
6 33 1914.00
6 34 1520.00
6 35 1520.00
6 36 1520.00
6 37 1113.00
6 38 1113.00
6 39 1113.00
6 40 1964.00
6 41 1964.00
6 42 1374.00
6 43 1374.00
6 44 1374.00
6 45 1413.00
6 46 1413.00
6 47 1413.00
6 48 294.00
6 49 294.00
6 50 294.00
6 51 774.00
6 52 774.00
6 53 774.00
6 54 1795.00
6 55 1795.00
6 56 1795.00
6 57 618.00
6 58 618.00
6 59 618.00
6 60 899.00
6 61 899.00
6 62 899.00
6 63 1921.00
6 64 1921.00
6 65 1812.00
6 66 1812.00
6 67 1977.00
6 68 1977.00
6 69 1977.00
6 70 1405.00
6 71 1405.00
6 72 1405.00
6 73 544.00
6 74 544.00
6 75 544.00
6 76 2258.00
6 77 2258.00
6 78 2258.00
6 79 1732.00
6 80 1732.00
6 81 1732.00
6 82 669.00
6 83 669.00
6 84 669.00
6 85 1113.00
6 86 1113.00
6 87 1113.00
6 88 1864.00
6 89 1864.00
6 90 1141.00
6 91 1141.00
6 92 1141.00
6 93 862.00
6 94 862.00
6 95 862.00
7 8 1043.00
7 9 953.00
7 10 517.00
7 11 636.00
7 12 3240.00
7 13 2714.00
7 14 2802.00
7 15 2911.00
7 16 3439.00
7 17 3098.00
7 18 3535.00
7 19 1355.00
7 20 801.00
7 21 2544.00
7 22 2554.00
7 23 2977.00
7 24 1062.00
7 25 1679.00
7 26 1679.00
7 27 1679.00
7 28 1070.00
7 29 1070.00
7 30 1070.00
7 31 328.00
7 32 328.00
7 33 328.00
7 34 100.00
7 35 100.00
7 36 100.00
7 37 1426.00
7 38 1426.00
7 39 1426.00
7 40 3476.00
7 41 3476.00
7 42 263.00
7 43 263.00
7 44 263.00
7 45 2778.00
7 46 2778.00
7 47 2778.00
7 48 1329.00
7 49 1329.00
7 50 1329.00
7 51 1081.00
7 52 1081.00
7 53 1081.00
7 54 3415.00
7 55 3415.00
7 56 3415.00
7 57 1706.00
7 58 1706.00
7 59 1706.00
7 60 1271.00
7 61 1271.00
7 62 1271.00
7 63 1376.00
7 64 1376.00
7 65 1417.00
7 66 1417.00
7 67 3594.00
7 68 3594.00
7 69 3594.00
7 70 2940.00
7 71 2940.00
7 72 2940.00
7 73 2144.00
7 74 2144.00
7 75 2144.00
7 76 3874.00
7 77 3874.00
7 78 3874.00
7 79 3351.00
7 80 3351.00
7 81 3351.00
7 82 1025.00
7 83 1025.00
7 84 1025.00
7 85 2064.00
7 86 2064.00
7 87 2064.00
7 88 3362.00
7 89 3362.00
7 90 1181.00
7 91 1181.00
7 92 1181.00
7 93 2479.00
7 94 2479.00
7 95 2479.00
8 9 877.00
8 10 1233.00
8 11 420.00
8 12 2280.00
8 13 1805.00
8 14 2044.00
8 15 1925.00
8 16 2434.00
8 17 2076.00
8 18 2500.00
8 19 596.00
8 20 507.00
8 21 1507.00
8 22 1520.00
8 23 1948.00
8 24 30.00
8 25 1157.00
8 26 1157.00
8 27 1157.00
8 28 294.00
8 29 294.00
8 30 294.00
8 31 1316.00
8 32 1316.00
8 33 1316.00
8 34 944.00
8 35 944.00
8 36 944.00
8 37 784.00
8 38 784.00
8 39 784.00
8 40 2572.00
8 41 2572.00
8 42 822.00
8 43 822.00
8 44 822.00
8 45 1968.00
8 46 1968.00
8 47 1968.00
8 48 330.00
8 49 330.00
8 50 330.00
8 51 621.00
8 52 621.00
8 53 621.00
8 54 2396.00
8 55 2396.00
8 56 2396.00
8 57 716.00
8 58 716.00
8 59 716.00
8 60 529.00
8 61 529.00
8 62 529.00
8 63 1407.00
8 64 1407.00
8 65 1328.00
8 66 1328.00
8 67 2584.00
8 68 2584.00
8 69 2584.00
8 70 2015.00
8 71 2015.00
8 72 2015.00
8 73 1161.00
8 74 1161.00
8 75 1161.00
8 76 2841.00
8 77 2841.00
8 78 2841.00
8 79 2336.00
8 80 2336.00
8 81 2336.00
8 82 74.00
8 83 74.00
8 84 74.00
8 85 1173.00
8 86 1173.00
8 87 1173.00
8 88 2468.00
8 89 2468.00
8 90 683.00
8 91 683.00
8 92 683.00
8 93 1473.00
8 94 1473.00
8 95 1473.00
9 10 709.00
9 11 834.00
9 12 3064.00
9 13 2638.00
9 14 2918.00
9 15 2689.00
9 16 3153.00
9 17 2766.00
9 18 3133.00
9 19 669.00
9 20 389.00
9 21 2023.00
9 22 2017.00
9 23 2622.00
9 24 868.00
9 25 753.00
9 26 753.00
9 27 753.00
9 28 1133.00
9 29 1133.00
9 30 1133.00
9 31 1007.00
9 32 1007.00
9 33 1007.00
9 34 907.00
9 35 907.00
9 36 907.00
9 37 615.00
9 38 615.00
9 39 615.00
9 40 3393.00
9 41 3393.00
9 42 947.00
9 43 947.00
9 44 947.00
9 45 2834.00
9 46 2834.00
9 47 2834.00
9 48 1185.00
9 49 1185.00
9 50 1185.00
9 51 1388.00
9 52 1388.00
9 53 1388.00
9 54 3087.00
9 55 3087.00
9 56 3087.00
9 57 1159.00
9 58 1159.00
9 59 1159.00
9 60 621.00
9 61 621.00
9 62 621.00
9 63 551.00
9 64 551.00
9 65 518.00
9 66 518.00
9 67 3290.00
9 68 3290.00
9 69 3290.00
9 70 2834.00
9 71 2834.00
9 72 2834.00
9 73 1961.00
9 74 1961.00
9 75 1961.00
9 76 3475.00
9 77 3475.00
9 78 3475.00
9 79 3037.00
9 80 3037.00
9 81 3037.00
9 82 806.00
9 83 806.00
9 84 806.00
9 85 1317.00
9 86 1317.00
9 87 1317.00
9 88 3297.00
9 89 3297.00
9 90 386.00
9 91 386.00
9 92 386.00
9 93 2225.00
9 94 2225.00
9 95 2225.00
10 11 926.00
10 12 3511.00
10 13 3021.00
10 14 3184.00
10 15 3158.00
10 16 3662.00
10 17 3295.00
10 18 3700.00
10 19 1312.00
10 20 796.00
10 21 2633.00
10 22 2634.00
10 23 3161.00
10 24 1241.00
10 25 1454.00
10 26 1454.00
10 27 1454.00
10 28 1370.00
10 29 1370.00
10 30 1370.00
10 31 356.00
10 32 356.00
10 33 356.00
10 34 554.00
10 35 554.00
10 36 554.00
10 37 1307.00
10 38 1307.00
10 39 1307.00
10 40 3790.00
10 41 3790.00
10 42 709.00
10 43 709.00
10 44 709.00
10 45 3139.00
10 46 3139.00
10 47 3139.00
10 48 1559.00
10 49 1559.00
10 50 1559.00
10 51 1481.00
10 52 1481.00
10 53 1481.00
10 54 3617.00
10 55 3617.00
10 56 3617.00
10 57 1760.00
10 58 1760.00
10 59 1760.00
10 60 1242.00
10 61 1242.00
10 62 1242.00
10 63 959.00
10 64 959.00
10 65 1042.00
10 66 1042.00
10 67 3809.00
10 68 3809.00
10 69 3809.00
10 70 3238.00
10 71 3238.00
10 72 3238.00
10 73 2394.00
10 74 2394.00
10 75 2394.00
10 76 4044.00
10 77 4044.00
10 78 4044.00
10 79 3560.00
10 80 3560.00
10 81 3560.00
10 82 1187.00
10 83 1187.00
10 84 1187.00
10 85 2004.00
10 86 2004.00
10 87 2004.00
10 88 3682.00
10 89 3682.00
10 90 1060.00
10 91 1060.00
10 92 1060.00
10 93 2704.00
10 94 2704.00
10 95 2704.00
11 12 2619.00
11 13 2109.00
11 14 2259.00
11 15 2282.00
11 16 2806.00
11 17 2462.00
11 18 2899.00
11 19 884.00
11 20 468.00
11 21 1927.00
11 22 1940.00
11 23 2341.00
11 24 444.00
11 25 1364.00
11 26 1364.00
11 27 1364.00
11 28 451.00
11 29 451.00
11 30 451.00
11 31 934.00
11 32 934.00
11 33 934.00
11 34 537.00
11 35 537.00
11 36 537.00
11 37 1025.00
11 38 1025.00
11 39 1025.00
11 40 2876.00
11 41 2876.00
11 42 403.00
11 43 403.00
11 44 403.00
11 45 2213.00
11 46 2213.00
11 47 2213.00
11 48 692.00
11 49 692.00
11 50 692.00
11 51 584.00
11 52 584.00
11 53 584.00
11 54 2780.00
11 55 2780.00
11 56 2780.00
11 57 1124.00
11 58 1124.00
11 59 1124.00
11 60 800.00
11 61 800.00
11 62 800.00
11 63 1382.00
11 64 1382.00
11 65 1349.00
11 66 1349.00
11 67 2960.00
11 68 2960.00
11 69 2960.00
11 70 2330.00
11 71 2330.00
11 72 2330.00
11 73 1514.00
11 74 1514.00
11 75 1514.00
11 76 3238.00
11 77 3238.00
11 78 3238.00
11 79 2716.00
11 80 2716.00
11 81 2716.00
11 82 421.00
11 83 421.00
11 84 421.00
11 85 1548.00
11 86 1548.00
11 87 1548.00
11 88 2766.00
11 89 2766.00
11 90 833.00
11 91 833.00
11 92 833.00
11 93 1845.00
11 94 1845.00
11 95 1845.00
12 13 573.00
12 14 965.00
12 15 386.00
12 16 410.00
12 17 564.00
12 18 828.00
12 19 2446.00
12 20 2760.00
12 21 1367.00
12 22 1407.00
12 23 683.00
12 24 2274.00
12 25 2861.00
12 26 2861.00
12 27 2861.00
12 28 2172.00
12 29 2172.00
12 30 2172.00
12 31 3551.00
12 32 3551.00
12 33 3551.00
12 34 3142.00
12 35 3142.00
12 36 3142.00
12 37 2606.00
12 38 2606.00
12 39 2606.00
12 40 431.00
12 41 431.00
12 42 2981.00
12 43 2981.00
12 44 2981.00
12 45 805.00
12 46 805.00
12 47 805.00
12 48 1952.00
12 49 1952.00
12 50 1952.00
12 51 2213.00
12 52 2213.00
12 53 2213.00
12 54 540.00
12 55 540.00
12 56 540.00
12 57 1972.00
12 58 1972.00
12 59 1972.00
12 60 2466.00
12 61 2466.00
12 62 2466.00
12 63 3490.00
12 64 3490.00
12 65 3357.00
12 66 3357.00
12 67 544.00
12 68 544.00
12 69 544.00
12 70 349.00
12 71 349.00
12 72 349.00
12 73 1119.00
12 74 1119.00
12 75 1119.00
12 76 989.00
12 77 989.00
12 78 989.00
12 79 478.00
12 80 478.00
12 81 478.00
12 82 2331.00
12 83 2331.00
12 84 2331.00
12 85 2186.00
12 86 2186.00
12 87 2186.00
12 88 422.00
12 89 422.00
12 90 2721.00
12 91 2721.00
12 92 2721.00
12 93 844.00
12 94 844.00
12 95 844.00
13 14 585.00
13 15 444.00
13 16 917.00
13 17 816.00
13 18 1250.00
13 19 2070.00
13 20 2304.00
13 21 1283.00
13 22 1330.00
13 23 835.00
13 24 1804.00
13 25 2552.00
13 26 2552.00
13 27 2552.00
13 28 1658.00
13 29 1658.00
13 30 1658.00
13 31 3032.00
13 32 3032.00
13 33 3032.00
13 34 2617.00
13 35 2617.00
13 36 2617.00
13 37 2251.00
13 38 2251.00
13 39 2251.00
13 40 769.00
13 41 769.00
13 42 2452.00
13 43 2452.00
13 44 2452.00
13 45 401.00
13 46 401.00
13 47 401.00
13 48 1475.00
13 49 1475.00
13 50 1475.00
13 51 1663.00
13 52 1663.00
13 53 1663.00
13 54 990.00
13 55 990.00
13 56 990.00
13 57 1638.00
13 58 1638.00
13 59 1638.00
13 60 2074.00
13 61 2074.00
13 62 2074.00
13 63 3106.00
13 64 3106.00
13 65 2987.00
13 66 2987.00
13 67 1074.00
13 68 1074.00
13 69 1074.00
13 70 232.00
13 71 232.00
13 72 232.00
13 73 691.00
13 74 691.00
13 75 691.00
13 76 1493.00
13 77 1493.00
13 78 1493.00
13 79 914.00
13 80 914.00
13 81 914.00
13 82 1864.00
13 83 1864.00
13 84 1864.00
13 85 1964.00
13 86 1964.00
13 87 1964.00
13 88 663.00
13 89 663.00
13 90 2326.00
13 91 2326.00
13 92 2326.00
13 93 581.00
13 94 581.00
13 95 581.00
14 15 1006.00
14 16 1372.00
14 17 1373.00
14 18 1764.00
14 19 2429.00
14 20 2550.00
14 21 1847.00
14 22 1894.00
14 23 1412.00
14 24 2051.00
14 25 2960.00
14 26 2960.00
14 27 2960.00
14 28 1828.00
14 29 1828.00
14 30 1828.00
14 31 3130.00
14 32 3130.00
14 33 3130.00
14 34 2714.00
14 35 2714.00
14 36 2714.00
14 37 2625.00
14 38 2625.00
14 39 2625.00
14 40 875.00
14 41 875.00
14 42 2541.00
14 43 2541.00
14 44 2541.00
14 45 186.00
14 46 186.00
14 47 186.00
14 48 1734.00
14 49 1734.00
14 50 1734.00
14 51 1722.00
14 52 1722.00
14 53 1722.00
14 54 1483.00
14 55 1483.00
14 56 1483.00
14 57 2058.00
14 58 2058.00
14 59 2058.00
14 60 2415.00
14 61 2415.00
14 62 2415.00
14 63 3427.00
14 64 3427.00
14 65 3325.00
14 66 3325.00
14 67 1509.00
14 68 1509.00
14 69 1509.00
14 70 669.00
14 71 669.00
14 72 669.00
14 73 1122.00
14 74 1122.00
14 75 1122.00
14 76 1954.00
14 77 1954.00
14 78 1954.00
14 79 1412.00
14 80 1412.00
14 81 1412.00
14 82 2113.00
14 83 2113.00
14 84 2113.00
14 85 2451.00
14 86 2451.00
14 87 2451.00
14 88 752.00
14 89 752.00
14 90 2653.00
14 91 2653.00
14 92 2653.00
14 93 1135.00
14 94 1135.00
14 95 1135.00
15 16 544.00
15 17 372.00
15 18 815.00
15 19 2064.00
15 20 2394.00
15 21 1009.00
15 22 1052.00
15 23 411.00
15 24 1917.00
15 25 2476.00
15 26 2476.00
15 27 2476.00
15 28 1841.00
15 29 1841.00
15 30 1841.00
15 31 3216.00
15 32 3216.00
15 33 3216.00
15 34 2812.00
15 35 2812.00
15 36 2812.00
15 37 2221.00
15 38 2221.00
15 39 2221.00
15 40 789.00
15 41 789.00
15 42 2656.00
15 43 2656.00
15 44 2656.00
15 45 821.00
15 46 821.00
15 47 821.00
15 48 1602.00
15 49 1602.00
15 50 1602.00
15 51 1918.00
15 52 1918.00
15 53 1918.00
15 54 576.00
15 55 576.00
15 56 576.00
15 57 1587.00
15 58 1587.00
15 59 1587.00
15 60 2086.00
15 61 2086.00
15 62 2086.00
15 63 3107.00
15 64 3107.00
15 65 2973.00
15 66 2973.00
15 67 706.00
15 68 706.00
15 69 706.00
15 70 362.00
15 71 362.00
15 72 362.00
15 73 768.00
15 74 768.00
15 75 768.00
15 76 1085.00
15 77 1085.00
15 78 1085.00
15 79 500.00
15 80 500.00
15 81 500.00
15 82 1972.00
15 83 1972.00
15 84 1972.00
15 85 1806.00
15 86 1806.00
15 87 1806.00
15 88 740.00
15 89 740.00
15 90 2341.00
15 91 2341.00
15 92 2341.00
15 93 464.00
15 94 464.00
15 95 464.00
16 17 401.00
16 18 434.00
16 19 2504.00
16 20 2884.00
16 21 1268.00
16 22 1300.00
16 23 554.00
16 24 2423.00
16 25 2853.00
16 26 2853.00
16 27 2853.00
16 28 2371.00
16 29 2371.00
16 30 2371.00
16 31 3738.00
16 32 3738.00
16 33 3738.00
16 34 3339.00
16 35 3339.00
16 36 3339.00
16 37 2641.00
16 38 2641.00
16 39 2641.00
16 40 744.00
16 41 744.00
16 42 3187.00
16 43 3187.00
16 44 3187.00
16 45 1206.00
16 46 1206.00
16 47 1206.00
16 48 2118.00
16 49 2118.00
16 50 2118.00
16 51 2461.00
16 52 2461.00
16 53 2461.00
16 54 160.00
16 55 160.00
16 56 160.00
16 57 2012.00
16 58 2012.00
16 59 2012.00
16 60 2537.00
16 61 2537.00
16 62 2537.00
16 63 3532.00
16 64 3532.00
16 65 3390.00
16 66 3390.00
16 67 162.00
16 68 162.00
16 69 162.00
16 70 725.00
16 71 725.00
16 72 725.00
16 73 1296.00
16 74 1296.00
16 75 1296.00
16 76 584.00
16 77 584.00
16 78 584.00
16 79 144.00
16 80 144.00
16 81 144.00
16 82 2475.00
16 83 2475.00
16 84 2475.00
16 85 2131.00
16 86 2131.00
16 87 2131.00
16 88 784.00
16 89 784.00
16 90 2789.00
16 91 2789.00
16 92 2789.00
16 93 961.00
16 94 961.00
16 95 961.00
17 18 475.00
17 19 2112.00
17 20 2510.00
17 21 871.00
17 22 905.00
17 23 153.00
17 24 2063.00
17 25 2452.00
17 26 2452.00
17 27 2452.00
17 28 2039.00
17 29 2039.00
17 30 2039.00
17 31 3389.00
17 32 3389.00
17 33 3389.00
17 34 2999.00
17 35 2999.00
17 36 2999.00
17 37 2244.00
17 38 2244.00
17 39 2244.00
17 40 991.00
17 41 991.00
17 42 2852.00
17 43 2852.00
17 44 2852.00
17 45 1190.00
17 46 1190.00
17 47 1190.00
17 48 1770.00
17 49 1770.00
17 50 1770.00
17 51 2165.00
17 52 2165.00
17 53 2165.00
17 54 323.00
17 55 323.00
17 56 323.00
17 57 1618.00
17 58 1618.00
17 59 1618.00
17 60 2148.00
17 61 2148.00
17 62 2148.00
17 63 3135.00
17 64 3135.00
17 65 2992.00
17 66 2992.00
17 67 524.00
17 68 524.00
17 69 524.00
17 70 712.00
17 71 712.00
17 72 712.00
17 73 980.00
17 74 980.00
17 75 980.00
17 76 789.00
17 77 789.00
17 78 789.00
17 79 272.00
17 80 272.00
17 81 272.00
17 82 2113.00
17 83 2113.00
17 84 2113.00
17 85 1731.00
17 86 1731.00
17 87 1731.00
17 88 985.00
17 89 985.00
17 90 2398.00
17 91 2398.00
17 92 2398.00
17 93 630.00
17 94 630.00
17 95 630.00
18 19 2466.00
18 20 2907.00
18 21 1133.00
18 22 1152.00
18 23 564.00
18 24 2484.00
18 25 2736.00
18 26 2736.00
18 27 2736.00
18 28 2487.00
18 29 2487.00
18 30 2487.00
18 31 3816.00
18 32 3816.00
18 33 3816.00
18 34 3435.00
18 35 3435.00
18 36 3435.00
18 37 2575.00
18 38 2575.00
18 39 2575.00
18 40 1176.00
18 41 1176.00
18 42 3294.00
18 43 3294.00
18 44 3294.00
18 45 1589.00
18 46 1589.00
18 47 1589.00
18 48 2207.00
18 49 2207.00
18 50 2207.00
18 51 2630.00
18 52 2630.00
18 53 2630.00
18 54 288.00
18 55 288.00
18 56 288.00
18 57 1974.00
18 58 1974.00
18 59 1974.00
18 60 2512.00
18 61 2512.00
18 62 2512.00
18 63 3457.00
18 64 3457.00
18 65 3307.00
18 66 3307.00
18 67 389.00
18 68 389.00
18 69 389.00
18 70 1098.00
18 71 1098.00
18 72 1098.00
18 73 1445.00
18 74 1445.00
18 75 1445.00
18 76 344.00
18 77 344.00
18 78 344.00
18 79 354.00
18 80 354.00
18 81 354.00
18 82 2531.00
18 83 2531.00
18 84 2531.00
18 85 1986.00
18 86 1986.00
18 87 1986.00
18 88 1218.00
18 89 1218.00
18 90 2754.00
18 91 2754.00
18 92 2754.00
18 93 1096.00
18 94 1096.00
18 95 1096.00
19 20 558.00
19 21 1354.00
19 22 1348.00
19 23 1965.00
19 24 568.00
19 25 576.00
19 26 576.00
19 27 576.00
19 28 882.00
19 29 882.00
19 30 882.00
19 31 1532.00
19 32 1532.00
19 33 1532.00
19 34 1272.00
19 35 1272.00
19 36 1272.00
19 37 205.00
19 38 205.00
19 39 205.00
19 40 2801.00
19 41 2801.00
19 42 1217.00
19 43 1217.00
19 44 1217.00
19 45 2319.00
19 46 2319.00
19 47 2319.00
19 48 755.00
19 49 755.00
19 50 755.00
19 51 1215.00
19 52 1215.00
19 53 1215.00
19 54 2431.00
19 55 2431.00
19 56 2431.00
19 57 495.00
19 58 495.00
19 59 495.00
19 60 85.00
19 61 85.00
19 62 85.00
19 63 1044.00
19 64 1044.00
19 65 918.00
19 66 918.00
19 67 2636.00
19 68 2636.00
19 69 2636.00
19 70 2246.00
19 71 2246.00
19 72 2246.00
19 73 1379.00
19 74 1379.00
19 75 1379.00
19 76 2808.00
19 77 2808.00
19 78 2808.00
19 79 2384.00
19 80 2384.00
19 81 2384.00
19 82 536.00
19 83 536.00
19 84 536.00
19 85 712.00
19 86 712.00
19 87 712.00
19 88 2714.00
19 89 2714.00
19 90 288.00
19 91 288.00
19 92 288.00
19 93 1602.00
19 94 1602.00
19 95 1602.00
20 21 1839.00
20 22 1841.00
20 23 2372.00
20 24 503.00
20 25 926.00
20 26 926.00
20 27 926.00
20 28 746.00
20 29 746.00
20 30 746.00
20 31 979.00
20 32 979.00
20 33 979.00
20 34 723.00
20 35 723.00
20 36 723.00
20 37 631.00
20 38 631.00
20 39 631.00
20 40 3067.00
20 41 3067.00
20 42 694.00
20 43 694.00
20 44 694.00
20 45 2475.00
20 46 2475.00
20 47 2475.00
20 48 831.00
20 49 831.00
20 50 831.00
20 51 1001.00
20 52 1001.00
20 53 1001.00
20 54 2832.00
20 55 2832.00
20 56 2832.00
20 57 967.00
20 58 967.00
20 59 967.00
20 60 477.00
20 61 477.00
20 62 477.00
20 63 939.00
20 64 939.00
20 65 889.00
20 66 889.00
20 67 3028.00
20 68 3028.00
20 69 3028.00
20 70 2509.00
20 71 2509.00
20 72 2509.00
20 73 1643.00
20 74 1643.00
20 75 1643.00
20 76 3250.00
20 77 3250.00
20 78 3250.00
20 79 2777.00
20 80 2777.00
20 81 2777.00
20 82 442.00
20 83 442.00
20 84 442.00
20 85 1269.00
20 86 1269.00
20 87 1269.00
20 88 2966.00
20 89 2966.00
20 90 398.00
20 91 398.00
20 92 398.00
20 93 1934.00
20 94 1934.00
20 95 1934.00
21 22 47.00
21 23 719.00
21 24 1485.00
21 25 1607.00
21 26 1607.00
21 27 1607.00
21 28 1587.00
21 29 1587.00
21 30 1587.00
21 31 2794.00
21 32 2794.00
21 33 2794.00
21 34 2447.00
21 35 2447.00
21 36 2447.00
21 37 1448.00
21 38 1448.00
21 39 1448.00
21 40 1791.00
21 41 1791.00
21 42 2329.00
21 43 2329.00
21 44 2329.00
21 45 1671.00
21 46 1671.00
21 47 1671.00
21 48 1281.00
21 49 1281.00
21 50 1281.00
21 51 1827.00
21 52 1827.00
21 53 1827.00
21 54 1157.00
21 55 1157.00
21 56 1157.00
21 57 875.00
21 58 875.00
21 59 875.00
21 60 1408.00
21 61 1408.00
21 62 1408.00
21 63 2325.00
21 64 2325.00
21 65 2174.00
21 66 2174.00
21 67 1369.00
21 68 1369.00
21 69 1369.00
21 70 1335.00
21 71 1335.00
21 72 1335.00
21 73 857.00
21 74 857.00
21 75 857.00
21 76 1468.00
21 77 1468.00
21 78 1468.00
21 79 1129.00
21 80 1129.00
21 81 1129.00
21 82 1519.00
21 83 1519.00
21 84 1519.00
21 85 866.00
21 86 866.00
21 87 866.00
21 88 1749.00
21 89 1749.00
21 90 1639.00
21 91 1639.00
21 92 1639.00
21 93 712.00
21 94 712.00
21 95 712.00
22 23 754.00
22 24 1497.00
22 25 1585.00
22 26 1585.00
22 27 1585.00
22 28 1607.00
22 29 1607.00
22 30 1607.00
22 31 2800.00
22 32 2800.00
22 33 2800.00
22 34 2458.00
22 35 2458.00
22 36 2458.00
22 37 1436.00
22 38 1436.00
22 39 1436.00
22 40 1833.00
22 41 1833.00
22 42 2342.00
22 43 2342.00
22 44 2342.00
22 45 1718.00
22 46 1718.00
22 47 1718.00
22 48 1301.00
22 49 1301.00
22 50 1301.00
22 51 1854.00
22 52 1854.00
22 53 1854.00
22 54 1186.00
22 55 1186.00
22 56 1186.00
22 57 875.00
22 58 875.00
22 59 875.00
22 60 1405.00
22 61 1405.00
22 62 1405.00
22 63 2309.00
22 64 2309.00
22 65 2157.00
22 66 2157.00
22 67 1397.00
22 68 1397.00
22 69 1397.00
22 70 1380.00
22 71 1380.00
22 72 1380.00
22 73 900.00
22 74 900.00
22 75 900.00
22 76 1484.00
22 77 1484.00
22 78 1484.00
22 79 1160.00
22 80 1160.00
22 81 1160.00
22 82 1530.00
22 83 1530.00
22 84 1530.00
22 85 840.00
22 86 840.00
22 87 840.00
22 88 1792.00
22 89 1792.00
22 90 1632.00
22 91 1632.00
22 92 1632.00
22 93 759.00
22 94 759.00
22 95 759.00
23 24 1934.00
23 25 2299.00
23 26 2299.00
23 27 2299.00
23 28 1925.00
23 29 1925.00
23 30 1925.00
23 31 3263.00
23 32 3263.00
23 33 3263.00
23 34 2877.00
23 35 2877.00
23 36 2877.00
23 37 2094.00
23 38 2094.00
23 39 2094.00
23 40 1115.00
23 41 1115.00
23 42 2734.00
23 43 2734.00
23 44 2734.00
23 45 1226.00
23 46 1226.00
23 47 1226.00
23 48 1648.00
23 49 1648.00
23 50 1648.00
23 51 2067.00
23 52 2067.00
23 53 2067.00
23 54 466.00
23 55 466.00
23 56 466.00
23 57 1471.00
23 58 1471.00
23 59 1471.00
23 60 2002.00
23 61 2002.00
23 62 2002.00
23 63 2985.00
23 64 2985.00
23 65 2841.00
23 66 2841.00
23 67 673.00
23 68 673.00
23 69 673.00
23 70 772.00
23 71 772.00
23 72 772.00
23 73 884.00
23 74 884.00
23 75 884.00
23 76 898.00
23 77 898.00
23 78 898.00
23 79 423.00
23 80 423.00
23 81 423.00
23 82 1982.00
23 83 1982.00
23 84 1982.00
23 85 1578.00
23 86 1578.00
23 87 1578.00
23 88 1096.00
23 89 1096.00
23 90 2252.00
23 91 2252.00
23 92 2252.00
23 93 537.00
23 94 537.00
23 95 537.00
24 25 1131.00
24 26 1131.00
24 27 1131.00
24 28 319.00
24 29 319.00
24 30 319.00
24 31 1332.00
24 32 1332.00
24 33 1332.00
24 34 964.00
24 35 964.00
24 36 964.00
24 37 758.00
24 38 758.00
24 39 758.00
24 40 2569.00
24 41 2569.00
24 42 845.00
24 43 845.00
24 44 845.00
24 45 1973.00
24 46 1973.00
24 47 1973.00
24 48 328.00
24 49 328.00
24 50 328.00
24 51 648.00
24 52 648.00
24 53 648.00
24 54 2384.00
24 55 2384.00
24 56 2384.00
24 57 688.00
24 58 688.00
24 59 688.00
24 60 502.00
24 61 502.00
24 62 502.00
24 63 1394.00
24 64 1394.00
24 65 1312.00
24 66 1312.00
24 67 2572.00
24 68 2572.00
24 69 2572.00
24 70 2012.00
24 71 2012.00
24 72 2012.00
24 73 1155.00
24 74 1155.00
24 75 1155.00
24 76 2826.00
24 77 2826.00
24 78 2826.00
24 79 2324.00
24 80 2324.00
24 81 2324.00
24 82 62.00
24 83 62.00
24 84 62.00
24 85 1144.00
24 86 1144.00
24 87 1144.00
24 88 2467.00
24 89 2467.00
24 90 663.00
24 91 663.00
24 92 663.00
24 93 1463.00
24 94 1463.00
24 95 1463.00
25 26 0.00
25 27 0.00
25 28 1449.00
25 29 1449.00
25 30 1449.00
25 31 1760.00
25 32 1760.00
25 33 1760.00
25 34 1618.00
25 35 1618.00
25 36 1618.00
25 37 375.00
25 38 375.00
25 39 375.00
25 40 3246.00
25 41 3246.00
25 42 1616.00
25 43 1616.00
25 44 1616.00
25 45 2836.00
25 46 2836.00
25 47 2836.00
25 48 1329.00
25 49 1329.00
25 50 1329.00
25 51 1776.00
25 52 1776.00
25 53 1776.00
25 54 2755.00
25 55 2755.00
25 56 2755.00
25 57 914.00
25 58 914.00
25 59 914.00
25 60 630.00
25 61 630.00
25 62 630.00
25 63 766.00
25 64 766.00
25 65 606.00
25 66 606.00
25 67 2967.00
25 68 2967.00
25 69 2967.00
25 70 2706.00
25 71 2706.00
25 72 2706.00
25 73 1867.00
25 74 1867.00
25 75 1867.00
25 76 3065.00
25 77 3065.00
25 78 3065.00
25 79 2720.00
25 80 2720.00
25 81 2720.00
25 82 1090.00
25 83 1090.00
25 84 1090.00
25 85 756.00
25 86 756.00
25 87 756.00
25 88 3171.00
25 89 3171.00
25 90 532.00
25 91 532.00
25 92 532.00
25 93 2032.00
25 94 2032.00
25 95 2032.00
26 27 0.00
26 28 1449.00
26 29 1449.00
26 30 1449.00
26 31 1760.00
26 32 1760.00
26 33 1760.00
26 34 1618.00
26 35 1618.00
26 36 1618.00
26 37 375.00
26 38 375.00
26 39 375.00
26 40 3246.00
26 41 3246.00
26 42 1616.00
26 43 1616.00
26 44 1616.00
26 45 2836.00
26 46 2836.00
26 47 2836.00
26 48 1329.00
26 49 1329.00
26 50 1329.00
26 51 1776.00
26 52 1776.00
26 53 1776.00
26 54 2755.00
26 55 2755.00
26 56 2755.00
26 57 914.00
26 58 914.00
26 59 914.00
26 60 630.00
26 61 630.00
26 62 630.00
26 63 766.00
26 64 766.00
26 65 606.00
26 66 606.00
26 67 2967.00
26 68 2967.00
26 69 2967.00
26 70 2706.00
26 71 2706.00
26 72 2706.00
26 73 1867.00
26 74 1867.00
26 75 1867.00
26 76 3065.00
26 77 3065.00
26 78 3065.00
26 79 2720.00
26 80 2720.00
26 81 2720.00
26 82 1090.00
26 83 1090.00
26 84 1090.00
26 85 756.00
26 86 756.00
26 87 756.00
26 88 3171.00
26 89 3171.00
26 90 532.00
26 91 532.00
26 92 532.00
26 93 2032.00
26 94 2032.00
26 95 2032.00
27 28 1449.00
27 29 1449.00
27 30 1449.00
27 31 1760.00
27 32 1760.00
27 33 1760.00
27 34 1618.00
27 35 1618.00
27 36 1618.00
27 37 375.00
27 38 375.00
27 39 375.00
27 40 3246.00
27 41 3246.00
27 42 1616.00
27 43 1616.00
27 44 1616.00
27 45 2836.00
27 46 2836.00
27 47 2836.00
27 48 1329.00
27 49 1329.00
27 50 1329.00
27 51 1776.00
27 52 1776.00
27 53 1776.00
27 54 2755.00
27 55 2755.00
27 56 2755.00
27 57 914.00
27 58 914.00
27 59 914.00
27 60 630.00
27 61 630.00
27 62 630.00
27 63 766.00
27 64 766.00
27 65 606.00
27 66 606.00
27 67 2967.00
27 68 2967.00
27 69 2967.00
27 70 2706.00
27 71 2706.00
27 72 2706.00
27 73 1867.00
27 74 1867.00
27 75 1867.00
27 76 3065.00
27 77 3065.00
27 78 3065.00
27 79 2720.00
27 80 2720.00
27 81 2720.00
27 82 1090.00
27 83 1090.00
27 84 1090.00
27 85 756.00
27 86 756.00
27 87 756.00
27 88 3171.00
27 89 3171.00
27 90 532.00
27 91 532.00
27 92 532.00
27 93 2032.00
27 94 2032.00
27 95 2032.00
28 29 0.00
28 30 0.00
28 31 1380.00
28 32 1380.00
28 33 1380.00
28 34 972.00
28 35 972.00
28 36 972.00
28 37 1075.00
28 38 1075.00
28 39 1075.00
28 40 2426.00
28 41 2426.00
28 42 816.00
28 43 816.00
28 44 816.00
28 45 1772.00
28 46 1772.00
28 47 1772.00
28 48 306.00
28 49 306.00
28 50 306.00
28 51 337.00
28 52 337.00
28 53 337.00
28 54 2352.00
28 55 2352.00
28 56 2352.00
28 57 903.00
28 58 903.00
28 59 903.00
28 60 819.00
28 61 819.00
28 62 819.00
28 63 1676.00
28 64 1676.00
28 65 1607.00
28 66 1607.00
28 67 2527.00
28 68 2527.00
28 69 2527.00
28 70 1880.00
28 71 1880.00
28 72 1880.00
28 73 1075.00
28 74 1075.00
28 75 1075.00
28 76 2822.00
28 77 2822.00
28 78 2822.00
28 79 2287.00
28 80 2287.00
28 81 2287.00
28 82 365.00
28 83 365.00
28 84 365.00
28 85 1398.00
28 86 1398.00
28 87 1398.00
28 88 2316.00
28 89 2316.00
28 90 975.00
28 91 975.00
28 92 975.00
28 93 1414.00
28 94 1414.00
28 95 1414.00
29 30 0.00
29 31 1380.00
29 32 1380.00
29 33 1380.00
29 34 972.00
29 35 972.00
29 36 972.00
29 37 1075.00
29 38 1075.00
29 39 1075.00
29 40 2426.00
29 41 2426.00
29 42 816.00
29 43 816.00
29 44 816.00
29 45 1772.00
29 46 1772.00
29 47 1772.00
29 48 306.00
29 49 306.00
29 50 306.00
29 51 337.00
29 52 337.00
29 53 337.00
29 54 2352.00
29 55 2352.00
29 56 2352.00
29 57 903.00
29 58 903.00
29 59 903.00
29 60 819.00
29 61 819.00
29 62 819.00
29 63 1676.00
29 64 1676.00
29 65 1607.00
29 66 1607.00
29 67 2527.00
29 68 2527.00
29 69 2527.00
29 70 1880.00
29 71 1880.00
29 72 1880.00
29 73 1075.00
29 74 1075.00
29 75 1075.00
29 76 2822.00
29 77 2822.00
29 78 2822.00
29 79 2287.00
29 80 2287.00
29 81 2287.00
29 82 365.00
29 83 365.00
29 84 365.00
29 85 1398.00
29 86 1398.00
29 87 1398.00
29 88 2316.00
29 89 2316.00
29 90 975.00
29 91 975.00
29 92 975.00
29 93 1414.00
29 94 1414.00
29 95 1414.00
30 31 1380.00
30 32 1380.00
30 33 1380.00
30 34 972.00
30 35 972.00
30 36 972.00
30 37 1075.00
30 38 1075.00
30 39 1075.00
30 40 2426.00
30 41 2426.00
30 42 816.00
30 43 816.00
30 44 816.00
30 45 1772.00
30 46 1772.00
30 47 1772.00
30 48 306.00
30 49 306.00
30 50 306.00
30 51 337.00
30 52 337.00
30 53 337.00
30 54 2352.00
30 55 2352.00
30 56 2352.00
30 57 903.00
30 58 903.00
30 59 903.00
30 60 819.00
30 61 819.00
30 62 819.00
30 63 1676.00
30 64 1676.00
30 65 1607.00
30 66 1607.00
30 67 2527.00
30 68 2527.00
30 69 2527.00
30 70 1880.00
30 71 1880.00
30 72 1880.00
30 73 1075.00
30 74 1075.00
30 75 1075.00
30 76 2822.00
30 77 2822.00
30 78 2822.00
30 79 2287.00
30 80 2287.00
30 81 2287.00
30 82 365.00
30 83 365.00
30 84 365.00
30 85 1398.00
30 86 1398.00
30 87 1398.00
30 88 2316.00
30 89 2316.00
30 90 975.00
30 91 975.00
30 92 975.00
30 93 1414.00
30 94 1414.00
30 95 1414.00
31 32 0.00
31 33 0.00
31 34 417.00
31 35 417.00
31 36 417.00
31 37 1566.00
31 38 1566.00
31 39 1566.00
31 40 3797.00
31 41 3797.00
31 42 589.00
31 43 589.00
31 44 589.00
31 45 3104.00
31 46 3104.00
31 47 3104.00
31 48 1621.00
31 49 1621.00
31 50 1621.00
31 51 1408.00
31 52 1408.00
31 53 1408.00
31 54 3708.00
31 55 3708.00
31 56 3708.00
31 57 1935.00
31 58 1935.00
31 59 1935.00
31 60 1454.00
31 61 1454.00
31 62 1454.00
31 63 1314.00
31 64 1314.00
31 65 1390.00
31 66 1390.00
31 67 3891.00
31 68 3891.00
31 69 3891.00
31 70 3257.00
31 71 3257.00
31 72 3257.00
31 73 2447.00
31 74 2447.00
31 75 2447.00
31 76 4157.00
31 77 4157.00
31 78 4157.00
31 79 3646.00
31 80 3646.00
31 81 3646.00
31 82 1288.00
31 83 1288.00
31 84 1288.00
31 85 2242.00
31 86 2242.00
31 87 2242.00
31 88 3683.00
31 89 3683.00
31 90 1314.00
31 91 1314.00
31 92 1314.00
31 93 2777.00
31 94 2777.00
31 95 2777.00
32 33 0.00
32 34 417.00
32 35 417.00
32 36 417.00
32 37 1566.00
32 38 1566.00
32 39 1566.00
32 40 3797.00
32 41 3797.00
32 42 589.00
32 43 589.00
32 44 589.00
32 45 3104.00
32 46 3104.00
32 47 3104.00
32 48 1621.00
32 49 1621.00
32 50 1621.00
32 51 1408.00
32 52 1408.00
32 53 1408.00
32 54 3708.00
32 55 3708.00
32 56 3708.00
32 57 1935.00
32 58 1935.00
32 59 1935.00
32 60 1454.00
32 61 1454.00
32 62 1454.00
32 63 1314.00
32 64 1314.00
32 65 1390.00
32 66 1390.00
32 67 3891.00
32 68 3891.00
32 69 3891.00
32 70 3257.00
32 71 3257.00
32 72 3257.00
32 73 2447.00
32 74 2447.00
32 75 2447.00
32 76 4157.00
32 77 4157.00
32 78 4157.00
32 79 3646.00
32 80 3646.00
32 81 3646.00
32 82 1288.00
32 83 1288.00
32 84 1288.00
32 85 2242.00
32 86 2242.00
32 87 2242.00
32 88 3683.00
32 89 3683.00
32 90 1314.00
32 91 1314.00
32 92 1314.00
32 93 2777.00
32 94 2777.00
32 95 2777.00
33 34 417.00
33 35 417.00
33 36 417.00
33 37 1566.00
33 38 1566.00
33 39 1566.00
33 40 3797.00
33 41 3797.00
33 42 589.00
33 43 589.00
33 44 589.00
33 45 3104.00
33 46 3104.00
33 47 3104.00
33 48 1621.00
33 49 1621.00
33 50 1621.00
33 51 1408.00
33 52 1408.00
33 53 1408.00
33 54 3708.00
33 55 3708.00
33 56 3708.00
33 57 1935.00
33 58 1935.00
33 59 1935.00
33 60 1454.00
33 61 1454.00
33 62 1454.00
33 63 1314.00
33 64 1314.00
33 65 1390.00
33 66 1390.00
33 67 3891.00
33 68 3891.00
33 69 3891.00
33 70 3257.00
33 71 3257.00
33 72 3257.00
33 73 2447.00
33 74 2447.00
33 75 2447.00
33 76 4157.00
33 77 4157.00
33 78 4157.00
33 79 3646.00
33 80 3646.00
33 81 3646.00
33 82 1288.00
33 83 1288.00
33 84 1288.00
33 85 2242.00
33 86 2242.00
33 87 2242.00
33 88 3683.00
33 89 3683.00
33 90 1314.00
33 91 1314.00
33 92 1314.00
33 93 2777.00
33 94 2777.00
33 95 2777.00
34 35 0.00
34 36 0.00
34 37 1353.00
34 38 1353.00
34 39 1353.00
34 40 3381.00
34 41 3381.00
34 42 173.00
34 43 173.00
34 44 173.00
34 45 2687.00
34 46 2687.00
34 47 2687.00
34 48 1229.00
34 49 1229.00
34 50 1229.00
34 51 992.00
34 52 992.00
34 53 992.00
34 54 3315.00
34 55 3315.00
34 56 3315.00
34 57 1613.00
34 58 1613.00
34 59 1613.00
34 60 1188.00
34 61 1188.00
34 62 1188.00
34 63 1359.00
34 64 1359.00
34 65 1389.00
34 66 1389.00
34 67 3494.00
34 68 3494.00
34 69 3494.00
34 70 2843.00
34 71 2843.00
34 72 2843.00
34 73 2045.00
34 74 2045.00
34 75 2045.00
34 76 3774.00
34 77 3774.00
34 78 3774.00
34 79 3252.00
34 80 3252.00
34 81 3252.00
34 82 928.00
34 83 928.00
34 84 928.00
34 85 1979.00
34 86 1979.00
34 87 1979.00
34 88 3267.00
34 89 3267.00
34 90 1111.00
34 91 1111.00
34 92 1111.00
34 93 2380.00
34 94 2380.00
34 95 2380.00
35 36 0.00
35 37 1353.00
35 38 1353.00
35 39 1353.00
35 40 3381.00
35 41 3381.00
35 42 173.00
35 43 173.00
35 44 173.00
35 45 2687.00
35 46 2687.00
35 47 2687.00
35 48 1229.00
35 49 1229.00
35 50 1229.00
35 51 992.00
35 52 992.00
35 53 992.00
35 54 3315.00
35 55 3315.00
35 56 3315.00
35 57 1613.00
35 58 1613.00
35 59 1613.00
35 60 1188.00
35 61 1188.00
35 62 1188.00
35 63 1359.00
35 64 1359.00
35 65 1389.00
35 66 1389.00
35 67 3494.00
35 68 3494.00
35 69 3494.00
35 70 2843.00
35 71 2843.00
35 72 2843.00
35 73 2045.00
35 74 2045.00
35 75 2045.00
35 76 3774.00
35 77 3774.00
35 78 3774.00
35 79 3252.00
35 80 3252.00
35 81 3252.00
35 82 928.00
35 83 928.00
35 84 928.00
35 85 1979.00
35 86 1979.00
35 87 1979.00
35 88 3267.00
35 89 3267.00
35 90 1111.00
35 91 1111.00
35 92 1111.00
35 93 2380.00
35 94 2380.00
35 95 2380.00
36 37 1353.00
36 38 1353.00
36 39 1353.00
36 40 3381.00
36 41 3381.00
36 42 173.00
36 43 173.00
36 44 173.00
36 45 2687.00
36 46 2687.00
36 47 2687.00
36 48 1229.00
36 49 1229.00
36 50 1229.00
36 51 992.00
36 52 992.00
36 53 992.00
36 54 3315.00
36 55 3315.00
36 56 3315.00
36 57 1613.00
36 58 1613.00
36 59 1613.00
36 60 1188.00
36 61 1188.00
36 62 1188.00
36 63 1359.00
36 64 1359.00
36 65 1389.00
36 66 1389.00
36 67 3494.00
36 68 3494.00
36 69 3494.00
36 70 2843.00
36 71 2843.00
36 72 2843.00
36 73 2045.00
36 74 2045.00
36 75 2045.00
36 76 3774.00
36 77 3774.00
36 78 3774.00
36 79 3252.00
36 80 3252.00
36 81 3252.00
36 82 928.00
36 83 928.00
36 84 928.00
36 85 1979.00
36 86 1979.00
36 87 1979.00
36 88 3267.00
36 89 3267.00
36 90 1111.00
36 91 1111.00
36 92 1111.00
36 93 2380.00
36 94 2380.00
36 95 2380.00
37 38 0.00
37 39 0.00
37 40 2971.00
37 41 2971.00
37 42 1321.00
37 43 1321.00
37 44 1321.00
37 45 2511.00
37 46 2511.00
37 47 2511.00
37 48 959.00
37 49 959.00
37 50 959.00
37 51 1405.00
37 52 1405.00
37 53 1405.00
37 54 2559.00
37 55 2559.00
37 56 2559.00
37 57 635.00
37 58 635.00
37 59 635.00
37 60 256.00
37 61 256.00
37 62 256.00
37 63 892.00
37 64 892.00
37 65 752.00
37 66 752.00
37 67 2767.00
37 68 2767.00
37 69 2767.00
37 70 2420.00
37 71 2420.00
37 72 2420.00
37 73 1560.00
37 74 1560.00
37 75 1560.00
37 76 2914.00
37 77 2914.00
37 78 2914.00
37 79 2516.00
37 80 2516.00
37 81 2516.00
37 82 719.00
37 83 719.00
37 84 719.00
37 85 702.00
37 86 702.00
37 87 702.00
37 88 2888.00
37 89 2888.00
37 90 252.00
37 91 252.00
37 92 252.00
37 93 1764.00
37 94 1764.00
37 95 1764.00
38 39 0.00
38 40 2971.00
38 41 2971.00
38 42 1321.00
38 43 1321.00
38 44 1321.00
38 45 2511.00
38 46 2511.00
38 47 2511.00
38 48 959.00
38 49 959.00
38 50 959.00
38 51 1405.00
38 52 1405.00
38 53 1405.00
38 54 2559.00
38 55 2559.00
38 56 2559.00
38 57 635.00
38 58 635.00
38 59 635.00
38 60 256.00
38 61 256.00
38 62 256.00
38 63 892.00
38 64 892.00
38 65 752.00
38 66 752.00
38 67 2767.00
38 68 2767.00
38 69 2767.00
38 70 2420.00
38 71 2420.00
38 72 2420.00
38 73 1560.00
38 74 1560.00
38 75 1560.00
38 76 2914.00
38 77 2914.00
38 78 2914.00
38 79 2516.00
38 80 2516.00
38 81 2516.00
38 82 719.00
38 83 719.00
38 84 719.00
38 85 702.00
38 86 702.00
38 87 702.00
38 88 2888.00
38 89 2888.00
38 90 252.00
38 91 252.00
38 92 252.00
38 93 1764.00
38 94 1764.00
38 95 1764.00
39 40 2971.00
39 41 2971.00
39 42 1321.00
39 43 1321.00
39 44 1321.00
39 45 2511.00
39 46 2511.00
39 47 2511.00
39 48 959.00
39 49 959.00
39 50 959.00
39 51 1405.00
39 52 1405.00
39 53 1405.00
39 54 2559.00
39 55 2559.00
39 56 2559.00
39 57 635.00
39 58 635.00
39 59 635.00
39 60 256.00
39 61 256.00
39 62 256.00
39 63 892.00
39 64 892.00
39 65 752.00
39 66 752.00
39 67 2767.00
39 68 2767.00
39 69 2767.00
39 70 2420.00
39 71 2420.00
39 72 2420.00
39 73 1560.00
39 74 1560.00
39 75 1560.00
39 76 2914.00
39 77 2914.00
39 78 2914.00
39 79 2516.00
39 80 2516.00
39 81 2516.00
39 82 719.00
39 83 719.00
39 84 719.00
39 85 702.00
39 86 702.00
39 87 702.00
39 88 2888.00
39 89 2888.00
39 90 252.00
39 91 252.00
39 92 252.00
39 93 1764.00
39 94 1764.00
39 95 1764.00
40 41 0.00
40 42 3214.00
40 43 3214.00
40 44 3214.00
40 45 781.00
40 46 781.00
40 47 781.00
40 48 2242.00
40 49 2242.00
40 50 2242.00
40 51 2413.00
40 52 2413.00
40 53 2413.00
40 54 900.00
40 55 900.00
40 56 900.00
40 57 2342.00
40 58 2342.00
40 59 2342.00
40 60 2813.00
40 61 2813.00
40 62 2813.00
40 63 3844.00
40 64 3844.00
40 65 3718.00
40 66 3718.00
40 67 815.00
40 68 815.00
40 69 815.00
40 70 559.00
40 71 559.00
40 72 559.00
40 73 1433.00
40 74 1433.00
40 75 1433.00
40 76 1242.00
40 77 1242.00
40 78 1242.00
40 79 856.00
40 80 856.00
40 81 856.00
40 82 2629.00
40 83 2629.00
40 84 2629.00
40 85 2593.00
40 86 2593.00
40 87 2593.00
40 88 125.00
40 89 125.00
40 90 3067.00
40 91 3067.00
40 92 3067.00
40 93 1214.00
40 94 1214.00
40 95 1214.00
41 42 3214.00
41 43 3214.00
41 44 3214.00
41 45 781.00
41 46 781.00
41 47 781.00
41 48 2242.00
41 49 2242.00
41 50 2242.00
41 51 2413.00
41 52 2413.00
41 53 2413.00
41 54 900.00
41 55 900.00
41 56 900.00
41 57 2342.00
41 58 2342.00
41 59 2342.00
41 60 2813.00
41 61 2813.00
41 62 2813.00
41 63 3844.00
41 64 3844.00
41 65 3718.00
41 66 3718.00
41 67 815.00
41 68 815.00
41 69 815.00
41 70 559.00
41 71 559.00
41 72 559.00
41 73 1433.00
41 74 1433.00
41 75 1433.00
41 76 1242.00
41 77 1242.00
41 78 1242.00
41 79 856.00
41 80 856.00
41 81 856.00
41 82 2629.00
41 83 2629.00
41 84 2629.00
41 85 2593.00
41 86 2593.00
41 87 2593.00
41 88 125.00
41 89 125.00
41 90 3067.00
41 91 3067.00
41 92 3067.00
41 93 1214.00
41 94 1214.00
41 95 1214.00
42 43 0.00
42 44 0.00
42 45 2516.00
42 46 2516.00
42 47 2516.00
42 48 1087.00
42 49 1087.00
42 50 1087.00
42 51 819.00
42 52 819.00
42 53 819.00
42 54 3167.00
42 55 3167.00
42 56 3167.00
42 57 1516.00
42 58 1516.00
42 59 1516.00
42 60 1132.00
42 61 1132.00
42 62 1132.00
42 63 1439.00
42 64 1439.00
42 65 1451.00
42 66 1451.00
42 67 3343.00
42 68 3343.00
42 69 3343.00
42 70 2679.00
42 71 2679.00
42 72 2679.00
42 73 1891.00
42 74 1891.00
42 75 1891.00
42 76 3632.00
42 77 3632.00
42 78 3632.00
42 79 3102.00
42 80 3102.00
42 81 3102.00
42 82 817.00
42 83 817.00
42 84 817.00
42 85 1912.00
42 86 1912.00
42 87 1912.00
42 88 3099.00
42 89 3099.00
42 90 1092.00
42 91 1092.00
42 92 1092.00
42 93 2230.00
42 94 2230.00
42 95 2230.00
43 44 0.00
43 45 2516.00
43 46 2516.00
43 47 2516.00
43 48 1087.00
43 49 1087.00
43 50 1087.00
43 51 819.00
43 52 819.00
43 53 819.00
43 54 3167.00
43 55 3167.00
43 56 3167.00
43 57 1516.00
43 58 1516.00
43 59 1516.00
43 60 1132.00
43 61 1132.00
43 62 1132.00
43 63 1439.00
43 64 1439.00
43 65 1451.00
43 66 1451.00
43 67 3343.00
43 68 3343.00
43 69 3343.00
43 70 2679.00
43 71 2679.00
43 72 2679.00
43 73 1891.00
43 74 1891.00
43 75 1891.00
43 76 3632.00
43 77 3632.00
43 78 3632.00
43 79 3102.00
43 80 3102.00
43 81 3102.00
43 82 817.00
43 83 817.00
43 84 817.00
43 85 1912.00
43 86 1912.00
43 87 1912.00
43 88 3099.00
43 89 3099.00
43 90 1092.00
43 91 1092.00
43 92 1092.00
43 93 2230.00
43 94 2230.00
43 95 2230.00
44 45 2516.00
44 46 2516.00
44 47 2516.00
44 48 1087.00
44 49 1087.00
44 50 1087.00
44 51 819.00
44 52 819.00
44 53 819.00
44 54 3167.00
44 55 3167.00
44 56 3167.00
44 57 1516.00
44 58 1516.00
44 59 1516.00
44 60 1132.00
44 61 1132.00
44 62 1132.00
44 63 1439.00
44 64 1439.00
44 65 1451.00
44 66 1451.00
44 67 3343.00
44 68 3343.00
44 69 3343.00
44 70 2679.00
44 71 2679.00
44 72 2679.00
44 73 1891.00
44 74 1891.00
44 75 1891.00
44 76 3632.00
44 77 3632.00
44 78 3632.00
44 79 3102.00
44 80 3102.00
44 81 3102.00
44 82 817.00
44 83 817.00
44 84 817.00
44 85 1912.00
44 86 1912.00
44 87 1912.00
44 88 3099.00
44 89 3099.00
44 90 1092.00
44 91 1092.00
44 92 1092.00
44 93 2230.00
44 94 2230.00
44 95 2230.00
45 46 0.00
45 47 0.00
45 48 1650.00
45 49 1650.00
45 50 1650.00
45 51 1699.00
45 52 1699.00
45 53 1699.00
45 54 1311.00
45 55 1311.00
45 56 1311.00
45 57 1928.00
45 58 1928.00
45 59 1928.00
45 60 2311.00
45 61 2311.00
45 62 2311.00
45 63 3333.00
45 64 3333.00
45 65 3225.00
45 66 3225.00
45 67 1349.00
45 68 1349.00
45 69 1349.00
45 70 491.00
45 71 491.00
45 72 491.00
45 73 979.00
45 74 979.00
45 75 979.00
45 76 1790.00
45 77 1790.00
45 78 1790.00
45 79 1238.00
45 80 1238.00
45 81 1238.00
45 82 2035.00
45 83 2035.00
45 84 2035.00
45 85 2302.00
45 86 2302.00
45 87 2302.00
45 88 656.00
45 89 656.00
45 90 2554.00
45 91 2554.00
45 92 2554.00
45 93 961.00
45 94 961.00
45 95 961.00
46 47 0.00
46 48 1650.00
46 49 1650.00
46 50 1650.00
46 51 1699.00
46 52 1699.00
46 53 1699.00
46 54 1311.00
46 55 1311.00
46 56 1311.00
46 57 1928.00
46 58 1928.00
46 59 1928.00
46 60 2311.00
46 61 2311.00
46 62 2311.00
46 63 3333.00
46 64 3333.00
46 65 3225.00
46 66 3225.00
46 67 1349.00
46 68 1349.00
46 69 1349.00
46 70 491.00
46 71 491.00
46 72 491.00
46 73 979.00
46 74 979.00
46 75 979.00
46 76 1790.00
46 77 1790.00
46 78 1790.00
46 79 1238.00
46 80 1238.00
46 81 1238.00
46 82 2035.00
46 83 2035.00
46 84 2035.00
46 85 2302.00
46 86 2302.00
46 87 2302.00
46 88 656.00
46 89 656.00
46 90 2554.00
46 91 2554.00
46 92 2554.00
46 93 961.00
46 94 961.00
46 95 961.00
47 48 1650.00
47 49 1650.00
47 50 1650.00
47 51 1699.00
47 52 1699.00
47 53 1699.00
47 54 1311.00
47 55 1311.00
47 56 1311.00
47 57 1928.00
47 58 1928.00
47 59 1928.00
47 60 2311.00
47 61 2311.00
47 62 2311.00
47 63 3333.00
47 64 3333.00
47 65 3225.00
47 66 3225.00
47 67 1349.00
47 68 1349.00
47 69 1349.00
47 70 491.00
47 71 491.00
47 72 491.00
47 73 979.00
47 74 979.00
47 75 979.00
47 76 1790.00
47 77 1790.00
47 78 1790.00
47 79 1238.00
47 80 1238.00
47 81 1238.00
47 82 2035.00
47 83 2035.00
47 84 2035.00
47 85 2302.00
47 86 2302.00
47 87 2302.00
47 88 656.00
47 89 656.00
47 90 2554.00
47 91 2554.00
47 92 2554.00
47 93 961.00
47 94 961.00
47 95 961.00
48 49 0.00
48 50 0.00
48 51 592.00
48 52 592.00
48 53 592.00
48 54 2088.00
48 55 2088.00
48 56 2088.00
48 57 635.00
48 58 635.00
48 59 635.00
48 60 716.00
48 61 716.00
48 62 716.00
48 63 1695.00
48 64 1695.00
48 65 1601.00
48 66 1601.00
48 67 2271.00
48 68 2271.00
48 69 2271.00
48 70 1685.00
48 71 1685.00
48 72 1685.00
48 73 835.00
48 74 835.00
48 75 835.00
48 76 2546.00
48 77 2546.00
48 78 2546.00
48 79 2025.00
48 80 2025.00
48 81 2025.00
48 82 389.00
48 83 389.00
48 84 389.00
48 85 1145.00
48 86 1145.00
48 87 1145.00
48 88 2138.00
48 89 2138.00
48 90 932.00
48 91 932.00
48 92 932.00
48 93 1156.00
48 94 1156.00
48 95 1156.00
49 50 0.00
49 51 592.00
49 52 592.00
49 53 592.00
49 54 2088.00
49 55 2088.00
49 56 2088.00
49 57 635.00
49 58 635.00
49 59 635.00
49 60 716.00
49 61 716.00
49 62 716.00
49 63 1695.00
49 64 1695.00
49 65 1601.00
49 66 1601.00
49 67 2271.00
49 68 2271.00
49 69 2271.00
49 70 1685.00
49 71 1685.00
49 72 1685.00
49 73 835.00
49 74 835.00
49 75 835.00
49 76 2546.00
49 77 2546.00
49 78 2546.00
49 79 2025.00
49 80 2025.00
49 81 2025.00
49 82 389.00
49 83 389.00
49 84 389.00
49 85 1145.00
49 86 1145.00
49 87 1145.00
49 88 2138.00
49 89 2138.00
49 90 932.00
49 91 932.00
49 92 932.00
49 93 1156.00
49 94 1156.00
49 95 1156.00
50 51 592.00
50 52 592.00
50 53 592.00
50 54 2088.00
50 55 2088.00
50 56 2088.00
50 57 635.00
50 58 635.00
50 59 635.00
50 60 716.00
50 61 716.00
50 62 716.00
50 63 1695.00
50 64 1695.00
50 65 1601.00
50 66 1601.00
50 67 2271.00
50 68 2271.00
50 69 2271.00
50 70 1685.00
50 71 1685.00
50 72 1685.00
50 73 835.00
50 74 835.00
50 75 835.00
50 76 2546.00
50 77 2546.00
50 78 2546.00
50 79 2025.00
50 80 2025.00
50 81 2025.00
50 82 389.00
50 83 389.00
50 84 389.00
50 85 1145.00
50 86 1145.00
50 87 1145.00
50 88 2138.00
50 89 2138.00
50 90 932.00
50 91 932.00
50 92 932.00
50 93 1156.00
50 94 1156.00
50 95 1156.00
51 52 0.00
51 53 0.00
51 54 2464.00
51 55 2464.00
51 56 2464.00
51 57 1222.00
51 58 1222.00
51 59 1222.00
51 60 1149.00
51 61 1149.00
51 62 1149.00
51 63 1939.00
51 64 1939.00
51 65 1887.00
51 66 1887.00
51 67 2622.00
51 68 2622.00
51 69 2622.00
51 70 1893.00
51 71 1893.00
51 72 1893.00
51 73 1186.00
51 74 1186.00
51 75 1186.00
51 76 2954.00
51 77 2954.00
51 78 2954.00
51 79 2394.00
51 80 2394.00
51 81 2394.00
51 82 686.00
51 83 686.00
51 84 686.00
51 85 1725.00
51 86 1725.00
51 87 1725.00
51 88 2296.00
51 89 2296.00
51 90 1284.00
51 91 1284.00
51 92 1284.00
51 93 1535.00
51 94 1535.00
51 95 1535.00
52 53 0.00
52 54 2464.00
52 55 2464.00
52 56 2464.00
52 57 1222.00
52 58 1222.00
52 59 1222.00
52 60 1149.00
52 61 1149.00
52 62 1149.00
52 63 1939.00
52 64 1939.00
52 65 1887.00
52 66 1887.00
52 67 2622.00
52 68 2622.00
52 69 2622.00
52 70 1893.00
52 71 1893.00
52 72 1893.00
52 73 1186.00
52 74 1186.00
52 75 1186.00
52 76 2954.00
52 77 2954.00
52 78 2954.00
52 79 2394.00
52 80 2394.00
52 81 2394.00
52 82 686.00
52 83 686.00
52 84 686.00
52 85 1725.00
52 86 1725.00
52 87 1725.00
52 88 2296.00
52 89 2296.00
52 90 1284.00
52 91 1284.00
52 92 1284.00
52 93 1535.00
52 94 1535.00
52 95 1535.00
53 54 2464.00
53 55 2464.00
53 56 2464.00
53 57 1222.00
53 58 1222.00
53 59 1222.00
53 60 1149.00
53 61 1149.00
53 62 1149.00
53 63 1939.00
53 64 1939.00
53 65 1887.00
53 66 1887.00
53 67 2622.00
53 68 2622.00
53 69 2622.00
53 70 1893.00
53 71 1893.00
53 72 1893.00
53 73 1186.00
53 74 1186.00
53 75 1186.00
53 76 2954.00
53 77 2954.00
53 78 2954.00
53 79 2394.00
53 80 2394.00
53 81 2394.00
53 82 686.00
53 83 686.00
53 84 686.00
53 85 1725.00
53 86 1725.00
53 87 1725.00
53 88 2296.00
53 89 2296.00
53 90 1284.00
53 91 1284.00
53 92 1284.00
53 93 1535.00
53 94 1535.00
53 95 1535.00
54 55 0.00
54 56 0.00
54 57 1936.00
54 58 1936.00
54 59 1936.00
54 60 2468.00
54 61 2468.00
54 62 2468.00
54 63 3449.00
54 64 3449.00
54 65 3304.00
54 66 3304.00
54 67 212.00
54 68 212.00
54 69 212.00
54 70 821.00
54 71 821.00
54 72 821.00
54 73 1284.00
54 74 1284.00
54 75 1284.00
54 76 509.00
54 77 509.00
54 78 509.00
54 79 77.00
54 80 77.00
54 81 77.00
54 82 2434.00
54 83 2434.00
54 84 2434.00
54 85 2023.00
54 86 2023.00
54 87 2023.00
54 88 934.00
54 89 934.00
54 90 2717.00
54 91 2717.00
54 92 2717.00
54 93 938.00
54 94 938.00
54 95 938.00
55 56 0.00
55 57 1936.00
55 58 1936.00
55 59 1936.00
55 60 2468.00
55 61 2468.00
55 62 2468.00
55 63 3449.00
55 64 3449.00
55 65 3304.00
55 66 3304.00
55 67 212.00
55 68 212.00
55 69 212.00
55 70 821.00
55 71 821.00
55 72 821.00
55 73 1284.00
55 74 1284.00
55 75 1284.00
55 76 509.00
55 77 509.00
55 78 509.00
55 79 77.00
55 80 77.00
55 81 77.00
55 82 2434.00
55 83 2434.00
55 84 2434.00
55 85 2023.00
55 86 2023.00
55 87 2023.00
55 88 934.00
55 89 934.00
55 90 2717.00
55 91 2717.00
55 92 2717.00
55 93 938.00
55 94 938.00
55 95 938.00
56 57 1936.00
56 58 1936.00
56 59 1936.00
56 60 2468.00
56 61 2468.00
56 62 2468.00
56 63 3449.00
56 64 3449.00
56 65 3304.00
56 66 3304.00
56 67 212.00
56 68 212.00
56 69 212.00
56 70 821.00
56 71 821.00
56 72 821.00
56 73 1284.00
56 74 1284.00
56 75 1284.00
56 76 509.00
56 77 509.00
56 78 509.00
56 79 77.00
56 80 77.00
56 81 77.00
56 82 2434.00
56 83 2434.00
56 84 2434.00
56 85 2023.00
56 86 2023.00
56 87 2023.00
56 88 934.00
56 89 934.00
56 90 2717.00
56 91 2717.00
56 92 2717.00
56 93 938.00
56 94 938.00
56 95 938.00
57 58 0.00
57 59 0.00
57 60 539.00
57 61 539.00
57 62 539.00
57 63 1524.00
57 64 1524.00
57 65 1387.00
57 66 1387.00
57 67 2142.00
57 68 2142.00
57 69 2142.00
57 70 1796.00
57 71 1796.00
57 72 1796.00
57 73 954.00
57 74 954.00
57 75 954.00
57 76 2316.00
57 77 2316.00
57 78 2316.00
57 79 1890.00
57 80 1890.00
57 81 1890.00
57 82 703.00
57 83 703.00
57 84 703.00
57 85 512.00
57 86 512.00
57 87 512.00
57 88 2263.00
57 89 2263.00
57 90 782.00
57 91 782.00
57 92 782.00
57 93 1131.00
57 94 1131.00
57 95 1131.00
58 59 0.00
58 60 539.00
58 61 539.00
58 62 539.00
58 63 1524.00
58 64 1524.00
58 65 1387.00
58 66 1387.00
58 67 2142.00
58 68 2142.00
58 69 2142.00
58 70 1796.00
58 71 1796.00
58 72 1796.00
58 73 954.00
58 74 954.00
58 75 954.00
58 76 2316.00
58 77 2316.00
58 78 2316.00
58 79 1890.00
58 80 1890.00
58 81 1890.00
58 82 703.00
58 83 703.00
58 84 703.00
58 85 512.00
58 86 512.00
58 87 512.00
58 88 2263.00
58 89 2263.00
58 90 782.00
58 91 782.00
58 92 782.00
58 93 1131.00
58 94 1131.00
58 95 1131.00
59 60 539.00
59 61 539.00
59 62 539.00
59 63 1524.00
59 64 1524.00
59 65 1387.00
59 66 1387.00
59 67 2142.00
59 68 2142.00
59 69 2142.00
59 70 1796.00
59 71 1796.00
59 72 1796.00
59 73 954.00
59 74 954.00
59 75 954.00
59 76 2316.00
59 77 2316.00
59 78 2316.00
59 79 1890.00
59 80 1890.00
59 81 1890.00
59 82 703.00
59 83 703.00
59 84 703.00
59 85 512.00
59 86 512.00
59 87 512.00
59 88 2263.00
59 89 2263.00
59 90 782.00
59 91 782.00
59 92 782.00
59 93 1131.00
59 94 1131.00
59 95 1131.00
60 61 0.00
60 62 0.00
60 63 1033.00
60 64 1033.00
60 65 916.00
60 66 916.00
60 67 2672.00
60 68 2672.00
60 69 2672.00
60 70 2256.00
60 71 2256.00
60 72 2256.00
60 73 1384.00
60 74 1384.00
60 75 1384.00
60 76 2855.00
60 77 2855.00
60 78 2855.00
60 79 2419.00
60 80 2419.00
60 81 2419.00
60 82 465.00
60 83 465.00
60 84 465.00
60 85 794.00
60 86 794.00
60 87 794.00
60 88 2723.00
60 89 2723.00
60 90 255.00
60 91 255.00
60 92 255.00
60 93 1623.00
60 94 1623.00
60 95 1623.00
61 62 0.00
61 63 1033.00
61 64 1033.00
61 65 916.00
61 66 916.00
61 67 2672.00
61 68 2672.00
61 69 2672.00
61 70 2256.00
61 71 2256.00
61 72 2256.00
61 73 1384.00
61 74 1384.00
61 75 1384.00
61 76 2855.00
61 77 2855.00
61 78 2855.00
61 79 2419.00
61 80 2419.00
61 81 2419.00
61 82 465.00
61 83 465.00
61 84 465.00
61 85 794.00
61 86 794.00
61 87 794.00
61 88 2723.00
61 89 2723.00
61 90 255.00
61 91 255.00
61 92 255.00
61 93 1623.00
61 94 1623.00
61 95 1623.00
62 63 1033.00
62 64 1033.00
62 65 916.00
62 66 916.00
62 67 2672.00
62 68 2672.00
62 69 2672.00
62 70 2256.00
62 71 2256.00
62 72 2256.00
62 73 1384.00
62 74 1384.00
62 75 1384.00
62 76 2855.00
62 77 2855.00
62 78 2855.00
62 79 2419.00
62 80 2419.00
62 81 2419.00
62 82 465.00
62 83 465.00
62 84 465.00
62 85 794.00
62 86 794.00
62 87 794.00
62 88 2723.00
62 89 2723.00
62 90 255.00
62 91 255.00
62 92 255.00
62 93 1623.00
62 94 1623.00
62 95 1623.00
63 64 0.00
63 65 160.00
63 66 160.00
63 67 3658.00
63 68 3658.00
63 69 3658.00
63 70 3288.00
63 71 3288.00
63 72 3288.00
63 73 2417.00
63 74 2417.00
63 75 2417.00
63 76 3793.00
63 77 3793.00
63 78 3793.00
63 79 3407.00
63 80 3407.00
63 81 3407.00
63 82 1334.00
63 83 1334.00
63 84 1334.00
63 85 1507.00
63 86 1507.00
63 87 1507.00
63 88 3756.00
63 89 3756.00
63 90 781.00
63 91 781.00
63 92 781.00
63 93 2646.00
63 94 2646.00
63 95 2646.00
64 65 160.00
64 66 160.00
64 67 3658.00
64 68 3658.00
64 69 3658.00
64 70 3288.00
64 71 3288.00
64 72 3288.00
64 73 2417.00
64 74 2417.00
64 75 2417.00
64 76 3793.00
64 77 3793.00
64 78 3793.00
64 79 3407.00
64 80 3407.00
64 81 3407.00
64 82 1334.00
64 83 1334.00
64 84 1334.00
64 85 1507.00
64 86 1507.00
64 87 1507.00
64 88 3756.00
64 89 3756.00
64 90 781.00
64 91 781.00
64 92 781.00
64 93 2646.00
64 94 2646.00
64 95 2646.00
65 66 0.00
65 67 3514.00
65 68 3514.00
65 69 3514.00
65 70 3164.00
65 71 3164.00
65 72 3164.00
65 73 2296.00
65 74 2296.00
65 75 2296.00
65 76 3641.00
65 77 3641.00
65 78 3641.00
65 79 3263.00
65 80 3263.00
65 81 3263.00
65 82 1255.00
65 83 1255.00
65 84 1255.00
65 85 1350.00
65 86 1350.00
65 87 1350.00
65 88 3632.00
65 89 3632.00
65 90 672.00
65 91 672.00
65 92 672.00
65 93 2514.00
65 94 2514.00
65 95 2514.00
66 67 3514.00
66 68 3514.00
66 69 3514.00
66 70 3164.00
66 71 3164.00
66 72 3164.00
66 73 2296.00
66 74 2296.00
66 75 2296.00
66 76 3641.00
66 77 3641.00
66 78 3641.00
66 79 3263.00
66 80 3263.00
66 81 3263.00
66 82 1255.00
66 83 1255.00
66 84 1255.00
66 85 1350.00
66 86 1350.00
66 87 1350.00
66 88 3632.00
66 89 3632.00
66 90 672.00
66 91 672.00
66 92 672.00
66 93 2514.00
66 94 2514.00
66 95 2514.00
67 68 0.00
67 69 0.00
67 70 875.00
67 71 875.00
67 72 875.00
67 73 1453.00
67 74 1453.00
67 75 1453.00
67 76 447.00
67 77 447.00
67 78 447.00
67 79 253.00
67 80 253.00
67 81 253.00
67 82 2624.00
67 83 2624.00
67 84 2624.00
67 85 2235.00
67 86 2235.00
67 87 2235.00
67 88 876.00
67 89 876.00
67 90 2922.00
67 91 2922.00
67 92 2922.00
67 93 1115.00
67 94 1115.00
67 95 1115.00
68 69 0.00
68 70 875.00
68 71 875.00
68 72 875.00
68 73 1453.00
68 74 1453.00
68 75 1453.00
68 76 447.00
68 77 447.00
68 78 447.00
68 79 253.00
68 80 253.00
68 81 253.00
68 82 2624.00
68 83 2624.00
68 84 2624.00
68 85 2235.00
68 86 2235.00
68 87 2235.00
68 88 876.00
68 89 876.00
68 90 2922.00
68 91 2922.00
68 92 2922.00
68 93 1115.00
68 94 1115.00
68 95 1115.00
69 70 875.00
69 71 875.00
69 72 875.00
69 73 1453.00
69 74 1453.00
69 75 1453.00
69 76 447.00
69 77 447.00
69 78 447.00
69 79 253.00
69 80 253.00
69 81 253.00
69 82 2624.00
69 83 2624.00
69 84 2624.00
69 85 2235.00
69 86 2235.00
69 87 2235.00
69 88 876.00
69 89 876.00
69 90 2922.00
69 91 2922.00
69 92 2922.00
69 93 1115.00
69 94 1115.00
69 95 1115.00
70 71 0.00
70 72 0.00
70 73 874.00
70 74 874.00
70 75 874.00
70 76 1309.00
70 77 1309.00
70 78 1309.00
70 79 748.00
70 80 748.00
70 81 748.00
70 82 2071.00
70 83 2071.00
70 84 2071.00
70 85 2081.00
70 86 2081.00
70 87 2081.00
70 88 468.00
70 89 468.00
70 90 2510.00
70 91 2510.00
70 92 2510.00
70 93 683.00
70 94 683.00
70 95 683.00
71 72 0.00
71 73 874.00
71 74 874.00
71 75 874.00
71 76 1309.00
71 77 1309.00
71 78 1309.00
71 79 748.00
71 80 748.00
71 81 748.00
71 82 2071.00
71 83 2071.00
71 84 2071.00
71 85 2081.00
71 86 2081.00
71 87 2081.00
71 88 468.00
71 89 468.00
71 90 2510.00
71 91 2510.00
71 92 2510.00
71 93 683.00
71 94 683.00
71 95 683.00
72 73 874.00
72 74 874.00
72 75 874.00
72 76 1309.00
72 77 1309.00
72 78 1309.00
72 79 748.00
72 80 748.00
72 81 748.00
72 82 2071.00
72 83 2071.00
72 84 2071.00
72 85 2081.00
72 86 2081.00
72 87 2081.00
72 88 468.00
72 89 468.00
72 90 2510.00
72 91 2510.00
72 92 2510.00
72 93 683.00
72 94 683.00
72 95 683.00
73 74 0.00
73 75 0.00
73 76 1769.00
73 77 1769.00
73 78 1769.00
73 79 1216.00
73 80 1216.00
73 81 1216.00
73 82 1212.00
73 83 1212.00
73 84 1212.00
73 85 1330.00
73 86 1330.00
73 87 1330.00
73 88 1340.00
73 89 1340.00
73 90 1638.00
73 91 1638.00
73 92 1638.00
73 93 349.00
73 94 349.00
73 95 349.00
74 75 0.00
74 76 1769.00
74 77 1769.00
74 78 1769.00
74 79 1216.00
74 80 1216.00
74 81 1216.00
74 82 1212.00
74 83 1212.00
74 84 1212.00
74 85 1330.00
74 86 1330.00
74 87 1330.00
74 88 1340.00
74 89 1340.00
74 90 1638.00
74 91 1638.00
74 92 1638.00
74 93 349.00
74 94 349.00
74 95 349.00
75 76 1769.00
75 77 1769.00
75 78 1769.00
75 79 1216.00
75 80 1216.00
75 81 1216.00
75 82 1212.00
75 83 1212.00
75 84 1212.00
75 85 1330.00
75 86 1330.00
75 87 1330.00
75 88 1340.00
75 89 1340.00
75 90 1638.00
75 91 1638.00
75 92 1638.00
75 93 349.00
75 94 349.00
75 95 349.00
76 77 0.00
76 78 0.00
76 79 586.00
76 80 586.00
76 81 586.00
76 82 2873.00
76 83 2873.00
76 84 2873.00
76 85 2311.00
76 86 2311.00
76 87 2311.00
76 88 1314.00
76 89 1314.00
76 90 3096.00
76 91 3096.00
76 92 3096.00
76 93 1419.00
76 94 1419.00
76 95 1419.00
77 78 0.00
77 79 586.00
77 80 586.00
77 81 586.00
77 82 2873.00
77 83 2873.00
77 84 2873.00
77 85 2311.00
77 86 2311.00
77 87 2311.00
77 88 1314.00
77 89 1314.00
77 90 3096.00
77 91 3096.00
77 92 3096.00
77 93 1419.00
77 94 1419.00
77 95 1419.00
78 79 586.00
78 80 586.00
78 81 586.00
78 82 2873.00
78 83 2873.00
78 84 2873.00
78 85 2311.00
78 86 2311.00
78 87 2311.00
78 88 1314.00
78 89 1314.00
78 90 3096.00
78 91 3096.00
78 92 3096.00
78 93 1419.00
78 94 1419.00
78 95 1419.00
79 80 0.00
79 81 0.00
79 82 2375.00
79 83 2375.00
79 84 2375.00
79 85 1994.00
79 86 1994.00
79 87 1994.00
79 88 883.00
79 89 883.00
79 90 2670.00
79 91 2670.00
79 92 2670.00
79 93 872.00
79 94 872.00
79 95 872.00
80 81 0.00
80 82 2375.00
80 83 2375.00
80 84 2375.00
80 85 1994.00
80 86 1994.00
80 87 1994.00
80 88 883.00
80 89 883.00
80 90 2670.00
80 91 2670.00
80 92 2670.00
80 93 872.00
80 94 872.00
80 95 872.00
81 82 2375.00
81 83 2375.00
81 84 2375.00
81 85 1994.00
81 86 1994.00
81 87 1994.00
81 88 883.00
81 89 883.00
81 90 2670.00
81 91 2670.00
81 92 2670.00
81 93 872.00
81 94 872.00
81 95 872.00
82 83 0.00
82 84 0.00
82 85 1142.00
82 86 1142.00
82 87 1142.00
82 88 2527.00
82 89 2527.00
82 90 611.00
82 91 611.00
82 92 611.00
82 93 1517.00
82 94 1517.00
82 95 1517.00
83 84 0.00
83 85 1142.00
83 86 1142.00
83 87 1142.00
83 88 2527.00
83 89 2527.00
83 90 611.00
83 91 611.00
83 92 611.00
83 93 1517.00
83 94 1517.00
83 95 1517.00
84 85 1142.00
84 86 1142.00
84 87 1142.00
84 88 2527.00
84 89 2527.00
84 90 611.00
84 91 611.00
84 92 611.00
84 93 1517.00
84 94 1517.00
84 95 1517.00
85 86 0.00
85 87 0.00
85 88 2532.00
85 89 2532.00
85 90 945.00
85 91 945.00
85 92 945.00
85 93 1399.00
85 94 1399.00
85 95 1399.00
86 87 0.00
86 88 2532.00
86 89 2532.00
86 90 945.00
86 91 945.00
86 92 945.00
86 93 1399.00
86 94 1399.00
86 95 1399.00
87 88 2532.00
87 89 2532.00
87 90 945.00
87 91 945.00
87 92 945.00
87 93 1399.00
87 94 1399.00
87 95 1399.00
88 89 0.00
88 90 2977.00
88 91 2977.00
88 92 2977.00
88 93 1142.00
88 94 1142.00
88 95 1142.00
89 90 2977.00
89 91 2977.00
89 92 2977.00
89 93 1142.00
89 94 1142.00
89 95 1142.00
90 91 0.00
90 92 0.00
90 93 1878.00
90 94 1878.00
90 95 1878.00
91 92 0.00
91 93 1878.00
91 94 1878.00
91 95 1878.00
92 93 1878.00
92 94 1878.00
92 95 1878.00
93 94 0.00
93 95 0.00
94 95 0.00

25 0 0 0 0 0 1 0 0 0 0 0 1 0 0 1 0 1 1 1 0 0 0 0 0 1 0 0 0 1 1 1 0 0 0 0 1 0 0 0 0 0 0 0 0 0 0 0 0 0 1
26 0 0 0 0 0 1 0 0 0 0 0 1 0 0 1 0 1 1 1 0 0 0 0 0 1 0 0 0 1 1 1 0 0 0 0 1 0 0 0 0 0 0 0 0 0 0 0 0 0 1
27 0 0 0 0 0 1 0 0 0 0 0 1 0 0 1 0 1 1 1 0 0 0 0 0 1 0 0 0 1 1 1 0 0 0 0 1 0 0 0 0 0 0 0 0 0 0 0 0 0 1
28 0 0 0 0 0 0 1 1 0 1 1 0 0 0 0 0 0 0 0 0 1 1 0 1 0 0 0 0 0 0 0 0 0 1 0 0 0 0 0 1 0 0 0 1 1 0 0 1 0 0
29 0 0 0 0 0 0 1 1 0 1 1 0 0 0 0 0 0 0 0 0 1 1 0 1 0 0 0 0 0 0 0 0 0 1 0 0 0 0 0 1 0 0 0 1 1 0 0 1 0 0
30 0 0 0 0 0 0 1 1 0 1 1 0 0 0 0 0 0 0 0 0 1 1 0 1 0 0 0 0 0 0 0 0 0 1 0 0 0 0 0 1 0 0 0 1 1 0 0 1 0 0
31 0 0 0 0 0 0 0 0 1 0 0 0 0 0 0 0 0 0 0 0 0 0 1 0 0 1 0 0 0 0 0 0 0 0 1 0 0 0 0 0 1 0 1 0 1 0 1 1 1 0
32 0 0 0 0 0 0 0 0 1 0 0 0 0 0 0 0 0 0 0 0 0 0 1 0 0 1 0 0 0 0 0 0 0 0 1 0 0 0 0 0 1 0 1 0 1 0 1 1 1 0
33 0 0 0 0 0 0 0 0 1 0 0 0 0 0 0 0 0 0 0 0 0 0 1 0 0 1 0 0 0 0 0 0 0 0 1 0 0 0 0 0 1 0 1 0 1 0 1 1 1 0
34 0 0 0 0 0 0 0 0 1 0 0 0 0 0 0 0 0 0 0 0 1 0 0 0 0 1 0 0 0 0 0 0 0 0 1 0 0 0 0 1 1 0 1 0 1 0 1 1 1 0
35 0 0 0 0 0 0 0 0 1 0 0 0 0 0 0 0 0 0 0 0 1 0 0 0 0 1 0 0 0 0 0 0 0 0 1 0 0 0 0 1 1 0 1 0 1 0 1 1 1 0
36 0 0 0 0 0 0 0 0 1 0 0 0 0 0 0 0 0 0 0 0 1 0 0 0 0 1 0 0 0 0 0 0 0 0 1 0 0 0 0 1 1 0 1 0 1 0 1 1 1 0
37 0 0 0 0 0 1 0 0 0 0 0 1 0 0 1 0 0 1 1 0 0 1 0 0 1 0 0 0 1 1 1 0 0 0 0 1 0 0 0 1 0 0 0 0 0 0 0 0 0 1
38 0 0 0 0 0 1 0 0 0 0 0 1 0 0 1 0 0 1 1 0 0 1 0 0 1 0 0 0 1 1 1 0 0 0 0 1 0 0 0 1 0 0 0 0 0 0 0 0 0 1
39 0 0 0 0 0 1 0 0 0 0 0 1 0 0 1 0 0 1 1 0 0 1 0 0 1 0 0 0 1 1 1 0 0 0 0 1 0 0 0 1 0 0 0 0 0 0 0 0 0 1
40 1 0 0 0 0 0 0 0 0 0 0 0 1 1 0 0 0 0 0 0 0 0 0 0 0 0 0 1 0 0 0 1 0 0 0 0 0 0 0 0 0 0 0 0 0 0 0 0 0 0
41 1 0 0 0 0 0 0 0 0 0 0 0 1 1 0 0 0 0 0 0 0 0 0 0 0 0 0 1 0 0 0 1 0 0 0 0 0 0 0 0 0 0 0 0 0 0 0 0 0 0
42 0 0 0 0 0 0 0 0 1 0 0 0 0 0 0 0 0 0 0 0 1 0 0 0 0 1 0 0 0 0 0 0 0 0 0 0 0 0 0 1 1 0 1 0 1 0 1 1 1 0
43 0 0 0 0 0 0 0 0 1 0 0 0 0 0 0 0 0 0 0 0 1 0 0 0 0 1 0 0 0 0 0 0 0 0 0 0 0 0 0 1 1 0 1 0 1 0 1 1 1 0
44 0 0 0 0 0 0 0 0 1 0 0 0 0 0 0 0 0 0 0 0 1 0 0 0 0 1 0 0 0 0 0 0 0 0 0 0 0 0 0 1 1 0 1 0 1 0 1 1 1 0
45 1 0 0 0 0 0 0 0 0 0 0 0 1 1 0 0 0 0 0 0 0 0 0 0 0 0 0 0 0 0 0 1 1 0 0 0 1 0 1 0 0 0 0 0 0 0 0 0 0 0
46 1 0 0 0 0 0 0 0 0 0 0 0 1 1 0 0 0 0 0 0 0 0 0 0 0 0 0 0 0 0 0 1 1 0 0 0 1 0 1 0 0 0 0 0 0 0 0 0 0 0
47 1 0 0 0 0 0 0 0 0 0 0 0 1 1 0 0 0 0 0 0 0 0 0 0 0 0 0 0 0 0 0 1 1 0 0 0 1 0 1 0 0 0 0 0 0 0 0 0 0 0
48 0 1 0 1 0 0 1 1 0 1 1 0 0 0 0 0 0 0 0 0 1 1 0 1 0 0 0 0 0 1 0 0 0 1 0 0 0 0 0 1 0 0 0 1 0 0 0 0 0 0
49 0 1 0 1 0 0 1 1 0 1 1 0 0 0 0 0 0 0 0 0 1 1 0 1 0 0 0 0 0 1 0 0 0 1 0 0 0 0 0 1 0 0 0 1 0 0 0 0 0 0
50 0 1 0 1 0 0 1 1 0 1 1 0 0 0 0 0 0 0 0 0 1 1 0 1 0 0 0 0 0 1 0 0 0 1 0 0 0 0 0 1 0 0 0 1 0 0 0 0 0 0
51 0 0 0 0 0 0 1 0 0 1 1 0 0 0 0 1 0 0 0 0 1 0 0 1 0 0 0 0 0 0 0 0 0 1 0 0 0 0 0 0 0 0 0 1 0 0 0 1 0 0
52 0 0 0 0 0 0 1 0 0 1 1 0 0 0 0 1 0 0 0 0 1 0 0 1 0 0 0 0 0 0 0 0 0 1 0 0 0 0 0 0 0 0 0 1 0 0 0 1 0 0
53 0 0 0 0 0 0 1 0 0 1 1 0 0 0 0 1 0 0 0 0 1 0 0 1 0 0 0 0 0 0 0 0 0 1 0 0 0 0 0 0 0 0 0 1 0 0 0 1 0 0
54 0 0 0 0 0 0 0 0 0 0 0 0 1 0 0 0 0 0 0 0 0 0 0 0 0 0 1 1 0 0 0 0 0 0 0 0 0 0 0 0 0 1 0 0 0 1 0 0 0 0
55 0 0 0 0 0 0 0 0 0 0 0 0 1 0 0 0 0 0 0 0 0 0 0 0 0 0 1 1 0 0 0 0 0 0 0 0 0 0 0 0 0 1 0 0 0 1 0 0 0 0
56 0 0 0 0 0 0 0 0 0 0 0 0 1 0 0 0 0 0 0 0 0 0 0 0 0 0 1 1 0 0 0 0 0 0 0 0 0 0 0 0 0 1 0 0 0 1 0 0 0 0
57 0 1 0 1 0 0 1 1 0 0 0 0 0 0 1 0 0 0 0 0 0 1 0 0 1 0 0 0 1 1 1 0 0 1 0 1 0 1 0 0 0 0 0 0 0 0 0 0 0 0
58 0 1 0 1 0 0 1 1 0 0 0 0 0 0 1 0 0 0 0 0 0 1 0 0 1 0 0 0 1 1 1 0 0 1 0 1 0 1 0 0 0 0 0 0 0 0 0 0 0 0
59 0 1 0 1 0 0 1 1 0 0 0 0 0 0 1 0 0 0 0 0 0 1 0 0 1 0 0 0 1 1 1 0 0 1 0 1 0 1 0 0 0 0 0 0 0 0 0 0 0 0
60 0 0 0 0 0 1 0 0 0 0 0 1 0 0 1 0 0 1 1 0 1 1 0 0 1 0 0 0 1 1 1 0 0 0 0 1 0 0 0 1 0 0 0 0 1 0 0 0 0 1
61 0 0 0 0 0 1 0 0 0 0 0 1 0 0 1 0 0 1 1 0 1 1 0 0 1 0 0 0 1 1 1 0 0 0 0 1 0 0 0 1 0 0 0 0 1 0 0 0 0 1
62 0 0 0 0 0 1 0 0 0 0 0 1 0 0 1 0 0 1 1 0 1 1 0 0 1 0 0 0 1 1 1 0 0 0 0 1 0 0 0 1 0 0 0 0 1 0 0 0 0 1
63 0 0 1 0 0 0 0 0 0 0 0 1 0 0 0 0 1 1 1 1 0 0 1 0 0 0 0 0 0 0 0 0 0 0 1 1 0 0 0 0 0 0 0 0 0 0 0 0 0 0
64 0 0 1 0 0 0 0 0 0 0 0 1 0 0 0 0 1 1 1 1 0 0 1 0 0 0 0 0 0 0 0 0 0 0 1 1 0 0 0 0 0 0 0 0 0 0 0 0 0 0
65 0 0 1 0 0 1 0 0 0 0 0 1 0 0 0 0 1 1 1 1 0 0 1 0 1 0 0 0 0 0 0 0 0 0 1 1 0 0 0 0 0 0 0 0 0 0 0 0 0 1
66 0 0 1 0 0 1 0 0 0 0 0 1 0 0 0 0 1 1 1 1 0 0 1 0 1 0 0 0 0 0 0 0 0 0 1 1 0 0 0 0 0 0 0 0 0 0 0 0 0 1
67 0 0 0 0 0 0 0 0 0 0 0 0 1 0 0 0 0 0 0 0 0 0 0 0 0 0 1 1 0 0 0 0 0 0 0 0 0 0 0 0 0 1 0 0 0 1 0 0 0 0
68 0 0 0 0 0 0 0 0 0 0 0 0 1 0 0 0 0 0 0 0 0 0 0 0 0 0 1 1 0 0 0 0 0 0 0 0 0 0 0 0 0 1 0 0 0 1 0 0 0 0
69 0 0 0 0 0 0 0 0 0 0 0 0 1 0 0 0 0 0 0 0 0 0 0 0 0 0 1 1 0 0 0 0 0 0 0 0 0 0 0 0 0 1 0 0 0 1 0 0 0 0
70 0 0 0 0 0 0 0 0 0 0 0 0 1 1 0 0 0 0 0 0 0 0 0 0 0 0 1 1 0 0 0 1 1 0 0 0 0 0 1 0 0 0 0 0 0 0 0 0 0 0
71 0 0 0 0 0 0 0 0 0 0 0 0 1 1 0 0 0 0 0 0 0 0 0 0 0 0 1 1 0 0 0 1 1 0 0 0 0 0 1 0 0 0 0 0 0 0 0 0 0 0
72 0 0 0 0 0 0 0 0 0 0 0 0 1 1 0 0 0 0 0 0 0 0 0 0 0 0 1 1 0 0 0 1 1 0 0 0 0 0 1 0 0 0 0 0 0 0 0 0 0 0
73 0 1 0 1 1 0 1 1 0 1 0 0 0 1 0 1 0 0 0 0 0 0 0 1 0 0 1 0 0 0 0 0 1 1 0 0 1 1 1 0 0 0 0 0 0 0 0 0 0 0
74 0 1 0 1 1 0 1 1 0 1 0 0 0 1 0 1 0 0 0 0 0 0 0 1 0 0 1 0 0 0 0 0 1 1 0 0 1 1 1 0 0 0 0 0 0 0 0 0 0 0
75 0 1 0 1 1 0 1 1 0 1 0 0 0 1 0 1 0 0 0 0 0 0 0 1 0 0 1 0 0 0 0 0 1 1 0 0 1 1 1 0 0 0 0 0 0 0 0 0 0 0
76 0 0 0 0 0 0 0 0 0 0 0 0 0 0 0 0 0 0 0 0 0 0 0 0 0 0 0 0 0 0 0 0 0 0 0 0 0 0 0 0 0 1 0 0 0 1 0 0 0 0
77 0 0 0 0 0 0 0 0 0 0 0 0 0 0 0 0 0 0 0 0 0 0 0 0 0 0 0 0 0 0 0 0 0 0 0 0 0 0 0 0 0 1 0 0 0 1 0 0 0 0
78 0 0 0 0 0 0 0 0 0 0 0 0 0 0 0 0 0 0 0 0 0 0 0 0 0 0 0 0 0 0 0 0 0 0 0 0 0 0 0 0 0 1 0 0 0 1 0 0 0 0
79 0 0 0 0 0 0 0 0 0 0 0 0 1 0 0 0 0 0 0 0 0 0 0 0 0 0 1 1 0 0 0 0 0 0 0 0 0 0 0 0 0 1 0 0 0 1 0 0 0 0
80 0 0 0 0 0 0 0 0 0 0 0 0 1 0 0 0 0 0 0 0 0 0 0 0 0 0 1 1 0 0 0 0 0 0 0 0 0 0 0 0 0 1 0 0 0 1 0 0 0 0
81 0 0 0 0 0 0 0 0 0 0 0 0 1 0 0 0 0 0 0 0 0 0 0 0 0 0 1 1 0 0 0 0 0 0 0 0 0 0 0 0 0 1 0 0 0 1 0 0 0 0
82 0 0 0 0 0 0 1 1 0 0 1 0 0 0 0 0 0 1 0 0 1 1 0 0 1 0 0 0 0 1 0 0 0 1 0 1 0 0 0 1 0 0 0 1 1 0 0 1 0 0
83 0 0 0 0 0 0 1 1 0 0 1 0 0 0 0 0 0 1 0 0 1 1 0 0 1 0 0 0 0 1 0 0 0 1 0 1 0 0 0 1 0 0 0 1 1 0 0 1 0 0
84 0 0 0 0 0 0 1 1 0 0 1 0 0 0 0 0 0 1 0 0 1 1 0 0 1 0 0 0 0 1 0 0 0 1 0 1 0 0 0 1 0 0 0 1 1 0 0 1 0 0
85 0 0 0 0 0 1 0 0 0 0 0 0 0 0 1 0 0 0 1 0 0 1 0 0 1 0 0 0 1 1 1 0 0 0 0 0 0 1 0 0 0 0 0 0 0 0 0 0 0 1
86 0 0 0 0 0 1 0 0 0 0 0 0 0 0 1 0 0 0 1 0 0 1 0 0 1 0 0 0 1 1 1 0 0 0 0 0 0 1 0 0 0 0 0 0 0 0 0 0 0 1
87 0 0 0 0 0 1 0 0 0 0 0 0 0 0 1 0 0 0 1 0 0 1 0 0 1 0 0 0 1 1 1 0 0 0 0 0 0 1 0 0 0 0 0 0 0 0 0 0 0 1
88 1 0 0 0 0 0 0 0 0 0 0 0 1 1 0 0 0 0 0 0 0 0 0 0 0 0 0 1 0 0 0 1 0 0 0 0 0 0 0 0 0 0 0 0 0 0 0 0 0 0
89 1 0 0 0 0 0 0 0 0 0 0 0 1 1 0 0 0 0 0 0 0 0 0 0 0 0 0 1 0 0 0 1 0 0 0 0 0 0 0 0 0 0 0 0 0 0 0 0 0 0
90 0 0 1 0 0 1 0 0 0 0 0 1 0 0 1 0 0 1 1 0 0 1 0 0 1 0 0 0 1 1 0 0 0 0 0 1 0 0 0 1 0 0 0 0 1 0 0 0 0 1
91 0 0 1 0 0 1 0 0 0 0 0 1 0 0 1 0 0 1 1 0 0 1 0 0 1 0 0 0 1 1 0 0 0 0 0 1 0 0 0 1 0 0 0 0 1 0 0 0 0 1
92 0 0 1 0 0 1 0 0 0 0 0 1 0 0 1 0 0 1 1 0 0 1 0 0 1 0 0 0 1 1 0 0 0 0 0 1 0 0 0 1 0 0 0 0 1 0 0 0 0 1
93 0 1 0 1 1 0 0 1 0 1 0 0 0 1 0 0 0 0 0 0 0 0 0 0 0 0 1 1 0 0 0 0 1 0 0 0 1 1 1 0 0 0 0 0 0 0 0 0 0 0
94 0 1 0 1 1 0 0 1 0 1 0 0 0 1 0 0 0 0 0 0 0 0 0 0 0 0 1 1 0 0 0 0 1 0 0 0 1 1 1 0 0 0 0 0 0 0 0 0 0 0
95 0 1 0 1 1 0 0 1 0 1 0 0 0 1 0 0 0 0 0 0 0 0 0 0 0 0 1 1 0 0 0 0 1 0 0 0 1 1 1 0 0 0 0 0 0 0 0 0 0 0
1 3 2 2 1 2 1 1 3 3 1 1 1 2 2 1 2 2 2 1 3 2 1 2 2 1 2 1 3 3 3 2 3 2 2 2 2 1 2 2 1 1 3 3 3 3 3 3 3 2