D1-25-50-50-5-250.ctp
68 50 25 5 6442.00
0 1 2793.00
0 2 2097.00
0 3 1655.00
0 4 2251.00
0 5 2118.00
0 6 1515.00
0 7 685.00
0 8 2586.00
0 9 2736.00
0 10 590.00
0 11 2971.00
0 12 365.00
0 13 2003.00
0 14 1023.00
0 15 1433.00
0 16 636.00
0 17 2104.00
0 18 2630.00
0 19 2440.00
0 20 2939.00
0 21 1327.00
0 22 854.00
0 23 407.00
0 24 2415.00
0 25 2869.00
0 26 2869.00
0 27 350.00
0 28 350.00
0 29 350.00
0 30 3096.00
0 31 3096.00
0 32 1783.00
0 33 1783.00
0 34 2741.00
0 35 2741.00
0 36 1832.00
0 37 1832.00
0 38 1832.00
0 39 561.00
0 40 561.00
0 41 2057.00
0 42 2057.00
0 43 2057.00
0 44 360.00
0 45 360.00
0 46 360.00
0 47 2460.00
0 48 2460.00
0 49 2460.00
0 50 1681.00
0 51 1681.00
0 52 1681.00
0 53 2535.00
0 54 2535.00
0 55 2535.00
0 56 521.00
0 57 521.00
0 58 521.00
0 59 1183.00
0 60 1183.00
0 61 1183.00
0 62 2094.00
0 63 2094.00
0 64 2094.00
0 65 660.00
0 66 660.00
0 67 660.00
0 68 1005.00
0 69 1005.00
0 70 1005.00
0 71 1500.00
0 72 1500.00
0 73 1500.00
0 74 1796.00
0 75 1796.00
0 76 1796.00
0 77 2035.00
0 78 2035.00
0 79 2035.00
0 80 875.00
0 81 875.00
0 82 875.00
0 83 2858.00
0 84 2858.00
0 85 2858.00
0 86 2950.00
0 87 2950.00
0 88 980.00
0 89 980.00
0 90 93.00
0 91 93.00
0 92 93.00
1 2 993.00
1 3 1157.00
1 4 725.00
1 5 1114.00
1 6 3132.00
1 7 2871.00
1 8 956.00
1 9 1101.00
1 10 3275.00
1 11 1788.00
1 12 2456.00
1 13 2059.00
1 14 1921.00
1 15 1674.00
1 16 3406.00
1 17 1323.00
1 18 195.00
1 19 1197.00
1 20 1395.00
1 21 3844.00
1 22 3235.00
1 23 2398.00
1 24 1224.00
1 25 837.00
1 26 837.00
1 27 2459.00
1 28 2459.00
1 29 2459.00
1 30 1722.00
1 31 1722.00
1 32 3937.00
1 33 3937.00
1 34 207.00
1 35 207.00
1 36 2444.00
1 37 2444.00
1 38 2444.00
1 39 3338.00
1 40 3338.00
1 41 2143.00
1 42 2143.00
1 43 2143.00
1 44 2818.00
1 45 2818.00
1 46 2818.00
1 47 403.00
1 48 403.00
1 49 403.00
1 50 3583.00
1 51 3583.00
1 52 3583.00
1 53 260.00
1 54 260.00
1 55 260.00
1 56 2910.00
1 57 2910.00
1 58 2910.00
1 59 1641.00
1 60 1641.00
1 61 1641.00
1 62 1096.00
1 63 1096.00
1 64 1096.00
1 65 2151.00
1 66 2151.00
1 67 2151.00
1 68 3447.00
1 69 3447.00
1 70 3447.00
1 71 1372.00
1 72 1372.00
1 73 1372.00
1 74 1012.00
1 75 1012.00
1 76 1012.00
1 77 2302.00
1 78 2302.00
1 79 2302.00
1 80 2682.00
1 81 2682.00
1 82 2682.00
1 83 1560.00
1 84 1560.00
1 85 1560.00
1 86 202.00
1 87 202.00
1 88 3746.00
1 89 3746.00
1 90 2862.00
1 91 2862.00
1 92 2862.00
2 3 572.00
2 4 268.00
2 5 156.00
2 6 2156.00
2 7 2004.00
2 8 506.00
2 9 688.00
2 10 2480.00
2 11 1206.00
2 12 1823.00
2 13 1085.00
2 14 1097.00
2 15 748.00
2 16 2648.00
2 17 371.00
2 18 798.00
2 19 479.00
2 20 972.00
2 21 2960.00
2 22 2360.00
2 23 1691.00
2 24 478.00
2 25 772.00
2 26 772.00
2 27 1747.00
2 28 1747.00
2 29 1747.00
2 30 1243.00
2 31 1243.00
2 32 2983.00
2 33 2983.00
2 34 1083.00
2 35 1083.00
2 36 1454.00
2 37 1454.00
2 38 1454.00
2 39 2657.00
2 40 2657.00
2 41 1175.00
2 42 1175.00
2 43 1175.00
2 44 2024.00
2 45 2024.00
2 46 2024.00
2 47 930.00
2 48 930.00
2 49 930.00
2 50 2614.00
2 51 2614.00
2 52 2614.00
2 53 780.00
2 54 780.00
2 55 780.00
2 56 2080.00
2 57 2080.00
2 58 2080.00
2 59 933.00
2 60 933.00
2 61 933.00
2 62 121.00
2 63 121.00
2 64 121.00
2 65 1441.00
2 66 1441.00
2 67 1441.00
2 68 2568.00
2 69 2568.00
2 70 2568.00
2 71 610.00
2 72 610.00
2 73 610.00
2 74 513.00
2 75 513.00
2 76 513.00
2 77 1327.00
2 78 1327.00
2 79 1327.00
2 80 1777.00
2 81 1777.00
2 82 1777.00
2 83 1000.00
2 84 1000.00
2 85 1000.00
2 86 1052.00
2 87 1052.00
2 88 2970.00
2 89 2970.00
2 90 2145.00
2 91 2145.00
2 92 2145.00
3 4 623.00
3 5 682.00
3 6 2091.00
3 7 1723.00
3 8 1065.00
3 9 1256.00
3 10 2118.00
3 11 1754.00
3 12 1340.00
3 13 1344.00
3 14 776.00
3 15 643.00
3 16 2255.00
3 17 823.00
3 18 982.00
3 19 1042.00
3 20 1543.00
3 21 2696.00
3 22 2087.00
3 23 1252.00
3 24 1036.00
3 25 1288.00
3 26 1288.00
3 27 1313.00
3 28 1313.00
3 29 1313.00
3 30 1807.00
3 31 1807.00
3 32 2840.00
3 33 2840.00
3 34 1144.00
3 35 1144.00
3 36 1589.00
3 37 1589.00
3 38 1589.00
3 39 2210.00
3 40 2210.00
3 41 1441.00
3 42 1441.00
3 43 1441.00
3 44 1661.00
3 45 1661.00
3 46 1661.00
3 47 886.00
3 48 886.00
3 49 886.00
3 50 2518.00
3 51 2518.00
3 52 2518.00
3 53 897.00
3 54 897.00
3 55 897.00
3 56 1754.00
3 57 1754.00
3 58 1754.00
3 59 484.00
3 60 484.00
3 61 484.00
3 62 642.00
3 63 642.00
3 64 642.00
3 65 1001.00
3 66 1001.00
3 67 1001.00
3 68 2299.00
3 69 2299.00
3 70 2299.00
3 71 252.00
3 72 252.00
3 73 252.00
3 74 145.00
3 75 145.00
3 76 145.00
3 77 1558.00
3 78 1558.00
3 79 1558.00
3 80 1557.00
3 81 1557.00
3 82 1557.00
3 83 1560.00
3 84 1560.00
3 85 1560.00
3 86 1300.00
3 87 1300.00
3 88 2592.00
3 89 2592.00
3 90 1718.00
3 91 1718.00
3 92 1718.00
4 5 402.00
4 6 2415.00
4 7 2219.00
4 8 504.00
4 9 707.00
4 10 2671.00
4 11 1329.00
4 12 1952.00
4 13 1348.00
4 14 1286.00
4 15 978.00
4 16 2827.00
4 17 620.00
4 18 531.00
4 19 612.00
4 20 1025.00
4 21 3184.00
4 22 2579.00
4 23 1844.00
4 24 626.00
4 25 671.00
4 26 671.00
4 27 1902.00
4 28 1902.00
4 29 1902.00
4 30 1331.00
4 31 1331.00
4 32 3233.00
4 33 3233.00
4 34 818.00
4 35 818.00
4 36 1721.00
4 37 1721.00
4 38 1721.00
4 39 2810.00
4 40 2810.00
4 41 1437.00
4 42 1437.00
4 43 1437.00
4 44 2212.00
4 45 2212.00
4 46 2212.00
4 47 686.00
4 48 686.00
4 49 686.00
4 50 2870.00
4 51 2870.00
4 52 2870.00
4 53 515.00
4 54 515.00
4 55 515.00
4 56 2282.00
4 57 2282.00
4 58 2282.00
4 59 1069.00
4 60 1069.00
4 61 1069.00
4 62 378.00
4 63 378.00
4 64 378.00
4 65 1591.00
4 66 1591.00
4 67 1591.00
4 68 2789.00
4 69 2789.00
4 70 2789.00
4 71 753.00
4 72 753.00
4 73 753.00
4 74 509.00
4 75 509.00
4 76 509.00
4 77 1591.00
4 78 1591.00
4 79 1591.00
4 80 2006.00
4 81 2006.00
4 82 2006.00
4 83 1106.00
4 84 1106.00
4 85 1106.00
4 86 796.00
4 87 796.00
4 88 3157.00
4 89 3157.00
4 90 2306.00
4 91 2306.00
4 92 2306.00
5 6 2069.00
5 7 1974.00
5 8 470.00
5 9 623.00
5 10 2470.00
5 11 1074.00
5 12 1864.00
5 13 948.00
5 14 1102.00
5 15 720.00
5 16 2647.00
5 17 219.00
5 18 923.00
5 19 364.00
5 20 875.00
5 21 2917.00
5 22 2323.00
5 23 1717.00
5 24 354.00
5 25 771.00
5 26 771.00
5 27 1769.00
5 28 1769.00
5 29 1769.00
5 30 1126.00
5 31 1126.00
5 32 2907.00
5 33 2907.00
5 34 1219.00
5 35 1219.00
5 36 1333.00
5 37 1333.00
5 38 1333.00
5 39 2676.00
5 40 2676.00
5 41 1035.00
5 42 1035.00
5 43 1035.00
5 44 2020.00
5 45 2020.00
5 46 2020.00
5 47 1080.00
5 48 1080.00
5 49 1080.00
5 50 2530.00
5 51 2530.00
5 52 2530.00
5 53 917.00
5 54 917.00
5 55 917.00
5 56 2063.00
5 57 2063.00
5 58 2063.00
5 59 984.00
5 60 984.00
5 61 984.00
5 62 41.00
5 63 41.00
5 64 41.00
5 65 1472.00
5 66 1472.00
5 67 1472.00
5 68 2528.00
5 69 2528.00
5 70 2528.00
5 71 668.00
5 72 668.00
5 73 668.00
5 74 646.00
5 75 646.00
5 76 646.00
5 77 1190.00
5 78 1190.00
5 79 1190.00
5 80 1734.00
5 81 1734.00
5 82 1734.00
5 83 878.00
5 84 878.00
5 85 878.00
5 86 1154.00
5 87 1154.00
5 88 2962.00
5 89 2962.00
5 90 2160.00
5 91 2160.00
5 92 2160.00
6 7 830.00
6 8 2461.00
6 9 2508.00
6 10 1255.00
6 11 2365.00
6 12 1671.00
6 13 1305.00
6 14 1383.00
6 15 1472.00
6 16 1480.00
6 17 1909.00
6 18 2937.00
6 19 2205.00
6 20 2546.00
6 21 1138.00
6 22 833.00
6 23 1466.00
6 24 2170.00
6 25 2778.00
6 26 2778.00
6 27 1442.00
6 28 1442.00
6 29 1442.00
6 30 2538.00
6 31 2538.00
6 32 863.00
6 33 863.00
6 34 3182.00
6 35 3182.00
6 36 879.00
6 37 879.00
6 38 879.00
6 39 1761.00
6 40 1761.00
6 41 1282.00
6 42 1282.00
6 43 1282.00
6 44 1155.00
6 45 1155.00
6 46 1155.00
6 47 2955.00
6 48 2955.00
6 49 2955.00
6 50 463.00
6 51 463.00
6 52 463.00
6 53 2892.00
6 54 2892.00
6 55 2892.00
6 56 1005.00
6 57 1005.00
6 58 1005.00
6 59 1718.00
6 60 1718.00
6 61 1718.00
6 62 2073.00
6 63 2073.00
6 64 2073.00
6 65 1505.00
6 66 1505.00
6 67 1505.00
6 68 901.00
6 69 901.00
6 70 901.00
6 71 1840.00
6 72 1840.00
6 73 1840.00
6 74 2216.00
6 75 2216.00
6 76 2216.00
6 77 1147.00
6 78 1147.00
6 79 1147.00
6 80 701.00
6 81 701.00
6 82 701.00
6 83 2372.00
6 84 2372.00
6 85 2372.00
6 86 3208.00
6 87 3208.00
6 88 1596.00
6 89 1596.00
6 90 1454.00
6 91 1454.00
6 92 1454.00
7 8 2433.00
7 9 2543.00
7 10 564.00
7 11 2623.00
7 12 883.00
7 13 1564.00
7 14 950.00
7 15 1257.00
7 16 789.00
7 17 1889.00
7 18 2686.00
7 19 2229.00
7 20 2680.00
7 21 974.00
7 22 364.00
7 23 713.00
7 24 2198.00
7 25 2744.00
7 26 2744.00
7 27 672.00
7 28 672.00
7 29 672.00
7 30 2773.00
7 31 2773.00
7 32 1217.00
7 33 1217.00
7 34 2867.00
7 35 2867.00
7 36 1285.00
7 37 1285.00
7 38 1285.00
7 39 994.00
7 40 994.00
7 41 1593.00
7 42 1593.00
7 43 1593.00
7 44 325.00
7 45 325.00
7 46 325.00
7 47 2604.00
7 48 2604.00
7 49 2604.00
7 50 1030.00
7 51 1030.00
7 52 1030.00
7 53 2613.00
7 54 2613.00
7 55 2613.00
7 56 185.00
7 57 185.00
7 58 185.00
7 59 1255.00
7 60 1255.00
7 61 1255.00
7 62 1961.00
7 63 1961.00
7 64 1961.00
7 65 847.00
7 66 847.00
7 67 847.00
7 68 577.00
7 69 577.00
7 70 577.00
7 71 1499.00
7 72 1499.00
7 73 1499.00
7 74 1866.00
7 75 1866.00
7 76 1866.00
7 77 1528.00
7 78 1528.00
7 79 1528.00
7 80 286.00
7 81 286.00
7 82 286.00
7 83 2557.00
7 84 2557.00
7 85 2557.00
7 86 2993.00
7 87 2993.00
7 88 1037.00
7 89 1037.00
7 90 625.00
7 91 625.00
7 92 625.00
8 9 203.00
8 10 2937.00
8 11 861.00
8 12 2324.00
8 13 1226.00
8 14 1571.00
8 15 1186.00
8 16 3116.00
8 17 559.00
8 18 805.00
8 19 275.00
8 20 523.00
8 21 3364.00
8 22 2778.00
8 23 2183.00
8 24 310.00
8 25 318.00
8 26 318.00
8 27 2236.00
8 28 2236.00
8 29 2236.00
8 30 839.00
8 31 839.00
8 32 3315.00
8 33 3315.00
8 34 1123.00
8 35 1123.00
8 36 1656.00
8 37 1656.00
8 38 1656.00
8 39 3145.00
8 40 3145.00
8 41 1294.00
8 42 1294.00
8 43 1294.00
8 44 2488.00
8 45 2488.00
8 46 2488.00
8 47 1096.00
8 48 1096.00
8 49 1096.00
8 50 2924.00
8 51 2924.00
8 52 2924.00
8 53 859.00
8 54 859.00
8 55 859.00
8 56 2528.00
8 57 2528.00
8 58 2528.00
8 59 1436.00
8 60 1436.00
8 61 1436.00
8 62 492.00
8 63 492.00
8 64 492.00
8 65 1936.00
8 66 1936.00
8 67 1936.00
8 68 2980.00
8 69 2980.00
8 70 2980.00
8 71 1114.00
8 72 1114.00
8 73 1114.00
8 74 981.00
8 75 981.00
8 76 981.00
8 77 1459.00
8 78 1459.00
8 79 1459.00
8 80 2185.00
8 81 2185.00
8 82 2185.00
8 83 632.00
8 84 632.00
8 85 632.00
8 86 912.00
8 87 912.00
8 88 3430.00
8 89 3430.00
8 90 2629.00
8 91 2629.00
8 92 2629.00
9 10 3061.00
9 11 688.00
9 12 2487.00
9 13 1233.00
9 14 1714.00
9 15 1316.00
9 16 3247.00
9 17 654.00
9 18 968.00
9 19 315.00
9 20 324.00
9 21 3455.00
9 22 2879.00
9 23 2336.00
9 24 347.00
9 25 323.00
9 26 323.00
9 27 2388.00
9 28 2388.00
9 29 2388.00
9 30 646.00
9 31 646.00
9 32 3369.00
9 33 3369.00
9 34 1282.00
9 35 1282.00
9 36 1673.00
9 37 1673.00
9 38 1673.00
9 39 3292.00
9 40 3292.00
9 41 1289.00
9 42 1289.00
9 43 1289.00
9 44 2618.00
9 45 2618.00
9 46 2618.00
9 47 1280.00
9 48 1280.00
9 49 1280.00
9 50 2970.00
9 51 2970.00
9 52 2970.00
9 53 1035.00
9 54 1035.00
9 55 1035.00
9 56 2648.00
9 57 2648.00
9 58 2648.00
9 59 1605.00
9 60 1605.00
9 61 1605.00
9 62 653.00
9 63 653.00
9 64 653.00
9 65 2093.00
9 66 2093.00
9 67 2093.00
9 68 3077.00
9 69 3077.00
9 70 3077.00
9 71 1286.00
9 72 1286.00
9 73 1286.00
9 74 1178.00
9 75 1178.00
9 76 1178.00
9 77 1453.00
9 78 1453.00
9 79 1453.00
9 80 2285.00
9 81 2285.00
9 82 2285.00
9 83 460.00
9 84 460.00
9 85 460.00
9 86 1027.00
9 87 1027.00
9 88 3554.00
9 89 3554.00
9 90 2774.00
9 91 2774.00
9 92 2774.00
10 11 3179.00
10 12 945.00
10 13 2127.00
10 14 1386.00
10 15 1751.00
10 16 231.00
10 17 2409.00
10 18 3100.00
10 19 2751.00
10 20 3219.00
10 21 744.00
10 22 429.00
10 23 902.00
10 24 2722.00
10 25 3240.00
10 26 3240.00
10 27 841.00
10 28 841.00
10 29 841.00
10 30 3326.00
10 31 3326.00
10 32 1270.00
10 33 1270.00
10 34 3244.00
10 35 3244.00
10 36 1843.00
10 37 1843.00
10 38 1843.00
10 39 519.00
10 40 519.00
10 41 2157.00
10 42 2157.00
10 43 2157.00
10 44 459.00
10 45 459.00
10 46 459.00
10 47 2969.00
10 48 2969.00
10 49 2969.00
10 50 1267.00
10 51 1267.00
10 52 1267.00
10 53 3015.00
10 54 3015.00
10 55 3015.00
10 56 418.00
10 57 418.00
10 58 418.00
10 59 1634.00
10 60 1634.00
10 61 1634.00
10 62 2453.00
10 63 2453.00
10 64 2453.00
10 65 1133.00
10 66 1133.00
10 67 1133.00
10 68 482.00
10 69 482.00
10 70 482.00
10 71 1924.00
10 72 1924.00
10 73 1924.00
10 74 2263.00
10 75 2263.00
10 76 2263.00
10 77 2091.00
10 78 2091.00
10 79 2091.00
10 80 850.00
10 81 850.00
10 82 850.00
10 83 3105.00
10 84 3105.00
10 85 3105.00
10 86 3416.00
10 87 3416.00
10 88 493.00
10 89 493.00
10 90 497.00
10 91 497.00
10 92 497.00
11 12 2790.00
11 13 1083.00
11 14 1974.00
11 15 1564.00
11 16 3390.00
11 17 952.00
11 18 1656.00
11 19 730.00
11 20 410.00
11 21 3433.00
11 22 2914.00
11 23 2602.00
11 24 728.00
11 25 971.00
11 26 971.00
11 27 2643.00
11 28 2643.00
11 29 2643.00
11 30 181.00
11 31 181.00
11 32 3217.00
11 33 3217.00
11 34 1970.00
11 35 1970.00
11 36 1486.00
11 37 1486.00
11 38 1486.00
11 39 3500.00
11 40 3500.00
11 41 1088.00
11 42 1088.00
11 43 1088.00
11 44 2777.00
11 45 2777.00
11 46 2777.00
11 47 1957.00
11 48 1957.00
11 49 1957.00
11 50 2803.00
11 51 2803.00
11 52 2803.00
11 53 1719.00
11 54 1719.00
11 55 1719.00
11 56 2764.00
11 57 2764.00
11 58 2764.00
11 59 1977.00
11 60 1977.00
11 61 1977.00
11 62 1115.00
11 63 1115.00
11 64 1115.00
11 65 2386.00
11 66 2386.00
11 67 2386.00
11 68 3089.00
11 69 3089.00
11 70 3089.00
11 71 1697.00
11 72 1697.00
11 73 1697.00
11 74 1718.00
11 75 1718.00
11 76 1718.00
11 77 1219.00
11 78 1219.00
11 79 1219.00
11 80 2341.00
11 81 2341.00
11 82 2341.00
11 83 230.00
11 84 230.00
11 85 230.00
11 86 1702.00
11 87 1702.00
11 88 3660.00
11 89 3660.00
11 90 2990.00
11 91 2990.00
11 92 2990.00
12 13 1900.00
12 14 817.00
12 15 1227.00
12 16 1000.00
12 17 1880.00
12 18 2300.00
12 19 2204.00
12 20 2714.00
12 21 1667.00
12 22 1142.00
12 23 229.00
12 24 2183.00
12 25 2592.00
12 26 2592.00
12 27 232.00
12 28 232.00
12 29 232.00
12 30 2901.00
12 31 2901.00
12 32 2070.00
12 33 2070.00
12 34 2394.00
12 35 2394.00
12 36 1809.00
12 37 1809.00
12 38 1809.00
12 39 882.00
12 40 882.00
12 41 1968.00
12 42 1968.00
12 43 1968.00
12 44 600.00
12 45 600.00
12 46 600.00
12 47 2112.00
12 48 2112.00
12 49 2112.00
12 50 1913.00
12 51 1913.00
12 52 1913.00
12 53 2200.00
12 54 2200.00
12 55 2200.00
12 56 768.00
12 57 768.00
12 58 768.00
12 59 891.00
12 60 891.00
12 61 891.00
12 62 1835.00
12 63 1835.00
12 64 1835.00
12 65 404.00
12 66 404.00
12 67 404.00
12 68 1319.00
12 69 1319.00
12 70 1319.00
12 71 1215.00
12 72 1215.00
12 73 1215.00
12 74 1476.00
12 75 1476.00
12 76 1476.00
12 77 1975.00
12 78 1975.00
12 79 1975.00
12 80 977.00
12 81 977.00
12 82 977.00
12 83 2656.00
12 84 2656.00
12 85 2656.00
12 86 2620.00
12 87 2620.00
12 88 1344.00
12 89 1344.00
12 90 453.00
12 91 453.00
12 92 453.00
13 14 1121.00
13 15 803.00
13 16 2347.00
13 17 736.00
13 18 1870.00
13 19 953.00
13 20 1242.00
13 21 2350.00
13 22 1837.00
13 23 1684.00
13 24 918.00
13 25 1529.00
13 26 1529.00
13 27 1711.00
13 28 1711.00
13 29 1711.00
13 30 1249.00
13 31 1249.00
13 32 2167.00
13 33 2167.00
13 34 2166.00
13 35 2166.00
13 36 441.00
13 37 441.00
13 38 441.00
13 39 2494.00
13 40 2494.00
13 41 97.00
13 42 97.00
13 43 97.00
13 44 1756.00
13 45 1756.00
13 46 1756.00
13 47 2010.00
13 48 2010.00
13 49 2010.00
13 50 1759.00
13 51 1759.00
13 52 1759.00
13 53 1863.00
13 54 1863.00
13 55 1863.00
13 56 1718.00
13 57 1718.00
13 58 1718.00
13 59 1283.00
13 60 1283.00
13 61 1283.00
13 62 970.00
13 63 970.00
13 64 970.00
13 65 1519.00
13 66 1519.00
13 67 1519.00
13 68 2007.00
13 69 2007.00
13 70 2007.00
13 71 1146.00
13 72 1146.00
13 73 1146.00
13 74 1402.00
13 75 1402.00
13 76 1402.00
13 77 243.00
13 78 243.00
13 79 243.00
13 80 1279.00
13 81 1279.00
13 82 1279.00
13 83 1068.00
13 84 1068.00
13 85 1068.00
13 86 2082.00
13 87 2082.00
13 88 2597.00
13 89 2597.00
13 90 2003.00
13 91 2003.00
13 92 2003.00
14 15 414.00
14 16 1551.00
14 17 1082.00
14 18 1738.00
14 19 1417.00
14 20 1917.00
14 21 1923.00
14 22 1314.00
14 23 632.00
14 24 1392.00
14 25 1864.00
14 26 1864.00
14 27 679.00
14 28 679.00
14 29 679.00
14 30 2088.00
14 31 2088.00
14 32 2078.00
14 33 2078.00
14 34 1919.00
14 35 1919.00
14 36 1139.00
14 37 1139.00
14 38 1139.00
14 39 1577.00
14 40 1577.00
14 41 1199.00
14 42 1199.00
14 43 1199.00
14 44 929.00
14 45 929.00
14 46 929.00
14 47 1661.00
14 48 1661.00
14 49 1661.00
14 50 1779.00
14 51 1779.00
14 52 1779.00
14 53 1663.00
14 54 1663.00
14 55 1663.00
14 56 997.00
14 57 997.00
14 58 997.00
14 59 337.00
14 60 337.00
14 61 337.00
14 62 1080.00
14 63 1080.00
14 64 1080.00
14 65 415.00
14 66 415.00
14 67 415.00
14 68 1526.00
14 69 1526.00
14 70 1526.00
14 71 550.00
14 72 550.00
14 73 550.00
14 74 918.00
14 75 918.00
14 76 918.00
14 77 1240.00
14 78 1240.00
14 79 1240.00
14 80 786.00
14 81 786.00
14 82 786.00
14 83 1846.00
14 84 1846.00
14 85 1846.00
14 86 2047.00
14 87 2047.00
14 88 1874.00
14 89 1874.00
14 90 1060.00
14 91 1060.00
14 92 1060.00
15 16 1933.00
15 17 672.00
15 18 1481.00
15 19 1011.00
15 20 1506.00
15 21 2212.00
15 22 1612.00
15 23 1046.00
15 24 985.00
15 25 1491.00
15 26 1491.00
15 27 1092.00
15 28 1092.00
15 29 1092.00
15 30 1675.00
15 31 1675.00
15 32 2263.00
15 33 2263.00
15 34 1711.00
15 35 1711.00
15 36 963.00
15 37 963.00
15 38 963.00
15 39 1982.00
15 40 1982.00
15 41 893.00
15 42 893.00
15 43 893.00
15 44 1304.00
15 45 1304.00
15 46 1304.00
15 47 1484.00
15 48 1484.00
15 49 1484.00
15 50 1915.00
15 51 1915.00
15 52 1915.00
15 53 1427.00
15 54 1427.00
15 55 1427.00
15 56 1343.00
15 57 1343.00
15 58 1343.00
15 59 482.00
15 60 482.00
15 61 482.00
15 62 705.00
15 63 705.00
15 64 705.00
15 65 823.00
15 66 823.00
15 67 823.00
15 68 1819.00
15 69 1819.00
15 70 1819.00
15 71 398.00
15 72 398.00
15 73 398.00
15 74 752.00
15 75 752.00
15 76 752.00
15 77 977.00
15 78 977.00
15 79 977.00
15 80 1030.00
15 81 1030.00
15 82 1030.00
15 83 1432.00
15 84 1432.00
15 85 1432.00
15 86 1770.00
15 87 1770.00
15 88 2244.00
15 89 2244.00
15 90 1465.00
15 91 1465.00
15 92 1465.00
16 17 2598.00
16 18 3236.00
16 19 2940.00
16 20 3416.00
16 21 822.00
16 22 648.00
16 23 1009.00
16 24 2912.00
16 25 3414.00
16 26 3414.00
16 27 947.00
16 28 947.00
16 29 947.00
16 30 3533.00
16 31 3533.00
16 32 1415.00
16 33 1415.00
16 34 3363.00
16 35 3363.00
16 36 2071.00
16 37 2071.00
16 38 2071.00
16 39 340.00
16 40 340.00
16 41 2380.00
16 42 2380.00
16 43 2380.00
16 44 629.00
16 45 629.00
16 46 629.00
16 47 3084.00
16 48 3084.00
16 49 3084.00
16 50 1461.00
16 51 1461.00
16 52 1461.00
16 53 3146.00
16 54 3146.00
16 55 3146.00
16 56 629.00
16 57 629.00
16 58 629.00
16 59 1772.00
16 60 1772.00
16 61 1772.00
16 62 2628.00
16 63 2628.00
16 64 2628.00
16 65 1255.00
16 66 1255.00
16 67 1255.00
16 68 656.00
16 69 656.00
16 70 656.00
16 71 2075.00
16 72 2075.00
16 73 2075.00
16 74 2398.00
16 75 2398.00
16 76 2398.00
16 77 2317.00
16 78 2317.00
16 79 2317.00
16 80 1073.00
16 81 1073.00
16 82 1073.00
16 83 3309.00
16 84 3309.00
16 85 3309.00
16 86 3554.00
16 87 3554.00
16 88 345.00
16 89 345.00
16 90 553.00
16 91 553.00
16 92 553.00
17 18 1134.00
17 19 342.00
17 20 836.00
17 21 2809.00
17 22 2228.00
17 23 1712.00
17 24 314.00
17 25 877.00
17 26 877.00
17 27 1760.00
17 28 1760.00
17 29 1760.00
17 30 1035.00
17 31 1035.00
17 32 2759.00
17 33 2759.00
17 34 1435.00
17 35 1435.00
17 36 1136.00
17 37 1136.00
17 38 1136.00
17 39 2655.00
17 40 2655.00
17 41 821.00
17 42 821.00
17 43 821.00
17 44 1969.00
17 45 1969.00
17 46 1969.00
17 47 1299.00
17 48 1299.00
17 49 1299.00
17 50 2372.00
17 51 2372.00
17 52 2372.00
17 53 1133.00
17 54 1133.00
17 55 1133.00
17 56 1995.00
17 57 1995.00
17 58 1995.00
17 59 1032.00
17 60 1032.00
17 61 1032.00
17 62 250.00
17 63 250.00
17 64 250.00
17 65 1478.00
17 66 1478.00
17 67 1478.00
17 68 2427.00
17 69 2427.00
17 70 2427.00
17 71 745.00
17 72 745.00
17 73 745.00
17 74 816.00
17 75 816.00
17 76 816.00
17 77 979.00
17 78 979.00
17 79 979.00
17 80 1634.00
17 81 1634.00
17 82 1634.00
17 83 786.00
17 84 786.00
17 85 786.00
17 86 1350.00
17 87 1350.00
17 88 2901.00
17 89 2901.00
17 90 2137.00
17 91 2137.00
17 92 2137.00
18 19 1029.00
18 20 1277.00
18 21 3659.00
18 22 3050.00
18 23 2231.00
18 24 1054.00
18 25 741.00
18 26 741.00
18 27 2292.00
18 28 2292.00
18 29 2292.00
18 30 1605.00
18 31 1605.00
18 32 3744.00
18 33 3744.00
18 34 320.00
18 35 320.00
18 36 2251.00
18 37 2251.00
18 38 2251.00
18 39 3179.00
18 40 3179.00
18 41 1955.00
18 42 1955.00
18 43 1955.00
18 44 2642.00
18 45 2642.00
18 46 2642.00
18 47 362.00
18 48 362.00
18 49 362.00
18 50 3389.00
18 51 3389.00
18 52 3389.00
18 53 118.00
18 54 118.00
18 55 118.00
18 56 2730.00
18 57 2730.00
18 58 2730.00
18 59 1467.00
18 60 1467.00
18 61 1467.00
18 62 904.00
18 63 904.00
18 64 904.00
18 65 1982.00
18 66 1982.00
18 67 1982.00
18 68 3262.00
18 69 3262.00
18 70 3262.00
18 71 1188.00
18 72 1188.00
18 73 1188.00
18 74 838.00
18 75 838.00
18 76 838.00
18 77 2112.00
18 78 2112.00
18 79 2112.00
18 80 2493.00
18 81 2493.00
18 82 2493.00
18 83 1427.00
18 84 1427.00
18 85 1427.00
18 86 320.00
18 87 320.00
18 88 3575.00
18 89 3575.00
18 90 2696.00
18 91 2696.00
18 92 2696.00
19 20 515.00
19 21 3141.00
19 22 2565.00
19 23 2044.00
19 24 35.00
19 25 578.00
19 26 578.00
19 27 2094.00
19 28 2094.00
19 29 2094.00
19 30 765.00
19 31 765.00
19 32 3063.00
19 33 3063.00
19 34 1348.00
19 35 1348.00
19 36 1386.00
19 37 1386.00
19 38 1386.00
19 39 2993.00
19 40 2993.00
19 41 1020.00
19 42 1020.00
19 43 1020.00
19 44 2311.00
19 45 2311.00
19 46 2311.00
19 47 1278.00
19 48 1278.00
19 49 1278.00
19 50 2668.00
19 51 2668.00
19 52 2668.00
19 53 1064.00
19 54 1064.00
19 55 1064.00
19 56 2336.00
19 57 2336.00
19 58 2336.00
19 59 1336.00
19 60 1336.00
19 61 1336.00
19 62 402.00
19 63 402.00
19 64 402.00
19 65 1806.00
19 66 1806.00
19 67 1806.00
19 68 2762.00
19 69 2762.00
19 70 2762.00
19 71 1027.00
19 72 1027.00
19 73 1027.00
19 74 993.00
19 75 993.00
19 76 993.00
19 77 1184.00
19 78 1184.00
19 79 1184.00
19 80 1970.00
19 81 1970.00
19 82 1970.00
19 83 521.00
19 84 521.00
19 85 521.00
19 86 1174.00
19 87 1174.00
19 88 3243.00
19 89 3243.00
19 90 2475.00
19 91 2475.00
19 92 2475.00
20 21 3554.00
20 22 3000.00
20 23 2548.00
20 24 533.00
20 25 566.00
20 26 566.00
20 27 2596.00
20 28 2596.00
20 29 2596.00
20 30 328.00
20 31 328.00
20 32 3409.00
20 33 3409.00
20 34 1585.00
20 35 1585.00
20 36 1678.00
20 37 1678.00
20 38 1678.00
20 39 3487.00
20 40 3487.00
20 41 1276.00
20 42 1276.00
20 43 1276.00
20 44 2789.00
20 45 2789.00
20 46 2789.00
20 47 1599.00
20 48 1599.00
20 49 1599.00
20 50 3001.00
20 51 3001.00
20 52 3001.00
20 53 1351.00
20 54 1351.00
20 55 1351.00
20 56 2801.00
20 57 2801.00
20 58 2801.00
20 59 1851.00
20 60 1851.00
20 61 1851.00
20 62 912.00
20 63 912.00
20 64 912.00
20 65 2314.00
20 66 2314.00
20 67 2314.00
20 68 3189.00
20 69 3189.00
20 70 3189.00
20 71 1542.00
20 72 1542.00
20 73 1542.00
20 74 1477.00
20 75 1477.00
20 76 1477.00
20 77 1430.00
20 78 1430.00
20 79 1430.00
20 80 2410.00
20 81 2410.00
20 82 2410.00
20 83 218.00
20 84 218.00
20 85 218.00
20 86 1298.00
20 87 1298.00
20 88 3709.00
20 89 3709.00
20 90 2969.00
20 91 2969.00
20 92 2969.00
21 22 610.00
21 23 1581.00
21 24 3108.00
21 25 3680.00
21 26 3680.00
21 27 1524.00
21 28 1524.00
21 29 1524.00
21 30 3598.00
21 31 3598.00
21 32 658.00
21 33 658.00
21 34 3840.00
21 35 3840.00
21 36 1967.00
21 37 1967.00
21 38 1967.00
21 39 1156.00
21 40 1156.00
21 41 2350.00
21 42 2350.00
21 43 2350.00
21 44 1099.00
21 45 1099.00
21 46 1099.00
21 47 3576.00
21 48 3576.00
21 49 3576.00
21 50 875.00
21 51 875.00
21 52 875.00
21 53 3586.00
21 54 3586.00
21 55 3586.00
21 56 962.00
21 57 962.00
21 58 962.00
21 59 2224.00
21 60 2224.00
21 61 2224.00
21 62 2908.00
21 63 2908.00
21 64 2908.00
21 65 1776.00
21 66 1776.00
21 67 1776.00
21 68 397.00
21 69 397.00
21 70 397.00
21 71 2472.00
21 72 2472.00
21 73 2472.00
21 74 2840.00
21 75 2840.00
21 76 2840.00
21 77 2238.00
21 78 2238.00
21 79 2238.00
21 80 1184.00
21 81 1184.00
21 82 1184.00
21 83 3405.00
21 84 3405.00
21 85 3405.00
21 86 3964.00
21 87 3964.00
21 88 677.00
21 89 677.00
21 90 1233.00
21 91 1233.00
21 92 1233.00
22 23 1015.00
22 24 2533.00
22 25 3091.00
22 26 3091.00
22 27 964.00
22 28 964.00
22 29 964.00
22 30 3071.00
22 31 3071.00
22 32 931.00
22 33 931.00
22 34 3231.00
22 35 3231.00
22 36 1503.00
22 37 1503.00
22 38 1503.00
22 39 947.00
22 40 947.00
22 41 1853.00
22 42 1853.00
22 43 1853.00
22 44 544.00
22 45 544.00
22 46 544.00
22 47 2967.00
22 48 2967.00
22 49 2967.00
22 50 854.00
22 51 854.00
22 52 854.00
22 53 2977.00
22 54 2977.00
22 55 2977.00
22 56 382.00
22 57 382.00
22 58 382.00
22 59 1617.00
22 60 1617.00
22 61 1617.00
22 62 2313.00
22 63 2313.00
22 64 2313.00
22 65 1186.00
22 66 1186.00
22 67 1186.00
22 68 213.00
22 69 213.00
22 70 213.00
22 71 1863.00
22 72 1863.00
22 73 1863.00
22 74 2230.00
22 75 2230.00
22 76 2230.00
22 77 1765.00
22 78 1765.00
22 79 1765.00
22 80 594.00
22 81 594.00
22 82 594.00
22 83 2865.00
22 84 2865.00
22 85 2865.00
22 86 3356.00
22 87 3356.00
22 88 789.00
22 89 789.00
22 90 769.00
22 91 769.00
22 92 769.00
23 24 2021.00
23 25 2464.00
23 26 2464.00
23 27 62.00
23 28 62.00
23 29 62.00
23 30 2720.00
23 31 2720.00
23 32 1924.00
23 33 1924.00
23 34 2354.00
23 35 2354.00
23 36 1582.00
23 37 1582.00
23 38 1582.00
23 39 967.00
23 40 967.00
23 41 1749.00
23 42 1749.00
23 43 1749.00
23 44 482.00
23 45 482.00
23 46 482.00
23 47 2075.00
23 48 2075.00
23 49 2075.00
23 50 1736.00
23 51 1736.00
23 52 1736.00
23 53 2139.00
23 54 2139.00
23 55 2139.00
23 56 633.00
23 57 633.00
23 58 633.00
23 59 776.00
23 60 776.00
23 61 776.00
23 62 1691.00
23 63 1691.00
23 64 1691.00
23 65 253.00
23 66 253.00
23 67 253.00
23 68 1209.00
23 69 1209.00
23 70 1209.00
23 71 1093.00
23 72 1093.00
23 73 1093.00
23 74 1394.00
23 75 1394.00
23 76 1394.00
23 77 1752.00
23 78 1752.00
23 79 1752.00
23 80 765.00
23 81 765.00
23 82 765.00
23 83 2478.00
23 84 2478.00
23 85 2478.00
23 86 2550.00
23 87 2550.00
23 88 1352.00
23 89 1352.00
23 90 465.00
23 91 465.00
23 92 465.00
24 25 613.00
24 26 613.00
24 27 2070.00
24 28 2070.00
24 29 2070.00
24 30 771.00
24 31 771.00
24 32 3029.00
24 33 3029.00
24 34 1373.00
24 35 1373.00
24 36 1351.00
24 37 1351.00
24 38 1351.00
24 39 2967.00
24 40 2967.00
24 41 985.00
24 42 985.00
24 43 985.00
24 44 2283.00
24 45 2283.00
24 46 2283.00
24 47 1297.00
24 48 1297.00
24 49 1297.00
24 50 2633.00
24 51 2633.00
24 52 2633.00
24 53 1086.00
24 54 1086.00
24 55 1086.00
24 56 2307.00
24 57 2307.00
24 58 2307.00
24 59 1318.00
24 60 1318.00
24 61 1318.00
24 62 394.00
24 63 394.00
24 64 394.00
24 65 1784.00
24 66 1784.00
24 67 1784.00
24 68 2730.00
24 69 2730.00
24 70 2730.00
24 71 1013.00
24 72 1013.00
24 73 1013.00
24 74 991.00
24 75 991.00
24 76 991.00
24 77 1149.00
24 78 1149.00
24 79 1149.00
24 80 1939.00
24 81 1939.00
24 82 1939.00
24 83 525.00
24 84 525.00
24 85 525.00
24 86 1205.00
24 87 1205.00
24 88 3214.00
24 89 3214.00
24 90 2450.00
24 91 2450.00
24 92 2450.00
25 26 0.00
25 27 2519.00
25 28 2519.00
25 29 2519.00
25 30 888.00
25 31 888.00
25 32 3633.00
25 33 3633.00
25 34 1033.00
25 35 1033.00
25 36 1964.00
25 37 1964.00
25 38 1964.00
25 39 3429.00
25 40 3429.00
25 41 1592.00
25 42 1592.00
25 43 1592.00
25 44 2788.00
25 45 2788.00
25 46 2788.00
25 47 1088.00
25 48 1088.00
25 49 1088.00
25 50 3241.00
25 51 3241.00
25 52 3241.00
25 53 831.00
25 54 831.00
25 55 831.00
25 56 2834.00
25 57 2834.00
25 58 2834.00
25 59 1701.00
25 60 1701.00
25 61 1701.00
25 62 787.00
25 63 787.00
25 64 787.00
25 65 2213.00
25 66 2213.00
25 67 2213.00
25 68 3294.00
25 69 3294.00
25 70 3294.00
25 71 1377.00
25 72 1377.00
25 73 1377.00
25 74 1180.00
25 75 1180.00
25 76 1180.00
25 77 1756.00
25 78 1756.00
25 79 1756.00
25 80 2499.00
25 81 2499.00
25 82 2499.00
25 83 753.00
25 84 753.00
25 85 753.00
25 86 732.00
25 87 732.00
25 88 3732.00
25 89 3732.00
25 90 2916.00
25 91 2916.00
25 92 2916.00
26 27 2519.00
26 28 2519.00
26 29 2519.00
26 30 888.00
26 31 888.00
26 32 3633.00
26 33 3633.00
26 34 1033.00
26 35 1033.00
26 36 1964.00
26 37 1964.00
26 38 1964.00
26 39 3429.00
26 40 3429.00
26 41 1592.00
26 42 1592.00
26 43 1592.00
26 44 2788.00
26 45 2788.00
26 46 2788.00
26 47 1088.00
26 48 1088.00
26 49 1088.00
26 50 3241.00
26 51 3241.00
26 52 3241.00
26 53 831.00
26 54 831.00
26 55 831.00
26 56 2834.00
26 57 2834.00
26 58 2834.00
26 59 1701.00
26 60 1701.00
26 61 1701.00
26 62 787.00
26 63 787.00
26 64 787.00
26 65 2213.00
26 66 2213.00
26 67 2213.00
26 68 3294.00
26 69 3294.00
26 70 3294.00
26 71 1377.00
26 72 1377.00
26 73 1377.00
26 74 1180.00
26 75 1180.00
26 76 1180.00
26 77 1756.00
26 78 1756.00
26 79 1756.00
26 80 2499.00
26 81 2499.00
26 82 2499.00
26 83 753.00
26 84 753.00
26 85 753.00
26 86 732.00
26 87 732.00
26 88 3732.00
26 89 3732.00
26 90 2916.00
26 91 2916.00
26 92 2916.00
27 28 0.00
27 29 0.00
27 30 2763.00
27 31 2763.00
27 32 1878.00
27 33 1878.00
27 34 2416.00
27 35 2416.00
27 36 1594.00
27 37 1594.00
27 38 1594.00
27 39 911.00
27 40 911.00
27 41 1774.00
27 42 1774.00
27 43 1774.00
27 44 427.00
27 45 427.00
27 46 427.00
27 47 2137.00
27 48 2137.00
27 49 2137.00
27 50 1700.00
27 51 1700.00
27 52 1700.00
27 53 2200.00
27 54 2200.00
27 55 2200.00
27 56 582.00
27 57 582.00
27 58 582.00
27 59 836.00
27 60 836.00
27 61 836.00
27 62 1744.00
27 63 1744.00
27 64 1744.00
27 65 312.00
27 66 312.00
27 67 312.00
27 68 1155.00
27 69 1155.00
27 70 1155.00
27 71 1150.00
27 72 1150.00
27 73 1150.00
27 74 1455.00
27 75 1455.00
27 76 1455.00
27 77 1771.00
27 78 1771.00
27 79 1771.00
27 80 746.00
27 81 746.00
27 82 746.00
27 83 2523.00
27 84 2523.00
27 85 2523.00
27 86 2611.00
27 87 2611.00
27 88 1290.00
27 89 1290.00
27 90 405.00
27 91 405.00
27 92 405.00
28 29 0.00
28 30 2763.00
28 31 2763.00
28 32 1878.00
28 33 1878.00
28 34 2416.00
28 35 2416.00
28 36 1594.00
28 37 1594.00
28 38 1594.00
28 39 911.00
28 40 911.00
28 41 1774.00
28 42 1774.00
28 43 1774.00
28 44 427.00
28 45 427.00
28 46 427.00
28 47 2137.00
28 48 2137.00
28 49 2137.00
28 50 1700.00
28 51 1700.00
28 52 1700.00
28 53 2200.00
28 54 2200.00
28 55 2200.00
28 56 582.00
28 57 582.00
28 58 582.00
28 59 836.00
28 60 836.00
28 61 836.00
28 62 1744.00
28 63 1744.00
28 64 1744.00
28 65 312.00
28 66 312.00
28 67 312.00
28 68 1155.00
28 69 1155.00
28 70 1155.00
28 71 1150.00
28 72 1150.00
28 73 1150.00
28 74 1455.00
28 75 1455.00
28 76 1455.00
28 77 1771.00
28 78 1771.00
28 79 1771.00
28 80 746.00
28 81 746.00
28 82 746.00
28 83 2523.00
28 84 2523.00
28 85 2523.00
28 86 2611.00
28 87 2611.00
28 88 1290.00
28 89 1290.00
28 90 405.00
28 91 405.00
28 92 405.00
29 30 2763.00
29 31 2763.00
29 32 1878.00
29 33 1878.00
29 34 2416.00
29 35 2416.00
29 36 1594.00
29 37 1594.00
29 38 1594.00
29 39 911.00
29 40 911.00
29 41 1774.00
29 42 1774.00
29 43 1774.00
29 44 427.00
29 45 427.00
29 46 427.00
29 47 2137.00
29 48 2137.00
29 49 2137.00
29 50 1700.00
29 51 1700.00
29 52 1700.00
29 53 2200.00
29 54 2200.00
29 55 2200.00
29 56 582.00
29 57 582.00
29 58 582.00
29 59 836.00
29 60 836.00
29 61 836.00
29 62 1744.00
29 63 1744.00
29 64 1744.00
29 65 312.00
29 66 312.00
29 67 312.00
29 68 1155.00
29 69 1155.00
29 70 1155.00
29 71 1150.00
29 72 1150.00
29 73 1150.00
29 74 1455.00
29 75 1455.00
29 76 1455.00
29 77 1771.00
29 78 1771.00
29 79 1771.00
29 80 746.00
29 81 746.00
29 82 746.00
29 83 2523.00
29 84 2523.00
29 85 2523.00
29 86 2611.00
29 87 2611.00
29 88 1290.00
29 89 1290.00
29 90 405.00
29 91 405.00
29 92 405.00
30 31 0.00
30 32 3393.00
30 33 3393.00
30 34 1912.00
30 35 1912.00
30 36 1660.00
30 37 1660.00
30 38 1660.00
30 39 3632.00
30 40 3632.00
30 41 1258.00
30 42 1258.00
30 43 1258.00
30 44 2915.00
30 45 2915.00
30 46 2915.00
30 47 1925.00
30 48 1925.00
30 49 1925.00
30 50 2979.00
30 51 2979.00
30 52 2979.00
30 53 1678.00
30 54 1678.00
30 55 1678.00
30 56 2909.00
30 57 2909.00
30 58 2909.00
30 59 2067.00
30 60 2067.00
30 61 2067.00
30 62 1165.00
30 63 1165.00
30 64 1165.00
30 65 2497.00
30 66 2497.00
30 67 2497.00
30 68 3249.00
30 69 3249.00
30 70 3249.00
30 71 1774.00
30 72 1774.00
30 73 1774.00
30 74 1756.00
30 75 1756.00
30 76 1756.00
30 77 1394.00
30 78 1394.00
30 79 1394.00
30 80 2493.00
30 81 2493.00
30 82 2493.00
30 83 250.00
30 84 250.00
30 85 250.00
30 86 1619.00
30 87 1619.00
30 88 3809.00
30 89 3809.00
30 90 3119.00
30 91 3119.00
30 92 3119.00
31 32 3393.00
31 33 3393.00
31 34 1912.00
31 35 1912.00
31 36 1660.00
31 37 1660.00
31 38 1660.00
31 39 3632.00
31 40 3632.00
31 41 1258.00
31 42 1258.00
31 43 1258.00
31 44 2915.00
31 45 2915.00
31 46 2915.00
31 47 1925.00
31 48 1925.00
31 49 1925.00
31 50 2979.00
31 51 2979.00
31 52 2979.00
31 53 1678.00
31 54 1678.00
31 55 1678.00
31 56 2909.00
31 57 2909.00
31 58 2909.00
31 59 2067.00
31 60 2067.00
31 61 2067.00
31 62 1165.00
31 63 1165.00
31 64 1165.00
31 65 2497.00
31 66 2497.00
31 67 2497.00
31 68 3249.00
31 69 3249.00
31 70 3249.00
31 71 1774.00
31 72 1774.00
31 73 1774.00
31 74 1756.00
31 75 1756.00
31 76 1756.00
31 77 1394.00
31 78 1394.00
31 79 1394.00
31 80 2493.00
31 81 2493.00
31 82 2493.00
31 83 250.00
31 84 250.00
31 85 250.00
31 86 1619.00
31 87 1619.00
31 88 3809.00
31 89 3809.00
31 90 3119.00
31 91 3119.00
31 92 3119.00
32 33 0.00
32 34 3967.00
32 35 3967.00
32 36 1736.00
32 37 1736.00
32 38 1736.00
32 39 1755.00
32 40 1755.00
32 41 2140.00
32 42 2140.00
32 43 2140.00
32 44 1470.00
32 45 1470.00
32 46 1470.00
32 47 3724.00
32 48 3724.00
32 49 3724.00
32 50 415.00
32 51 415.00
32 52 415.00
32 53 3689.00
32 54 3689.00
32 55 3689.00
32 56 1302.00
32 57 1302.00
32 58 1302.00
32 59 2411.00
32 60 2411.00
32 61 2411.00
32 62 2908.00
32 63 2908.00
32 64 2908.00
32 65 2060.00
32 66 2060.00
32 67 2060.00
32 68 791.00
32 69 791.00
32 70 791.00
32 71 2595.00
32 72 2595.00
32 73 2595.00
32 74 2975.00
32 75 2975.00
32 76 2975.00
32 77 1999.00
32 78 1999.00
32 79 1999.00
32 80 1294.00
32 81 1294.00
32 82 1294.00
32 83 3233.00
32 84 3233.00
32 85 3233.00
32 86 4028.00
32 87 4028.00
32 88 1330.00
32 89 1330.00
32 90 1695.00
32 91 1695.00
32 92 1695.00
33 34 3967.00
33 35 3967.00
33 36 1736.00
33 37 1736.00
33 38 1736.00
33 39 1755.00
33 40 1755.00
33 41 2140.00
33 42 2140.00
33 43 2140.00
33 44 1470.00
33 45 1470.00
33 46 1470.00
33 47 3724.00
33 48 3724.00
33 49 3724.00
33 50 415.00
33 51 415.00
33 52 415.00
33 53 3689.00
33 54 3689.00
33 55 3689.00
33 56 1302.00
33 57 1302.00
33 58 1302.00
33 59 2411.00
33 60 2411.00
33 61 2411.00
33 62 2908.00
33 63 2908.00
33 64 2908.00
33 65 2060.00
33 66 2060.00
33 67 2060.00
33 68 791.00
33 69 791.00
33 70 791.00
33 71 2595.00
33 72 2595.00
33 73 2595.00
33 74 2975.00
33 75 2975.00
33 76 2975.00
33 77 1999.00
33 78 1999.00
33 79 1999.00
33 80 1294.00
33 81 1294.00
33 82 1294.00
33 83 3233.00
33 84 3233.00
33 85 3233.00
33 86 4028.00
33 87 4028.00
33 88 1330.00
33 89 1330.00
33 90 1695.00
33 91 1695.00
33 92 1695.00
34 35 0.00
34 36 2534.00
34 37 2534.00
34 38 2534.00
34 39 3275.00
34 40 3275.00
34 41 2254.00
34 42 2254.00
34 43 2254.00
34 44 2792.00
34 45 2792.00
34 46 2792.00
34 47 283.00
34 48 283.00
34 49 283.00
34 50 3626.00
34 51 3626.00
34 52 3626.00
34 53 303.00
34 54 303.00
34 55 303.00
34 56 2894.00
34 57 2894.00
34 58 2894.00
34 59 1619.00
34 60 1619.00
34 61 1619.00
34 62 1196.00
34 63 1196.00
34 64 1196.00
34 65 2113.00
34 66 2113.00
34 67 2113.00
34 68 3443.00
34 69 3443.00
34 70 3443.00
34 71 1377.00
34 72 1377.00
34 73 1377.00
34 74 1002.00
34 75 1002.00
34 76 1002.00
34 77 2409.00
34 78 2409.00
34 79 2409.00
34 80 2695.00
34 81 2695.00
34 82 2695.00
34 83 1741.00
34 84 1741.00
34 85 1741.00
34 86 392.00
34 87 392.00
34 88 3705.00
34 89 3705.00
34 90 2813.00
34 91 2813.00
34 92 2813.00
35 36 2534.00
35 37 2534.00
35 38 2534.00
35 39 3275.00
35 40 3275.00
35 41 2254.00
35 42 2254.00
35 43 2254.00
35 44 2792.00
35 45 2792.00
35 46 2792.00
35 47 283.00
35 48 283.00
35 49 283.00
35 50 3626.00
35 51 3626.00
35 52 3626.00
35 53 303.00
35 54 303.00
35 55 303.00
35 56 2894.00
35 57 2894.00
35 58 2894.00
35 59 1619.00
35 60 1619.00
35 61 1619.00
35 62 1196.00
35 63 1196.00
35 64 1196.00
35 65 2113.00
35 66 2113.00
35 67 2113.00
35 68 3443.00
35 69 3443.00
35 70 3443.00
35 71 1377.00
35 72 1377.00
35 73 1377.00
35 74 1002.00
35 75 1002.00
35 76 1002.00
35 77 2409.00
35 78 2409.00
35 79 2409.00
35 80 2695.00
35 81 2695.00
35 82 2695.00
35 83 1741.00
35 84 1741.00
35 85 1741.00
35 86 392.00
35 87 392.00
35 88 3705.00
35 89 3705.00
35 90 2813.00
35 91 2813.00
35 92 2813.00
36 37 0.00
36 38 0.00
36 39 2265.00
36 40 2265.00
36 41 404.00
36 42 404.00
36 43 404.00
36 44 1533.00
36 45 1533.00
36 46 1533.00
36 47 2351.00
36 48 2351.00
36 49 2351.00
36 50 1325.00
36 51 1325.00
36 52 1325.00
36 53 2232.00
36 54 2232.00
36 55 2232.00
36 56 1458.00
36 57 1458.00
36 58 1458.00
36 59 1395.00
36 60 1395.00
36 61 1395.00
36 62 1348.00
36 63 1348.00
36 64 1348.00
36 65 1475.00
36 66 1475.00
36 67 1475.00
36 68 1651.00
36 69 1651.00
36 70 1651.00
36 71 1356.00
36 72 1356.00
36 73 1356.00
36 74 1678.00
36 75 1678.00
36 76 1678.00
36 77 272.00
36 78 272.00
36 79 272.00
36 80 1006.00
36 81 1006.00
36 82 1006.00
36 83 1497.00
36 84 1497.00
36 85 1497.00
36 86 2485.00
36 87 2485.00
36 88 2286.00
36 89 2286.00
36 90 1813.00
36 91 1813.00
36 92 1813.00
37 38 0.00
37 39 2265.00
37 40 2265.00
37 41 404.00
37 42 404.00
37 43 404.00
37 44 1533.00
37 45 1533.00
37 46 1533.00
37 47 2351.00
37 48 2351.00
37 49 2351.00
37 50 1325.00
37 51 1325.00
37 52 1325.00
37 53 2232.00
37 54 2232.00
37 55 2232.00
37 56 1458.00
37 57 1458.00
37 58 1458.00
37 59 1395.00
37 60 1395.00
37 61 1395.00
37 62 1348.00
37 63 1348.00
37 64 1348.00
37 65 1475.00
37 66 1475.00
37 67 1475.00
37 68 1651.00
37 69 1651.00
37 70 1651.00
37 71 1356.00
37 72 1356.00
37 73 1356.00
37 74 1678.00
37 75 1678.00
37 76 1678.00
37 77 272.00
37 78 272.00
37 79 272.00
37 80 1006.00
37 81 1006.00
37 82 1006.00
37 83 1497.00
37 84 1497.00
37 85 1497.00
37 86 2485.00
37 87 2485.00
37 88 2286.00
37 89 2286.00
37 90 1813.00
37 91 1813.00
37 92 1813.00
38 39 2265.00
38 40 2265.00
38 41 404.00
38 42 404.00
38 43 404.00
38 44 1533.00
38 45 1533.00
38 46 1533.00
38 47 2351.00
38 48 2351.00
38 49 2351.00
38 50 1325.00
38 51 1325.00
38 52 1325.00
38 53 2232.00
38 54 2232.00
38 55 2232.00
38 56 1458.00
38 57 1458.00
38 58 1458.00
38 59 1395.00
38 60 1395.00
38 61 1395.00
38 62 1348.00
38 63 1348.00
38 64 1348.00
38 65 1475.00
38 66 1475.00
38 67 1475.00
38 68 1651.00
38 69 1651.00
38 70 1651.00
38 71 1356.00
38 72 1356.00
38 73 1356.00
38 74 1678.00
38 75 1678.00
38 76 1678.00
38 77 272.00
38 78 272.00
38 79 272.00
38 80 1006.00
38 81 1006.00
38 82 1006.00
38 83 1497.00
38 84 1497.00
38 85 1497.00
38 86 2485.00
38 87 2485.00
38 88 2286.00
38 89 2286.00
38 90 1813.00
38 91 1813.00
38 92 1813.00
39 40 0.00
39 41 2538.00
39 42 2538.00
39 43 2538.00
39 44 739.00
39 45 739.00
39 46 739.00
39 47 2993.00
39 48 2993.00
39 49 2993.00
39 50 1785.00
39 51 1785.00
39 52 1785.00
39 53 3081.00
39 54 3081.00
39 55 3081.00
39 56 812.00
39 57 812.00
39 58 812.00
39 59 1742.00
39 60 1742.00
39 61 1742.00
39 62 2653.00
39 63 2653.00
39 64 2653.00
39 65 1220.00
39 66 1220.00
39 67 1220.00
39 68 987.00
39 69 987.00
39 70 987.00
39 71 2060.00
39 72 2060.00
39 73 2060.00
39 74 2349.00
39 75 2349.00
39 76 2349.00
39 77 2495.00
39 78 2495.00
39 79 2495.00
39 80 1261.00
39 81 1261.00
39 82 1261.00
39 83 3398.00
39 84 3398.00
39 85 3398.00
39 86 3499.00
39 87 3499.00
39 88 574.00
39 89 574.00
39 90 518.00
39 91 518.00
39 92 518.00
40 41 2538.00
40 42 2538.00
40 43 2538.00
40 44 739.00
40 45 739.00
40 46 739.00
40 47 2993.00
40 48 2993.00
40 49 2993.00
40 50 1785.00
40 51 1785.00
40 52 1785.00
40 53 3081.00
40 54 3081.00
40 55 3081.00
40 56 812.00
40 57 812.00
40 58 812.00
40 59 1742.00
40 60 1742.00
40 61 1742.00
40 62 2653.00
40 63 2653.00
40 64 2653.00
40 65 1220.00
40 66 1220.00
40 67 1220.00
40 68 987.00
40 69 987.00
40 70 987.00
40 71 2060.00
40 72 2060.00
40 73 2060.00
40 74 2349.00
40 75 2349.00
40 76 2349.00
40 77 2495.00
40 78 2495.00
40 79 2495.00
40 80 1261.00
40 81 1261.00
40 82 1261.00
40 83 3398.00
40 84 3398.00
40 85 3398.00
40 86 3499.00
40 87 3499.00
40 88 574.00
40 89 574.00
40 90 518.00
40 91 518.00
40 92 518.00
41 42 0.00
41 43 0.00
41 44 1799.00
41 45 1799.00
41 46 1799.00
41 47 2102.00
41 48 2102.00
41 49 2102.00
41 50 1729.00
41 51 1729.00
41 52 1729.00
41 53 1952.00
41 54 1952.00
41 55 1952.00
41 56 1753.00
41 57 1753.00
41 58 1753.00
41 59 1373.00
41 60 1373.00
41 61 1373.00
41 62 1059.00
41 63 1059.00
41 64 1059.00
41 65 1592.00
41 66 1592.00
41 67 1592.00
41 68 2016.00
41 69 2016.00
41 70 2016.00
41 71 1242.00
41 72 1242.00
41 73 1242.00
41 74 1499.00
41 75 1499.00
41 76 1499.00
41 77 165.00
41 78 165.00
41 79 165.00
41 80 1307.00
41 81 1307.00
41 82 1307.00
41 83 1093.00
41 84 1093.00
41 85 1093.00
41 86 2161.00
41 87 2161.00
41 88 2621.00
41 89 2621.00
41 90 2054.00
41 91 2054.00
41 92 2054.00
42 43 0.00
42 44 1799.00
42 45 1799.00
42 46 1799.00
42 47 2102.00
42 48 2102.00
42 49 2102.00
42 50 1729.00
42 51 1729.00
42 52 1729.00
42 53 1952.00
42 54 1952.00
42 55 1952.00
42 56 1753.00
42 57 1753.00
42 58 1753.00
42 59 1373.00
42 60 1373.00
42 61 1373.00
42 62 1059.00
42 63 1059.00
42 64 1059.00
42 65 1592.00
42 66 1592.00
42 67 1592.00
42 68 2016.00
42 69 2016.00
42 70 2016.00
42 71 1242.00
42 72 1242.00
42 73 1242.00
42 74 1499.00
42 75 1499.00
42 76 1499.00
42 77 165.00
42 78 165.00
42 79 165.00
42 80 1307.00
42 81 1307.00
42 82 1307.00
42 83 1093.00
42 84 1093.00
42 85 1093.00
42 86 2161.00
42 87 2161.00
42 88 2621.00
42 89 2621.00
42 90 2054.00
42 91 2054.00
42 92 2054.00
43 44 1799.00
43 45 1799.00
43 46 1799.00
43 47 2102.00
43 48 2102.00
43 49 2102.00
43 50 1729.00
43 51 1729.00
43 52 1729.00
43 53 1952.00
43 54 1952.00
43 55 1952.00
43 56 1753.00
43 57 1753.00
43 58 1753.00
43 59 1373.00
43 60 1373.00
43 61 1373.00
43 62 1059.00
43 63 1059.00
43 64 1059.00
43 65 1592.00
43 66 1592.00
43 67 1592.00
43 68 2016.00
43 69 2016.00
43 70 2016.00
43 71 1242.00
43 72 1242.00
43 73 1242.00
43 74 1499.00
43 75 1499.00
43 76 1499.00
43 77 165.00
43 78 165.00
43 79 165.00
43 80 1307.00
43 81 1307.00
43 82 1307.00
43 83 1093.00
43 84 1093.00
43 85 1093.00
43 86 2161.00
43 87 2161.00
43 88 2621.00
43 89 2621.00
43 90 2054.00
43 91 2054.00
43 92 2054.00
44 45 0.00
44 46 0.00
44 47 2518.00
44 48 2518.00
44 49 2518.00
44 50 1333.00
44 51 1333.00
44 52 1333.00
44 53 2558.00
44 54 2558.00
44 55 2558.00
44 56 171.00
44 57 171.00
44 58 171.00
44 59 1177.00
44 60 1177.00
44 61 1177.00
44 62 2001.00
44 63 2001.00
44 64 2001.00
44 65 688.00
44 66 688.00
44 67 688.00
44 68 729.00
44 69 729.00
44 70 729.00
44 71 1465.00
44 72 1465.00
44 73 1465.00
44 74 1806.00
44 75 1806.00
44 76 1806.00
44 77 1757.00
44 78 1757.00
44 79 1757.00
44 80 540.00
44 81 540.00
44 82 540.00
44 83 2687.00
44 84 2687.00
44 85 2687.00
44 86 2958.00
44 87 2958.00
44 88 946.00
44 89 946.00
44 90 303.00
44 91 303.00
44 92 303.00
45 46 0.00
45 47 2518.00
45 48 2518.00
45 49 2518.00
45 50 1333.00
45 51 1333.00
45 52 1333.00
45 53 2558.00
45 54 2558.00
45 55 2558.00
45 56 171.00
45 57 171.00
45 58 171.00
45 59 1177.00
45 60 1177.00
45 61 1177.00
45 62 2001.00
45 63 2001.00
45 64 2001.00
45 65 688.00
45 66 688.00
45 67 688.00
45 68 729.00
45 69 729.00
45 70 729.00
45 71 1465.00
45 72 1465.00
45 73 1465.00
45 74 1806.00
45 75 1806.00
45 76 1806.00
45 77 1757.00
45 78 1757.00
45 79 1757.00
45 80 540.00
45 81 540.00
45 82 540.00
45 83 2687.00
45 84 2687.00
45 85 2687.00
45 86 2958.00
45 87 2958.00
45 88 946.00
45 89 946.00
45 90 303.00
45 91 303.00
45 92 303.00
46 47 2518.00
46 48 2518.00
46 49 2518.00
46 50 1333.00
46 51 1333.00
46 52 1333.00
46 53 2558.00
46 54 2558.00
46 55 2558.00
46 56 171.00
46 57 171.00
46 58 171.00
46 59 1177.00
46 60 1177.00
46 61 1177.00
46 62 2001.00
46 63 2001.00
46 64 2001.00
46 65 688.00
46 66 688.00
46 67 688.00
46 68 729.00
46 69 729.00
46 70 729.00
46 71 1465.00
46 72 1465.00
46 73 1465.00
46 74 1806.00
46 75 1806.00
46 76 1806.00
46 77 1757.00
46 78 1757.00
46 79 1757.00
46 80 540.00
46 81 540.00
46 82 540.00
46 83 2687.00
46 84 2687.00
46 85 2687.00
46 86 2958.00
46 87 2958.00
46 88 946.00
46 89 946.00
46 90 303.00
46 91 303.00
46 92 303.00
47 48 0.00
47 49 0.00
47 50 3393.00
47 51 3393.00
47 52 3393.00
47 53 257.00
47 54 257.00
47 55 257.00
47 56 2624.00
47 57 2624.00
47 58 2624.00
47 59 1352.00
47 60 1352.00
47 61 1352.00
47 62 1050.00
47 63 1050.00
47 64 1050.00
47 65 1836.00
47 66 1836.00
47 67 1836.00
47 68 3180.00
47 69 3180.00
47 70 3180.00
47 71 1128.00
47 72 1128.00
47 73 1128.00
47 74 748.00
47 75 748.00
47 76 748.00
47 77 2250.00
47 78 2250.00
47 79 2250.00
47 80 2443.00
47 81 2443.00
47 82 2443.00
47 83 1728.00
47 84 1728.00
47 85 1728.00
47 86 604.00
47 87 604.00
47 88 3427.00
47 89 3427.00
47 90 2533.00
47 91 2533.00
47 92 2533.00
48 49 0.00
48 50 3393.00
48 51 3393.00
48 52 3393.00
48 53 257.00
48 54 257.00
48 55 257.00
48 56 2624.00
48 57 2624.00
48 58 2624.00
48 59 1352.00
48 60 1352.00
48 61 1352.00
48 62 1050.00
48 63 1050.00
48 64 1050.00
48 65 1836.00
48 66 1836.00
48 67 1836.00
48 68 3180.00
48 69 3180.00
48 70 3180.00
48 71 1128.00
48 72 1128.00
48 73 1128.00
48 74 748.00
48 75 748.00
48 76 748.00
48 77 2250.00
48 78 2250.00
48 79 2250.00
48 80 2443.00
48 81 2443.00
48 82 2443.00
48 83 1728.00
48 84 1728.00
48 85 1728.00
48 86 604.00
48 87 604.00
48 88 3427.00
48 89 3427.00
48 90 2533.00
48 91 2533.00
48 92 2533.00
49 50 3393.00
49 51 3393.00
49 52 3393.00
49 53 257.00
49 54 257.00
49 55 257.00
49 56 2624.00
49 57 2624.00
49 58 2624.00
49 59 1352.00
49 60 1352.00
49 61 1352.00
49 62 1050.00
49 63 1050.00
49 64 1050.00
49 65 1836.00
49 66 1836.00
49 67 1836.00
49 68 3180.00
49 69 3180.00
49 70 3180.00
49 71 1128.00
49 72 1128.00
49 73 1128.00
49 74 748.00
49 75 748.00
49 76 748.00
49 77 2250.00
49 78 2250.00
49 79 2250.00
49 80 2443.00
49 81 2443.00
49 82 2443.00
49 83 1728.00
49 84 1728.00
49 85 1728.00
49 86 604.00
49 87 604.00
49 88 3427.00
49 89 3427.00
49 90 2533.00
49 91 2533.00
49 92 2533.00
50 51 0.00
50 52 0.00
50 53 3340.00
50 54 3340.00
50 55 3340.00
50 56 1164.00
50 57 1164.00
50 58 1164.00
50 59 2116.00
50 60 2116.00
50 61 2116.00
50 62 2533.00
50 63 2533.00
50 64 2533.00
50 65 1829.00
50 66 1829.00
50 67 1829.00
50 68 806.00
50 69 806.00
50 70 806.00
50 71 2268.00
50 72 2268.00
50 73 2268.00
50 74 2648.00
50 75 2648.00
50 76 2648.00
50 77 1586.00
50 78 1586.00
50 79 1586.00
50 80 1021.00
50 81 1021.00
50 82 1021.00
50 83 2822.00
50 84 2822.00
50 85 2822.00
50 86 3665.00
50 87 3665.00
50 88 1473.00
50 89 1473.00
50 90 1603.00
50 91 1603.00
50 92 1603.00
51 52 0.00
51 53 3340.00
51 54 3340.00
51 55 3340.00
51 56 1164.00
51 57 1164.00
51 58 1164.00
51 59 2116.00
51 60 2116.00
51 61 2116.00
51 62 2533.00
51 63 2533.00
51 64 2533.00
51 65 1829.00
51 66 1829.00
51 67 1829.00
51 68 806.00
51 69 806.00
51 70 806.00
51 71 2268.00
51 72 2268.00
51 73 2268.00
51 74 2648.00
51 75 2648.00
51 76 2648.00
51 77 1586.00
51 78 1586.00
51 79 1586.00
51 80 1021.00
51 81 1021.00
51 82 1021.00
51 83 2822.00
51 84 2822.00
51 85 2822.00
51 86 3665.00
51 87 3665.00
51 88 1473.00
51 89 1473.00
51 90 1603.00
51 91 1603.00
51 92 1603.00
52 53 3340.00
52 54 3340.00
52 55 3340.00
52 56 1164.00
52 57 1164.00
52 58 1164.00
52 59 2116.00
52 60 2116.00
52 61 2116.00
52 62 2533.00
52 63 2533.00
52 64 2533.00
52 65 1829.00
52 66 1829.00
52 67 1829.00
52 68 806.00
52 69 806.00
52 70 806.00
52 71 2268.00
52 72 2268.00
52 73 2268.00
52 74 2648.00
52 75 2648.00
52 76 2648.00
52 77 1586.00
52 78 1586.00
52 79 1586.00
52 80 1021.00
52 81 1021.00
52 82 1021.00
52 83 2822.00
52 84 2822.00
52 85 2822.00
52 86 3665.00
52 87 3665.00
52 88 1473.00
52 89 1473.00
52 90 1603.00
52 91 1603.00
52 92 1603.00
53 54 0.00
53 55 0.00
53 56 2650.00
53 57 2650.00
53 58 2650.00
53 59 1381.00
53 60 1381.00
53 61 1381.00
53 62 893.00
53 63 893.00
53 64 893.00
53 65 1891.00
53 66 1891.00
53 67 1891.00
53 68 3189.00
53 69 3189.00
53 70 3189.00
53 71 1114.00
53 72 1114.00
53 73 1114.00
53 74 752.00
53 75 752.00
53 76 752.00
53 77 2106.00
53 78 2106.00
53 79 2106.00
53 80 2428.00
53 81 2428.00
53 82 2428.00
53 83 1489.00
53 84 1489.00
53 85 1489.00
53 86 424.00
53 87 424.00
53 88 3486.00
53 89 3486.00
53 90 2603.00
53 91 2603.00
53 92 2603.00
54 55 0.00
54 56 2650.00
54 57 2650.00
54 58 2650.00
54 59 1381.00
54 60 1381.00
54 61 1381.00
54 62 893.00
54 63 893.00
54 64 893.00
54 65 1891.00
54 66 1891.00
54 67 1891.00
54 68 3189.00
54 69 3189.00
54 70 3189.00
54 71 1114.00
54 72 1114.00
54 73 1114.00
54 74 752.00
54 75 752.00
54 76 752.00
54 77 2106.00
54 78 2106.00
54 79 2106.00
54 80 2428.00
54 81 2428.00
54 82 2428.00
54 83 1489.00
54 84 1489.00
54 85 1489.00
54 86 424.00
54 87 424.00
54 88 3486.00
54 89 3486.00
54 90 2603.00
54 91 2603.00
54 92 2603.00
55 56 2650.00
55 57 2650.00
55 58 2650.00
55 59 1381.00
55 60 1381.00
55 61 1381.00
55 62 893.00
55 63 893.00
55 64 893.00
55 65 1891.00
55 66 1891.00
55 67 1891.00
55 68 3189.00
55 69 3189.00
55 70 3189.00
55 71 1114.00
55 72 1114.00
55 73 1114.00
55 74 752.00
55 75 752.00
55 76 752.00
55 77 2106.00
55 78 2106.00
55 79 2106.00
55 80 2428.00
55 81 2428.00
55 82 2428.00
55 83 1489.00
55 84 1489.00
55 85 1489.00
55 86 424.00
55 87 424.00
55 88 3486.00
55 89 3486.00
55 90 2603.00
55 91 2603.00
55 92 2603.00
56 57 0.00
56 58 0.00
56 59 1274.00
56 60 1274.00
56 61 1274.00
56 62 2047.00
56 63 2047.00
56 64 2047.00
56 65 814.00
56 66 814.00
56 67 814.00
56 68 579.00
56 69 579.00
56 70 579.00
56 71 1544.00
56 72 1544.00
56 73 1544.00
56 74 1899.00
56 75 1899.00
56 76 1899.00
56 77 1696.00
56 78 1696.00
56 79 1696.00
56 80 453.00
56 81 453.00
56 82 453.00
56 83 2687.00
56 84 2687.00
56 85 2687.00
56 86 3042.00
56 87 3042.00
56 88 908.00
56 89 908.00
56 90 452.00
56 91 452.00
56 92 452.00
57 58 0.00
57 59 1274.00
57 60 1274.00
57 61 1274.00
57 62 2047.00
57 63 2047.00
57 64 2047.00
57 65 814.00
57 66 814.00
57 67 814.00
57 68 579.00
57 69 579.00
57 70 579.00
57 71 1544.00
57 72 1544.00
57 73 1544.00
57 74 1899.00
57 75 1899.00
57 76 1899.00
57 77 1696.00
57 78 1696.00
57 79 1696.00
57 80 453.00
57 81 453.00
57 82 453.00
57 83 2687.00
57 84 2687.00
57 85 2687.00
57 86 3042.00
57 87 3042.00
57 88 908.00
57 89 908.00
57 90 452.00
57 91 452.00
57 92 452.00
58 59 1274.00
58 60 1274.00
58 61 1274.00
58 62 2047.00
58 63 2047.00
58 64 2047.00
58 65 814.00
58 66 814.00
58 67 814.00
58 68 579.00
58 69 579.00
58 70 579.00
58 71 1544.00
58 72 1544.00
58 73 1544.00
58 74 1899.00
58 75 1899.00
58 76 1899.00
58 77 1696.00
58 78 1696.00
58 79 1696.00
58 80 453.00
58 81 453.00
58 82 453.00
58 83 2687.00
58 84 2687.00
58 85 2687.00
58 86 3042.00
58 87 3042.00
58 88 908.00
58 89 908.00
58 90 452.00
58 91 452.00
58 92 452.00
59 60 0.00
59 61 0.00
59 62 953.00
59 63 953.00
59 64 953.00
59 65 523.00
59 66 523.00
59 67 523.00
59 68 1829.00
59 69 1829.00
59 70 1829.00
59 71 324.00
59 72 324.00
59 73 324.00
59 74 629.00
59 75 629.00
59 76 629.00
59 77 1447.00
59 78 1447.00
59 79 1447.00
59 80 1117.00
59 81 1117.00
59 82 1117.00
59 83 1817.00
59 84 1817.00
59 85 1817.00
59 86 1783.00
59 87 1783.00
59 88 2109.00
59 89 2109.00
59 90 1241.00
59 91 1241.00
59 92 1241.00
60 61 0.00
60 62 953.00
60 63 953.00
60 64 953.00
60 65 523.00
60 66 523.00
60 67 523.00
60 68 1829.00
60 69 1829.00
60 70 1829.00
60 71 324.00
60 72 324.00
60 73 324.00
60 74 629.00
60 75 629.00
60 76 629.00
60 77 1447.00
60 78 1447.00
60 79 1447.00
60 80 1117.00
60 81 1117.00
60 82 1117.00
60 83 1817.00
60 84 1817.00
60 85 1817.00
60 86 1783.00
60 87 1783.00
60 88 2109.00
60 89 2109.00
60 90 1241.00
60 91 1241.00
60 92 1241.00
61 62 953.00
61 63 953.00
61 64 953.00
61 65 523.00
61 66 523.00
61 67 523.00
61 68 1829.00
61 69 1829.00
61 70 1829.00
61 71 324.00
61 72 324.00
61 73 324.00
61 74 629.00
61 75 629.00
61 76 629.00
61 77 1447.00
61 78 1447.00
61 79 1447.00
61 80 1117.00
61 81 1117.00
61 82 1117.00
61 83 1817.00
61 84 1817.00
61 85 1817.00
61 86 1783.00
61 87 1783.00
61 88 2109.00
61 89 2109.00
61 90 1241.00
61 91 1241.00
61 92 1241.00
62 63 0.00
62 64 0.00
62 65 1445.00
62 66 1445.00
62 67 1445.00
62 68 2518.00
62 69 2518.00
62 70 2518.00
62 71 635.00
62 72 635.00
62 73 635.00
62 74 605.00
62 75 605.00
62 76 605.00
62 77 1213.00
62 78 1213.00
62 79 1213.00
62 80 1725.00
62 81 1725.00
62 82 1725.00
62 83 918.00
62 84 918.00
62 85 918.00
62 86 1143.00
62 87 1143.00
62 88 2944.00
62 89 2944.00
62 90 2137.00
62 91 2137.00
62 92 2137.00
63 64 0.00
63 65 1445.00
63 66 1445.00
63 67 1445.00
63 68 2518.00
63 69 2518.00
63 70 2518.00
63 71 635.00
63 72 635.00
63 73 635.00
63 74 605.00
63 75 605.00
63 76 605.00
63 77 1213.00
63 78 1213.00
63 79 1213.00
63 80 1725.00
63 81 1725.00
63 82 1725.00
63 83 918.00
63 84 918.00
63 85 918.00
63 86 1143.00
63 87 1143.00
63 88 2944.00
63 89 2944.00
63 90 2137.00
63 91 2137.00
63 92 2137.00
64 65 1445.00
64 66 1445.00
64 67 1445.00
64 68 2518.00
64 69 2518.00
64 70 2518.00
64 71 635.00
64 72 635.00
64 73 635.00
64 74 605.00
64 75 605.00
64 76 605.00
64 77 1213.00
64 78 1213.00
64 79 1213.00
64 80 1725.00
64 81 1725.00
64 82 1725.00
64 83 918.00
64 84 918.00
64 85 918.00
64 86 1143.00
64 87 1143.00
64 88 2944.00
64 89 2944.00
64 90 2137.00
64 91 2137.00
64 92 2137.00
65 66 0.00
65 67 0.00
65 68 1391.00
65 69 1391.00
65 70 1391.00
65 71 840.00
65 72 840.00
65 73 840.00
65 74 1144.00
65 75 1144.00
65 76 1144.00
65 77 1614.00
65 78 1614.00
65 79 1614.00
65 80 814.00
65 81 814.00
65 82 814.00
65 83 2253.00
65 84 2253.00
65 85 2253.00
65 86 2300.00
65 87 2300.00
65 88 1595.00
65 89 1595.00
65 90 717.00
65 91 717.00
65 92 717.00
66 67 0.00
66 68 1391.00
66 69 1391.00
66 70 1391.00
66 71 840.00
66 72 840.00
66 73 840.00
66 74 1144.00
66 75 1144.00
66 76 1144.00
66 77 1614.00
66 78 1614.00
66 79 1614.00
66 80 814.00
66 81 814.00
66 82 814.00
66 83 2253.00
66 84 2253.00
66 85 2253.00
66 86 2300.00
66 87 2300.00
66 88 1595.00
66 89 1595.00
66 90 717.00
66 91 717.00
66 92 717.00
67 68 1391.00
67 69 1391.00
67 70 1391.00
67 71 840.00
67 72 840.00
67 73 840.00
67 74 1144.00
67 75 1144.00
67 76 1144.00
67 77 1614.00
67 78 1614.00
67 79 1614.00
67 80 814.00
67 81 814.00
67 82 814.00
67 83 2253.00
67 84 2253.00
67 85 2253.00
67 86 2300.00
67 87 2300.00
67 88 1595.00
67 89 1595.00
67 90 717.00
67 91 717.00
67 92 717.00
68 69 0.00
68 70 0.00
68 71 2075.00
68 72 2075.00
68 73 2075.00
68 74 2443.00
68 75 2443.00
68 76 2443.00
68 77 1918.00
68 78 1918.00
68 79 1918.00
68 80 795.00
68 81 795.00
68 82 795.00
68 83 3048.00
68 84 3048.00
68 85 3048.00
68 86 3568.00
68 87 3568.00
68 88 698.00
68 89 698.00
68 90 915.00
68 91 915.00
68 92 915.00
69 70 0.00
69 71 2075.00
69 72 2075.00
69 73 2075.00
69 74 2443.00
69 75 2443.00
69 76 2443.00
69 77 1918.00
69 78 1918.00
69 79 1918.00
69 80 795.00
69 81 795.00
69 82 795.00
69 83 3048.00
69 84 3048.00
69 85 3048.00
69 86 3568.00
69 87 3568.00
69 88 698.00
69 89 698.00
69 90 915.00
69 91 915.00
69 92 915.00
70 71 2075.00
70 72 2075.00
70 73 2075.00
70 74 2443.00
70 75 2443.00
70 76 2443.00
70 77 1918.00
70 78 1918.00
70 79 1918.00
70 80 795.00
70 81 795.00
70 82 795.00
70 83 3048.00
70 84 3048.00
70 85 3048.00
70 86 3568.00
70 87 3568.00
70 88 698.00
70 89 698.00
70 90 915.00
70 91 915.00
70 92 915.00
71 72 0.00
71 73 0.00
71 74 380.00
71 75 380.00
71 76 380.00
71 77 1346.00
71 78 1346.00
71 79 1346.00
71 80 1318.00
71 81 1318.00
71 82 1318.00
71 83 1524.00
71 84 1524.00
71 85 1524.00
71 86 1498.00
71 87 1498.00
71 88 2406.00
71 89 2406.00
71 90 1554.00
71 91 1554.00
71 92 1554.00
72 73 0.00
72 74 380.00
72 75 380.00
72 76 380.00
72 77 1346.00
72 78 1346.00
72 79 1346.00
72 80 1318.00
72 81 1318.00
72 82 1318.00
72 83 1524.00
72 84 1524.00
72 85 1524.00
72 86 1498.00
72 87 1498.00
72 88 2406.00
72 89 2406.00
72 90 1554.00
72 91 1554.00
72 92 1554.00
73 74 380.00
73 75 380.00
73 76 380.00
73 77 1346.00
73 78 1346.00
73 79 1346.00
73 80 1318.00
73 81 1318.00
73 82 1318.00
73 83 1524.00
73 84 1524.00
73 85 1524.00
73 86 1498.00
73 87 1498.00
73 88 2406.00
73 89 2406.00
73 90 1554.00
73 91 1554.00
73 92 1554.00
74 75 0.00
74 76 0.00
74 77 1626.00
74 78 1626.00
74 79 1626.00
74 80 1696.00
74 81 1696.00
74 82 1696.00
74 83 1514.00
74 84 1514.00
74 85 1514.00
74 86 1156.00
74 87 1156.00
74 88 2736.00
74 89 2736.00
74 90 1860.00
74 91 1860.00
74 92 1860.00
75 76 0.00
75 77 1626.00
75 78 1626.00
75 79 1626.00
75 80 1696.00
75 81 1696.00
75 82 1696.00
75 83 1514.00
75 84 1514.00
75 85 1514.00
75 86 1156.00
75 87 1156.00
75 88 2736.00
75 89 2736.00
75 90 1860.00
75 91 1860.00
75 92 1860.00
76 77 1626.00
76 78 1626.00
76 79 1626.00
76 80 1696.00
76 81 1696.00
76 82 1696.00
76 83 1514.00
76 84 1514.00
76 85 1514.00
76 86 1156.00
76 87 1156.00
76 88 2736.00
76 89 2736.00
76 90 1860.00
76 91 1860.00
76 92 1860.00
77 78 0.00
77 79 0.00
77 80 1245.00
77 81 1245.00
77 82 1245.00
77 83 1241.00
77 84 1241.00
77 85 1241.00
77 86 2323.00
77 87 2323.00
77 88 2543.00
77 89 2543.00
77 90 2025.00
77 91 2025.00
77 92 2025.00
78 79 0.00
78 80 1245.00
78 81 1245.00
78 82 1245.00
78 83 1241.00
78 84 1241.00
78 85 1241.00
78 86 2323.00
78 87 2323.00
78 88 2543.00
78 89 2543.00
78 90 2025.00
78 91 2025.00
78 92 2025.00
79 80 1245.00
79 81 1245.00
79 82 1245.00
79 83 1241.00
79 84 1241.00
79 85 1241.00
79 86 2323.00
79 87 2323.00
79 88 2543.00
79 89 2543.00
79 90 2025.00
79 91 2025.00
79 92 2025.00
80 81 0.00
80 82 0.00
80 83 2280.00
80 84 2280.00
80 85 2280.00
80 86 2792.00
80 87 2792.00
80 88 1320.00
80 89 1320.00
80 90 836.00
80 91 836.00
80 92 836.00
81 82 0.00
81 83 2280.00
81 84 2280.00
81 85 2280.00
81 86 2792.00
81 87 2792.00
81 88 1320.00
81 89 1320.00
81 90 836.00
81 91 836.00
81 92 836.00
82 83 2280.00
82 84 2280.00
82 85 2280.00
82 86 2792.00
82 87 2792.00
82 88 1320.00
82 89 1320.00
82 90 836.00
82 91 836.00
82 92 836.00
83 84 0.00
83 85 0.00
83 86 1480.00
83 87 1480.00
83 88 3591.00
83 89 3591.00
83 90 2883.00
83 91 2883.00
83 92 2883.00
84 85 0.00
84 86 1480.00
84 87 1480.00
84 88 3591.00
84 89 3591.00
84 90 2883.00
84 91 2883.00
84 92 2883.00
85 86 1480.00
85 87 1480.00
85 88 3591.00
85 89 3591.00
85 90 2883.00
85 91 2883.00
85 92 2883.00
86 87 0.00
86 88 3892.00
86 89 3892.00
86 90 3015.00
86 91 3015.00
86 92 3015.00
87 88 3892.00
87 89 3892.00
87 90 3015.00
87 91 3015.00
87 92 3015.00
88 89 0.00
88 90 898.00
88 91 898.00
88 92 898.00
89 90 898.00
89 91 898.00
89 92 898.00
90 91 0.00
90 92 0.00
91 92 0.00

25 0 0 0 0 1 1 0 0 0 0 0 0 0 0 0 0 0 0 0 0 0 0 0 0 0 0 0 0 0 0 0 0 0 0 0 0 1 0 0 0 0 1 0 0 1 0 0 0 0 0
26 0 0 0 0 1 1 0 0 0 0 0 0 0 0 0 0 0 0 0 0 0 0 0 0 0 0 0 0 0 0 0 0 0 0 0 0 1 0 0 0 0 1 0 0 1 0 0 0 0 0
27 0 1 0 0 0 0 0 0 0 0 0 0 0 0 0 1 0 0 0 0 0 0 1 0 0 0 0 0 1 0 1 0 0 1 0 0 0 1 0 0 0 0 0 0 0 0 0 0 0 0
28 0 1 0 0 0 0 0 0 0 0 0 0 0 0 0 1 0 0 0 0 0 0 1 0 0 0 0 0 1 0 1 0 0 1 0 0 0 1 0 0 0 0 0 0 0 0 0 0 0 0
29 0 1 0 0 0 0 0 0 0 0 0 0 0 0 0 1 0 0 0 0 0 0 1 0 0 0 0 0 1 0 1 0 0 1 0 0 0 1 0 0 0 0 0 0 0 0 0 0 0 0
30 0 0 0 0 0 1 0 0 0 0 0 0 0 0 0 0 0 0 0 0 0 0 0 0 0 0 0 0 0 0 0 0 0 0 0 0 0 0 0 0 0 0 0 0 1 0 0 0 0 0
31 0 0 0 0 0 1 0 0 0 0 0 0 0 0 0 0 0 0 0 0 0 0 0 0 0 0 0 0 0 0 0 0 0 0 0 0 0 0 0 0 0 0 0 0 1 0 0 0 0 0
32 0 0 0 0 0 0 0 1 0 0 0 0 0 0 0 0 1 0 0 0 0 0 0 0 1 0 0 0 0 0 0 0 0 0 0 0 0 0 0 0 0 0 0 0 0 0 0 0 0 0
33 0 0 0 0 0 0 0 1 0 0 0 0 0 0 0 0 1 0 0 0 0 0 0 0 1 0 0 0 0 0 0 0 0 0 0 0 0 0 0 0 0 0 0 0 0 0 0 0 0 0
34 1 0 0 0 0 0 0 0 0 0 0 1 0 0 0 0 0 0 0 0 0 0 0 0 0 0 0 0 0 0 0 0 0 0 0 0 0 0 0 0 0 1 0 0 0 0 0 0 0 1
35 1 0 0 0 0 0 0 0 0 0 0 1 0 0 0 0 0 0 0 0 0 0 0 0 0 0 0 0 0 0 0 0 0 0 0 0 0 0 0 0 0 1 0 0 0 0 0 0 0 1
36 0 0 0 0 0 0 1 0 0 0 0 0 0 0 1 0 0 1 0 0 0 1 0 0 0 1 0 1 0 1 0 0 0 0 0 1 0 0 0 0 0 0 0 0 0 1 0 0 1 0
37 0 0 0 0 0 0 1 0 0 0 0 0 0 0 1 0 0 1 0 0 0 1 0 0 0 1 0 1 0 1 0 0 0 0 0 1 0 0 0 0 0 0 0 0 0 1 0 0 1 0
38 0 0 0 0 0 0 1 0 0 0 0 0 0 0 1 0 0 1 0 0 0 1 0 0 0 1 0 1 0 1 0 0 0 0 0 1 0 0 0 0 0 0 0 0 0 1 0 0 1 0
39 0 0 0 0 0 0 0 0 0 0 0 0 0 0 0 0 0 0 0 1 0 0 0 0 0 0 0 0 0 0 0 0 0 0 0 0 0 0 1 1 0 0 0 1 0 0 1 1 0 0
40 0 0 0 0 0 0 0 0 0 0 0 0 0 0 0 0 0 0 0 1 0 0 0 0 0 0 0 0 0 0 0 0 0 0 0 0 0 0 1 1 0 0 0 1 0 0 1 1 0 0
41 0 0 0 0 0 0 1 0 0 0 0 0 0 0 1 0 0 1 0 0 0 0 0 0 0 0 0 1 0 1 0 1 0 0 0 1 0 0 0 0 0 0 0 0 0 1 0 0 1 0
42 0 0 0 0 0 0 1 0 0 0 0 0 0 0 1 0 0 1 0 0 0 0 0 0 0 0 0 1 0 1 0 1 0 0 0 1 0 0 0 0 0 0 0 0 0 1 0 0 1 0
43 0 0 0 0 0 0 1 0 0 0 0 0 0 0 1 0 0 1 0 0 0 0 0 0 0 0 0 1 0 1 0 1 0 0 0 1 0 0 0 0 0 0 0 0 0 1 0 0 1 0
44 0 1 0 0 0 0 0 0 0 0 0 0 0 0 0 1 0 0 0 0 0 0 0 0 0 0 0 0 1 0 1 0 0 1 0 0 0 1 1 1 0 0 0 1 0 0 0 0 0 0
45 0 1 0 0 0 0 0 0 0 0 0 0 0 0 0 1 0 0 0 0 0 0 0 0 0 0 0 0 1 0 1 0 0 1 0 0 0 1 1 1 0 0 0 1 0 0 0 0 0 0
46 0 1 0 0 0 0 0 0 0 0 0 0 0 0 0 1 0 0 0 0 0 0 0 0 0 0 0 0 1 0 1 0 0 1 0 0 0 1 1 1 0 0 0 1 0 0 0 0 0 0
47 1 0 1 0 0 0 0 0 0 1 0 1 0 0 0 0 0 0 0 0 0 0 0 0 0 0 0 0 0 0 0 0 0 0 0 0 0 0 0 0 0 1 0 0 0 0 0 0 0 1
48 1 0 1 0 0 0 0 0 0 1 0 1 0 0 0 0 0 0 0 0 0 0 0 0 0 0 0 0 0 0 0 0 0 0 0 0 0 0 0 0 0 1 0 0 0 0 0 0 0 1
49 1 0 1 0 0 0 0 0 0 1 0 1 0 0 0 0 0 0 0 0 0 0 0 0 0 0 0 0 0 0 0 0 0 0 0 0 0 0 0 0 0 1 0 0 0 0 0 0 0 1
50 0 0 0 0 0 0 0 1 0 0 1 0 0 0 0 0 1 0 0 0 0 0 0 1 1 0 0 0 0 0 0 0 0 0 0 0 0 0 0 0 0 0 0 0 0 0 0 0 0 0
51 0 0 0 0 0 0 0 1 0 0 1 0 0 0 0 0 1 0 0 0 0 0 0 1 1 0 0 0 0 0 0 0 0 0 0 0 0 0 0 0 0 0 0 0 0 0 0 0 0 0
52 0 0 0 0 0 0 0 1 0 0 1 0 0 0 0 0 1 0 0 0 0 0 0 1 1 0 0 0 0 0 0 0 0 0 0 0 0 0 0 0 0 0 0 0 0 0 0 0 0 0
53 1 0 1 0 1 0 0 0 0 1 0 1 0 0 0 0 0 0 0 0 0 0 0 0 0 0 0 0 0 0 0 0 0 0 0 0 0 0 0 0 0 1 0 0 0 0 0 0 0 1
54 1 0 1 0 1 0 0 0 0 1 0 1 0 0 0 0 0 0 0 0 0 0 0 0 0 0 0 0 0 0 0 0 0 0 0 0 0 0 0 0 0 1 0 0 0 0 0 0 0 1
55 1 0 1 0 1 0 0 0 0 1 0 1 0 0 0 0 0 0 0 0 0 0 0 0 0 0 0 0 0 0 0 0 0 0 0 0 0 0 0 0 0 1 0 0 0 0 0 0 0 1
56 0 1 0 0 0 0 0 0 0 0 0 0 0 0 0 1 0 0 0 0 0 0 0 0 0 0 0 0 0 0 1 0 0 0 0 0 0 1 1 1 0 0 0 1 0 0 0 0 0 0
57 0 1 0 0 0 0 0 0 0 0 0 0 0 0 0 1 0 0 0 0 0 0 0 0 0 0 0 0 0 0 1 0 0 0 0 0 0 1 1 1 0 0 0 1 0 0 0 0 0 0
58 0 1 0 0 0 0 0 0 0 0 0 0 0 0 0 1 0 0 0 0 0 0 0 0 0 0 0 0 0 0 1 0 0 0 0 0 0 1 1 1 0 0 0 1 0 0 0 0 0 0
59 0 0 0 1 0 0 0 0 0 0 0 0 1 1 0 0 0 0 1 0 1 0 1 0 0 0 1 0 0 0 0 0 0 1 0 0 0 0 0 0 1 0 1 0 0 0 0 0 0 0
60 0 0 0 1 0 0 0 0 0 0 0 0 1 1 0 0 0 0 1 0 1 0 1 0 0 0 1 0 0 0 0 0 0 1 0 0 0 0 0 0 1 0 1 0 0 0 0 0 0 0
61 0 0 0 1 0 0 0 0 0 0 0 0 1 1 0 0 0 0 1 0 1 0 1 0 0 0 1 0 0 0 0 0 0 1 0 0 0 0 0 0 1 0 1 0 0 0 0 0 0 0
62 0 0 1 0 1 0 0 0 1 1 0 0 0 1 0 0 0 0 0 0 0 0 0 0 0 0 1 0 0 0 0 1 1 0 1 0 0 0 0 0 0 0 0 0 0 1 0 0 0 0
63 0 0 1 0 1 0 0 0 1 1 0 0 0 1 0 0 0 0 0 0 0 0 0 0 0 0 1 0 0 0 0 1 1 0 1 0 0 0 0 0 0 0 0 0 0 1 0 0 0 0
64 0 0 1 0 1 0 0 0 1 1 0 0 0 1 0 0 0 0 0 0 0 0 0 0 0 0 1 0 0 0 0 1 1 0 1 0 0 0 0 0 0 0 0 0 0 1 0 0 0 0
65 0 0 0 1 0 0 0 0 0 0 0 0 1 0 0 0 0 0 1 0 0 0 1 0 0 0 0 0 1 0 1 0 0 1 0 0 0 1 0 0 1 0 0 0 0 0 0 0 0 0
66 0 0 0 1 0 0 0 0 0 0 0 0 1 0 0 0 0 0 1 0 0 0 1 0 0 0 0 0 1 0 1 0 0 1 0 0 0 1 0 0 1 0 0 0 0 0 0 0 0 0
67 0 0 0 1 0 0 0 0 0 0 0 0 1 0 0 0 0 0 1 0 0 0 1 0 0 0 0 0 1 0 1 0 0 1 0 0 0 1 0 0 1 0 0 0 0 0 0 0 0 0
68 0 1 0 0 0 0 0 1 0 0 0 0 0 0 0 1 0 0 0 1 0 0 0 1 0 0 0 0 0 0 0 0 0 0 0 0 0 0 1 1 0 0 0 0 0 0 0 0 0 0
69 0 1 0 0 0 0 0 1 0 0 0 0 0 0 0 1 0 0 0 1 0 0 0 1 0 0 0 0 0 0 0 0 0 0 0 0 0 0 1 1 0 0 0 0 0 0 0 0 0 0
70 0 1 0 0 0 0 0 1 0 0 0 0 0 0 0 1 0 0 0 1 0 0 0 1 0 0 0 0 0 0 0 0 0 0 0 0 0 0 1 1 0 0 0 0 0 0 0 0 0 0
71 0 0 1 1 0 0 0 0 1 1 0 0 1 1 0 0 0 0 0 0 1 0 1 0 0 0 1 0 0 0 0 0 1 0 1 0 0 0 0 0 1 0 1 0 0 1 0 0 0 0
72 0 0 1 1 0 0 0 0 1 1 0 0 1 1 0 0 0 0 0 0 1 0 1 0 0 0 1 0 0 0 0 0 1 0 1 0 0 0 0 0 1 0 1 0 0 1 0 0 0 0
73 0 0 1 1 0 0 0 0 1 1 0 0 1 1 0 0 0 0 0 0 1 0 1 0 0 0 1 0 0 0 0 0 1 0 1 0 0 0 0 0 1 0 1 0 0 1 0 0 0 0
74 0 0 1 1 0 0 0 0 1 1 0 1 0 1 0 0 0 0 0 0 1 0 0 0 0 0 1 0 0 0 0 0 1 0 1 0 0 0 0 0 1 0 1 0 0 0 0 0 0 0
75 0 0 1 1 0 0 0 0 1 1 0 1 0 1 0 0 0 0 0 0 1 0 0 0 0 0 1 0 0 0 0 0 1 0 1 0 0 0 0 0 1 0 1 0 0 0 0 0 0 0
76 0 0 1 1 0 0 0 0 1 1 0 1 0 1 0 0 0 0 0 0 1 0 0 0 0 0 1 0 0 0 0 0 1 0 1 0 0 0 0 0 1 0 1 0 0 0 0 0 0 0
77 0 0 0 0 0 0 1 0 0 0 0 0 0 0 1 0 0 1 0 0 0 1 0 0 0 1 0 1 0 1 0 0 0 0 0 1 0 0 0 0 0 0 0 0 0 1 0 0 1 0
78 0 0 0 0 0 0 1 0 0 0 0 0 0 0 1 0 0 1 0 0 0 1 0 0 0 1 0 1 0 1 0 0 0 0 0 1 0 0 0 0 0 0 0 0 0 1 0 0 1 0
79 0 0 0 0 0 0 1 0 0 0 0 0 0 0 1 0 0 1 0 0 0 1 0 0 0 1 0 1 0 1 0 0 0 0 0 1 0 0 0 0 0 0 0 0 0 1 0 0 1 0
80 0 1 0 0 0 0 0 0 0 0 1 0 0 0 0 1 0 0 1 0 0 0 0 1 0 1 0 0 0 1 1 0 0 1 0 0 0 0 0 0 0 0 0 0 0 0 0 0 0 0
81 0 1 0 0 0 0 0 0 0 0 1 0 0 0 0 1 0 0 1 0 0 0 0 1 0 1 0 0 0 1 1 0 0 1 0 0 0 0 0 0 0 0 0 0 0 0 0 0 0 0
82 0 1 0 0 0 0 0 0 0 0 1 0 0 0 0 1 0 0 1 0 0 0 0 1 0 1 0 0 0 1 1 0 0 1 0 0 0 0 0 0 0 0 0 0 0 0 0 0 0 0
83 0 0 0 0 0 1 0 0 0 0 0 0 0 0 0 0 0 0 0 0 0 0 0 0 0 0 0 0 0 0 0 1 0 0 0 0 0 0 0 0 0 0 0 0 1 0 0 0 0 0
84 0 0 0 0 0 1 0 0 0 0 0 0 0 0 0 0 0 0 0 0 0 0 0 0 0 0 0 0 0 0 0 1 0 0 0 0 0 0 0 0 0 0 0 0 1 0 0 0 0 0
85 0 0 0 0 0 1 0 0 0 0 0 0 0 0 0 0 0 0 0 0 0 0 0 0 0 0 0 0 0 0 0 1 0 0 0 0 0 0 0 0 0 0 0 0 1 0 0 0 0 0
86 1 0 0 0 1 0 0 0 0 0 0 1 0 0 0 0 0 0 0 0 0 0 0 0 0 0 0 0 0 0 0 0 0 0 0 0 1 0 0 0 0 1 0 0 0 0 0 0 0 1
87 1 0 0 0 1 0 0 0 0 0 0 1 0 0 0 0 0 0 0 0 0 0 0 0 0 0 0 0 0 0 0 0 0 0 0 0 1 0 0 0 0 1 0 0 0 0 0 0 0 1
88 0 0 0 0 0 0 0 0 0 0 0 0 0 0 0 0 0 0 0 1 0 0 0 0 0 0 0 0 0 0 0 0 0 0 0 0 0 0 1 1 0 0 0 1 0 0 1 1 0 0
89 0 0 0 0 0 0 0 0 0 0 0 0 0 0 0 0 0 0 0 1 0 0 0 0 0 0 0 0 0 0 0 0 0 0 0 0 0 0 1 1 0 0 0 1 0 0 1 1 0 0
90 0 1 0 0 0 0 0 0 0 0 0 0 0 0 0 1 0 0 0 0 0 0 0 0 0 0 0 0 1 0 1 0 0 0 0 0 0 1 1 1 0 0 0 1 0 0 0 0 0 0
91 0 1 0 0 0 0 0 0 0 0 0 0 0 0 0 1 0 0 0 0 0 0 0 0 0 0 0 0 1 0 1 0 0 0 0 0 0 1 1 1 0 0 0 1 0 0 0 0 0 0
92 0 1 0 0 0 0 0 0 0 0 0 0 0 0 0 1 0 0 0 0 0 0 0 0 0 0 0 0 1 0 1 0 0 0 0 0 0 1 1 1 0 0 0 1 0 0 0 0 0 0
2 3 3 2 2 1 3 1 2 2 1 1 1 1 1 2 2 1 3 1 1 1 2 3 2 2 2 2 3 2 3 3 3 1 3 3 2 1 1 1 1 1 3 2 2 1 1 1 3 2